1000000.000000
999798.861990
996460.983544
991664.357376
983740.454903
977576.055925
978465.738380
978721.758966
987394.811025
994349.612916
994003.834615
993488.150799
994555.691091
998351.768151
998175.094513
1000640.718528
1001628.617645
1005786.343917
1008761.352095
1022372.072379
1026930.241453
1037210.526871
1041375.478679
1050202.319870
1039877.712450
1039153.390385
1044117.688395
1048908.913188
1051624.147591
1053819.638311
1072433.846867
1080496.408837
1072288.467369
1074311.332928
1078533.461140
1079123.430191
1085975.600718
1079744.431500
1072822.001571
1077037.618027
1073527.778329
1069834.043552
1064889.804122
1060497.717502
1068079.326752
1078288.374434
1072111.507987
1070386.581844
1071094.823268
1072690.407855
1069500.758620
1060829.341687
1050131.378119
1046915.749620
1051047.742804
1052819.486938
1048125.314034
1049543.110926
1052775.793611
1053824.660286
1069647.953470
1072549.523889
1073084.535346
1078465.909304
1071235.372490
1079417.869613
1093127.241920
1092472.412998
1088570.113710
1085492.295108
1088111.381565
1087930.680234
1063286.295660
1049828.058891
1062145.931721
1067412.532153
1076097.934847
1082956.849568
1086650.464020
1083210.373322
1079886.204594
1061837.161782
1050795.096451
1053485.495134
1062865.396029
1051999.818715
1042600.563174
1040362.498820
1046870.452803
1047924.824702
1057086.984389
1051941.065532
1054412.278615
1061547.726213
1058231.256971
1054939.421744
1055029.149326
1064762.543705
1061748.193058
1062842.466297
1055513.154302
1058525.282669
1045445.047944
1045425.309788
1043622.487914
1043603.940342
1040952.470823
1036764.761182
1041441.871793
1037864.659703
1044605.985243
1047961.514824
1045646.324616
1051561.707151
1077043.819698
1083972.489305
1085547.787172
1085061.811075
1082008.498334
1085091.168248
1086097.961826
1086229.224786
1082195.026510
1085469.963000
1088132.997605
1102288.590745
1112768.233573
1133900.468173
1126946.484317
1122440.370719
1125845.771586
1140770.354490
1146173.636834
1145706.661244
1142801.693424
1145585.273846
1144027.734306
1140487.463447
1144805.584592
1141734.865666
1133893.184433
1136926.761344
1141678.185992
1144698.892741
1154627.328068
1152175.348665
1150349.618170
1145150.101915
1154998.506262
1132568.175602
1119025.583735
1123757.373737
1121486.164666
1129670.010693
1142863.668705
1133374.850694
1138315.568130
1153279.405387
1161432.426433
1159568.214793
1146015.234487
1155444.703413
1156779.423008
1160222.743361
1153232.744603
1167589.632110
1163387.974006
1164064.930909
1158326.678207
1166669.862316
1160184.731725
1165058.950572
1168015.693012
1175219.535056
1169444.463989
1174635.226071
1180020.895125
1191281.117992
1189647.101071
1189482.907166
1191866.813011
1187668.332964
1197657.370882
1200661.271384
1213001.866567
1199996.722630
1186945.302065
1189128.577041
1176935.318789
1179735.158279
1173621.716291
1158386.228818
1136787.633758
1129198.309528
1101419.294016
1091410.552324
1100677.493938
1104513.573956
1097072.577409
1111615.489646
1116378.920941
1106488.798538
1095304.917498
1088833.496422
1077988.108114
1088808.409006
1094129.539628
1092091.744861
1076429.553374
1077339.624715
1075125.754837
1075029.469519
1052098.025696
1052933.842464
1043528.295343
1034452.583222
1027498.390219
1038669.420730
1042479.552103
1050981.712152
1058626.986162
1069504.637017
1088023.704247
1098639.632067
1093950.333847
1089943.779959
1083845.377183
1070052.498147
1066874.665333
1065689.745262
1049699.079723
1054021.656066
1063200.417224
1063316.533764
1068816.433869
1081406.537652
1097557.827106
1087790.450344
1085460.845366
1089654.600355
1085331.649623
1107211.609046
1110206.737319
1108283.978793
1107595.407040
1109347.393334
1106989.813747
1106472.280955
1105680.536376
1109480.791270
1109893.371872
1104699.786481
1102622.988197
1105733.487853
1094915.500561
1104282.683128
1111050.132789
1110072.377297
1113266.361157
1103611.689559
1100179.771510
1097078.764718
1096438.813676
1108779.466024
1101701.291086
1102979.382245
1108948.818547
1093686.759905
1095606.798488
1103036.173999
1103715.209159
1121012.423098
1094068.460493
1092700.512468
1097332.412058
1107174.199831
1103962.905547
1098355.674880
1107939.154769
1107460.214439
1111524.898366
1128499.605907
1128608.487386
1114230.717425
1124658.658316
1127182.849577
1112648.085226
1111689.795613
1114156.337116
1121516.107650
1139767.695420
1141699.394081
1146641.122890
1154655.020390
1169374.328043
1162736.615670
1165840.751377
1173537.630753
1165434.635130
1157626.128323
1166553.183807
1170034.246168
1177490.046526
1184460.073095
1182475.120788
1169554.984983
1163445.036763
1164732.373741
1155280.140677
1160706.306343
1165059.142311
1155050.542351
1154353.938263
1145249.398091
1151755.292397
1146743.453475
1139062.904043
1129290.298903
1134202.838509
1118707.290644
1109122.444585
1107252.019043
1101761.142699
1096245.546687
1122874.383227
1116279.913718
1111891.447169
1108232.230284
1103374.150667
1125990.201049
1125998.415994
1125749.927377
1134931.192156
1131655.331965
1095376.751932
1098817.098391
1092103.263953
1067994.193232
1062061.775062
1067513.794112
1058798.189064
1067700.701381
1068354.595553
1076521.116230
1076353.306929
1069323.692713
1088101.278306
1083324.775361
1076721.223761
1071950.306435
1083888.036885
1076499.057981
1068186.452713
1081009.410652
1069944.876048
1087935.868013
1064409.211817
1021381.064742
1001604.081736
994353.731086
1000928.381723
995048.760826
990556.025231
979243.703995
987351.387293
986736.834563
988550.620951
996652.752621
1002647.886766
999355.768195
1015032.095871
1005396.969897
975191.146458
974382.957898
980667.003883
987995.851782
993289.741468
990710.659958
979334.317803
967184.478296
955517.177047
953043.312880
942891.866912
933166.728402
925662.976812
924146.245489
945176.286558
937040.266738
930733.373251
957653.306167
942666.261388
948803.954511
952816.657458
955681.757743
958150.535144
948128.321793
957930.795609
951756.058968
953193.870831
967387.577784
956027.112378
945587.609945
940016.064990
937106.562430
926507.150235
945726.874237
973079.250149
988101.634922
990019.542440
1006507.322727
1008765.057973
1016671.324475
1020548.135808
1011295.335112
1020386.688643
1018566.095803
1025381.735947
1033894.168531
1021142.508839
1015115.819622
1009302.207446
1026944.840419
1033532.021738
1051753.298030
1050798.392268
1045927.332023
1049221.025520
1055071.302243
1048521.267289
1053431.574520
1068043.772582
1086145.153941
1091970.765671
1091986.891303
1075375.835061
1069150.925657
1073784.145607
1074669.592159
1087633.973453
1099131.196202
1110273.016107
1103491.783835
1105763.506149
1113127.382532
1108663.121955
1108063.819424
1105340.588697
1106145.632108
1108517.075765
1112111.007269
1106191.392410
1118810.359494
1109442.739999
1104616.183691
1102010.795062
1069731.296187
1066484.967893
1068082.642689
1069243.979749
1066554.894384
1075095.445908
1087882.609811
1097581.484828
1101063.656906
1104501.862758
1106296.370900
1108460.816518
1094430.624569
1103259.046057
1093790.368447
1077495.094215
1082926.690206
1068957.300027
1067785.553828
1079294.336972
1096305.181859
1126891.153677
1135877.931793
1112496.462602
1110353.876636
1106050.823749
1100429.920461
1112403.259458
1105954.789132
1115337.799022
1115344.435293
1114670.871178
1111133.738777
1112130.505046
1104543.119537
1102262.488903
1126086.567195
1133462.967494
1141920.278940
1143725.308409
1143562.678667
1135698.564869
1134942.751372
1132189.358407
1133792.053322
1138549.327183
1141683.096480
1132813.324900
1151232.543130
1151968.368745
1152218.501851
1153880.516726
1145814.482679
1146533.658234
1149087.046041
1166086.893191
1148486.879425
1138658.313824
1152239.014044
1132758.058029
1099208.784044
1098233.463189
1099208.971444
1120372.133236
1113753.609105
1112002.836168
1098715.786318
1097949.488234
1107844.357781
1095362.615463
1106421.489787
1092353.265927
1083516.503546
1067896.183168
1072045.112064
1080596.187209
1080331.850217
1082408.659574
1089653.167273
1093121.692722
1093543.920212
1088751.697470
1112260.699064
1116513.046285
1097632.931222
1101354.735004
1105554.293209
1107132.851285
1104893.803339
1100959.876596
1088363.215208
1099591.041664
1106197.703861
1110390.754018
1115417.659775
1079746.551510
1076221.594707
1065286.488625
1066084.741107
1062007.139255
1058291.990970
1060414.040996
1052007.220586
1053369.161177
1065379.117691
1074953.952946
1073918.110935
1071740.495648
1080125.798672
1069011.929419
1082171.307917
1098308.565329
1102763.197757
1111797.534714
1116176.081744
1117787.179043
1118158.441146
1115291.732100
1110518.569817
1111505.915951
1115595.942463
1118339.159162
1108951.724117
1121920.833801
1124450.287712
1132724.730576
1126260.807269
1140229.641713
1130165.281063
1125640.563155
1109051.524301
1110570.096763
1104232.726363
1115284.233521
1112943.574938
1110486.251911
1111041.645536
1118225.875186
1125897.515889
1148435.888647
1158308.769582
1164327.512179
1171117.911283
1175250.958093
1177680.869220
1178292.453873
1179228.602431
1172825.953086
1166710.049796
1182295.605517
1197201.521216
1195043.406527
1196458.402320
1202802.384263
1207284.001113
1211043.804098
1218687.290629
1213122.289238
1214941.994424
1212365.818252
1212901.406763
1197988.681122
1191200.854444
1190759.338548
1160569.791843
1184267.291463
1191471.788625
1200037.954778
1193371.234072
1193576.119859
1196756.761923
1194334.295968
1181040.439788
1174389.115397
1166759.149517
1176516.062718
1175411.723645
1127078.349093
1110475.527129
1117518.555307
1086011.052931
1057381.638079
1070684.060004
1075752.051242
1098593.039318
1095382.922213
1051626.941249
966386.569111
960399.319671
859985.310793
899054.694200
845776.572522
873741.719574
841025.611510
842191.824193
840852.379904
819060.680534
903175.297505
924419.560204
949710.766262
901543.357802
921917.857509
952465.382042
946385.466322
958706.744013
987724.939144
980526.772736
996362.769160
962491.505166
963259.877814
979131.453545
978313.719600
947226.364810
971086.176584
982186.268181
974656.447048
984631.362503
1006566.485531
1030975.408126
1000509.620049
975631.910491
983959.756286
995017.308414
1002635.827365
982972.247041
960035.336848
971505.944599
997622.074588
985928.969171
1000495.757404
992687.227444
988528.132081
994218.038179
1014079.868292
1012245.482034
992430.662503
1009056.994606
1019820.820754
1039682.681841
1031407.206985
1058370.922618
1057798.962086
1034091.260521
1046957.301115
998269.104668
1003586.869310
995594.215094
1025928.742782
1024370.958083
1027851.521890
1033931.043515
1046005.315948
1015251.024080
1027897.928963
1017400.271386
1026587.172570
1035677.153667
1055892.161653
1041768.596740
1037956.276858
1014002.611670
1007705.848645
1012776.317490
1016960.071068
1016736.456985
1007232.114815
1002603.933326
997353.085600
1005356.763441
991335.467781
986750.501051
977549.692534
972954.706134
978865.937253
980234.803481
957311.473266
937527.756777
949365.987145
964297.705615
