1000000.000000
999798.861990
996460.983544
991664.357376
983740.454903
977576.055925
978465.738380
978721.758966
987394.811025
994349.612916
994003.834615
993488.150799
994555.691091
998351.768151
998175.094513
1000640.718528
1001628.617645
1005786.343917
1008761.352095
1022372.072379
1026930.241453
1037210.526871
1041375.478679
1050202.319870
1039877.712450
1039153.390385
1044117.688395
1048908.913188
1051624.147591
1053819.638311
1072433.846867
1078320.073559
1081016.608223
1082515.207784
1081609.902427
1084970.258037
1090901.898536
1094088.446193
1097252.909542
1090654.916465
1085543.463033
1089017.387373
1087309.593288
1080433.807600
1082495.713697
1091625.458889
1093042.867384
1096846.783422
1103441.912416
1103508.723370
1095081.909323
1093535.892549
1084459.174873
1080253.669861
1075744.110227
1074450.533891
1066941.439179
1069392.531803
1079249.818404
1088060.201021
1098429.154137
1102480.189580
1106748.117482
1109490.160122
1108514.664464
1115811.012476
1122880.501790
1120902.033700
1130850.930342
1127173.208282
1130596.566047
1122985.966563
1109940.235974
1099373.659934
1109908.801767
1114886.729120
1121023.550591
1126772.713598
1132040.200483
1131695.643387
1126547.299559
1108686.793794
1096535.689490
1106525.224082
1111927.889320
1100713.577392
1098297.194878
1093144.506946
1102812.320071
1110640.996878
1112887.125061
1112550.331889
1117811.932033
1123468.064747
1122001.254998
1117774.934731
1113889.399085
1117314.028125
1111460.347838
1120040.359583
1119203.614658
1122581.583127
1116881.260233
1118816.888705
1121092.231594
1119012.841893
1115904.001319
1110941.432819
1103257.029977
1098110.403099
1100480.025208
1100737.911629
1098383.809637
1103380.024877
1123040.986702
1131926.492854
1134888.671317
1139939.005319
1140298.059110
1145064.364256
1148254.368083
1151169.605936
1142658.373753
1132798.523129
1136368.489399
1142461.198522
1148244.271535
1171493.228561
1170385.496409
1172823.573529
1172925.850524
1168877.205008
1176598.652148
1175200.101460
1179690.738586
1179655.087366
1178353.684160
1180587.295711
1188549.517918
1184350.754149
1177252.645942
1187153.877545
1194191.784298
1196680.942217
1207670.257635
1210552.272648
1210678.302398
1208325.617125
1204986.303764
1185608.535002
1175033.834692
1169846.666614
1166855.973100
1174880.046920
1179980.460249
1175850.450355
1181172.988130
1197872.394306
1198753.422624
1198528.694146
1190075.303593
1193001.100675
1199583.752994
1202924.137916
1200367.963364
1207666.735646
1202815.984109
1193499.844386
1193485.756079
1195259.477457
1201587.344465
1208706.577099
1211739.297110
1220052.046104
1226855.498604
1230348.123944
1239881.857018
1247127.388446
1251393.406997
1257487.654782
1264058.223042
1263138.472703
1276339.310095
1286592.599841
1302982.171747
1293589.490739
1282118.525804
1288709.971566
1277625.995071
1285010.923285
1279705.466718
1267585.526294
1246491.885344
1232554.544326
1199623.891801
1185571.161389
1193393.527411
1208960.100297
1224030.519099
1237958.069728
1244129.027615
1230050.343633
1215634.367516
1204201.892089
1202479.133464
1212597.737873
1218535.609885
1228322.142008
1213123.428965
1207268.094564
1205533.066276
1200145.235684
1185674.751664
1189357.490487
1186714.351837
1172611.477616
1153601.251285
1158920.150482
1145946.903595
1134407.352836
1140804.272818
1154169.298964
1164430.428450
1187246.104989
1185253.137094
1184752.011610
1181483.068355
1166020.459501
1166458.268956
1170760.592411
1169395.391063
1165985.650717
1165535.617329
1167514.656847
1165771.699962
1178177.275084
1191526.596888
1193431.127853
1185875.188119
1193559.766291
1209035.555028
1224812.998356
1228099.477781
1225176.945211
1224357.638204
1216808.410156
1212231.301428
1209205.291203
1211322.776447
1218955.266913
1212408.716238
1210516.673462
1210104.463548
1211902.690068
1206228.817907
1208651.429789
1215077.384522
1220382.106229
1231205.270348
1226265.458286
1234786.377111
1233500.983944
1229994.085409
1241518.235038
1248132.664027
1250846.808201
1257806.753046
1254240.305719
1245510.834072
1253703.459364
1244411.385483
1245296.419048
1221229.618927
1222535.984955
1219344.997229
1225456.590871
1227488.071678
1215099.609705
1209382.781809
1209696.552464
1217418.078334
1237597.799304
1240534.137860
1231351.807277
1244591.389213
1246284.900507
1230930.586728
1237623.660988
1238071.320328
1240581.852788
1255221.471169
1255053.116658
1259324.035397
1269525.155275
1275690.583206
1269299.126480
1269742.740122
1278487.866793
1274325.611247
1287540.584190
1293698.607208
1297792.862741
1325035.679637
1327008.092696
1326424.718244
1317596.420661
1311582.956157
1313138.114729
1296666.933306
1285004.504369
1294635.783097
1299682.470029
1303083.739700
1304509.213986
1311461.688748
1310202.731596
1302816.596395
1295591.208433
1296151.294053
1276703.342052
1267849.226468
1262381.419717
1267365.396473
1259584.263059
1273763.965631
1281567.726415
1272191.813357
1268359.284488
1277711.755176
1295378.183265
1299747.032562
1308492.438327
1316502.718681
1300350.350242
1248096.725810
1256674.388982
1243541.067425
1211160.056989
1222838.574719
1221031.269500
1235772.419227
1236634.900621
1222962.784579
1234454.497620
1237627.093127
1223744.535119
1250318.433726
1240226.433468
1233228.461970
1236510.475121
1256605.621803
1260226.064721
1261183.781748
1257471.618079
1255597.463815
1271397.511625
1250055.498853
1215568.524483
1214849.887055
1206303.237825
1217108.226119
1207384.544000
1197858.939937
1187123.301344
1183472.117674
1188996.051898
1189673.398053
1208128.520985
1206855.727826
1213309.682552
1233769.361084
1221745.649454
1199891.002893
1191669.195187
1194291.344644
1198850.645471
1205759.969149
1209189.895743
1193946.431723
1178607.610326
1170737.997847
1157684.932161
1138516.467669
1123473.489460
1110004.674170
1119932.252120
1140847.883837
1129675.249501
1116860.034425
1148238.778754
1152401.052987
1156532.882649
1162532.334394
1167682.904406
1170540.803974
1155660.985850
1173532.843021
1171984.305197
1173788.011259
1172580.686586
1159534.306921
1150275.106885
1155829.457245
1161565.654176
1147156.656263
1155729.326151
1180094.512901
1196690.349093
1197574.075725
1208703.606508
1212989.677795
1216740.137766
1215144.463975
1210265.222869
1215550.032238
1205558.097810
1215176.341557
1236930.995659
1224497.513738
1230084.239355
1228264.404877
1236923.344230
1235809.506890
1242690.351885
1236573.038290
1232569.316223
1245099.626335
1248647.851473
1253467.529563
1256431.990418
1261683.390440
1272476.959921
1276808.133272
1283309.781649
1269312.815838
1253399.229472
1262269.504169
1268137.255544
1278434.515408
1306132.503165
1313744.103193
1316090.801241
1306673.386551
1317734.598724
1314199.328919
1314669.856490
1306095.939912
1305643.341704
1308029.728529
1325933.795762
1322006.835240
1327454.711100
1321593.268989
1306307.342313
1297467.027523
1272629.382125
1263810.615152
1253757.674333
1257290.971647
1236615.326061
1242785.929106
1256169.811764
1262618.754041
1248736.898461
1248185.680706
1250310.723272
1242112.029616
1232540.603536
1235741.480523
1234580.570534
1225513.689119
1228330.677947
1216564.669264
1209489.696416
1225460.160298
1235850.019268
1266816.878525
1280655.235900
1262900.418033
1266054.169625
1262124.510368
1265914.297520
1277065.929817
1278150.672114
1289127.282321
1286649.853043
1287792.400043
1277191.831521
1278638.631509
1282196.535905
1279152.423340
1300931.239977
1303225.891228
1311980.909632
1308906.723217
1298901.074162
1295646.555289
1300831.270918
1301964.492293
1309377.087783
1316246.397455
1317680.642270
1313829.451450
1316068.021552
1318360.761927
1319854.030176
1324906.119616
1323428.946880
1305723.678057
1312594.118840
1324758.787353
1321845.679552
1313947.109188
1311946.858524
1296159.279323
1264491.360941
1263619.413630
1264725.613765
1285065.702392
1276878.227064
1280130.459288
1262743.720063
1268882.992066
1285920.679651
1277617.808589
1280829.548348
1273846.640201
1262183.801168
1255750.766840
1257468.601079
1265553.984164
1271313.527476
1270385.805806
1277476.759553
1289578.413070
1291156.388047
1291089.474653
1310485.007056
1314502.606251
1302857.121253
1300293.368938
1301436.630061
1298566.925433
1297836.852224
1296200.541919
1279690.422766
1289854.188457
1303075.520836
1300874.758512
1302817.009550
1288517.918068
1285641.644018
1288433.509653
1298033.715022
1301000.004110
1300860.255326
1309057.394050
1297543.945643
1302251.787434
1307826.035632
1339434.979736
1355227.157747
1347182.781201
1351971.127098
1347737.829709
1357571.282803
1372339.779846
1375460.583159
1383602.279390
1389952.350116
1386503.745197
1383007.372420
1381767.142396
1382096.509150
1380924.625645
1385630.509912
1389592.247411
1378819.580627
1384751.730990
1374874.412548
1389329.767654
1381638.149969
1392604.818474
1381629.174017
1376586.952852
1369901.994125
1372450.873306
1369999.417001
1380812.019799
1378351.281412
1379237.809098
1384241.177572
1391876.621090
1403598.023451
1427644.853842
1434151.257273
1442753.038520
1453958.348832
1457280.722010
1460290.438172
1461726.153941
1469180.312768
1458613.549142
1454028.544307
1474758.174822
1487032.178666
1492216.637400
1498797.090259
1508443.434517
1511691.315600
1512472.677638
1534811.218542
1532561.486185
1523927.996847
1522250.640400
1524458.260886
1524667.661275
1526680.953248
1520530.059592
1535955.668873
1579490.199188
1560352.761256
1572861.675951
1568353.140507
1577563.622856
1587935.898202
1589966.428183
1588036.110839
1588816.532702
1598386.215337
1620543.357802
1617292.432218
1552444.087691
1527311.084630
1528537.600951
1480847.886730
1449738.141702
1486310.195883
1488406.829317
1514105.429556
1508967.996048
1469855.937070
1371982.424646
1376038.650473
1271122.801405
1304300.453058
1217029.707573
1237353.782278
1190539.895590
1207354.002819
1217628.378786
1180863.407748
1267073.856881
1297134.650518
1319287.628183
1284920.414585
1290141.780034
1317374.611935
1279904.896405
1277558.315159
1339793.362617
1335633.465728
1356643.748165
1389541.280478
1401020.282416
1422380.808000
1423315.922694
1375767.233060
1409772.790422
1419784.804965
1414245.242164
1442416.907229
1445846.630418
1481562.256061
1476712.631774
1449818.200298
1455126.171811
1479397.362758
1476666.224752
1465726.079856
1449309.058596
1456913.309949
1476608.750925
1469628.245165
1485718.324975
1481351.829068
1469198.231511
1468101.553587
1486331.255740
1487897.339833
1484551.836997
1517569.396122
1525496.205492
1540471.402019
1531624.620897
1554624.212281
1568759.911664
1557211.596458
1582187.971218
1526772.753960
1524010.018780
1523580.525290
1547606.761995
1551420.406197
1555562.743100
1565735.098839
1576407.513129
1547631.461218
1558778.954165
1567697.445819
1592671.285797
1625693.911820
1709802.689820
1703800.868813
1698491.334858
1692522.371093
1697424.105368
1692874.289290
1690221.312254
1687842.693543
1671406.439326
1673192.068648
1707208.308158
1703253.979317
1695553.142603
1678994.732141
1655081.840202
1666787.939894
1665328.893936
1673561.156644
1655707.535012
1641258.757433
1651817.863041
1678749.159896
