1000000.000000
999798.861990
996460.983544
991664.357376
983740.454903
977576.055925
978465.738380
978721.758966
987394.811025
994349.612916
994003.834615
993488.150799
994555.691091
998351.768151
998175.094513
1000640.718528
1001628.617645
1005786.343917
1008761.352095
1022372.072379
1026930.241453
1037210.526871
1041375.478679
1050202.319870
1039877.712450
1039153.390385
1044117.688395
1048908.913188
1051624.147591
1053819.638311
1072433.846867
1077709.402131
1079548.718533
1083045.910493
1080897.850306
1082124.512399
1086281.464974
1089458.455035
1090806.814903
1087394.594822
1084139.708720
1084828.006324
1083785.951518
1078232.683432
1078803.666059
1087143.413105
1087928.989363
1091000.609067
1095526.597277
1095215.409160
1087618.023856
1085801.400137
1080181.396004
1075936.045383
1075050.809254
1077501.720794
1074853.820872
1075698.725446
1085748.905860
1092454.721595
1101812.942803
1107461.118286
1111460.120095
1117225.172290
1115546.500502
1121102.946802
1124695.077469
1123780.293164
1130559.190184
1130452.588803
1132557.432395
1125649.922360
1121312.062555
1122016.106782
1128516.352839
1130953.856031
1129329.696767
1133387.205902
1138202.845000
1136407.137369
1132185.240074
1117942.354166
1104454.078923
1113438.896592
1117623.350422
1113331.543063
1106248.162141
1098746.744359
1106535.734050
1115043.882359
1115850.968112
1118540.630874
1123453.269434
1126410.720102
1126294.867218
1121638.552534
1117786.192222
1118671.185698
1112346.484979
1117648.098040
1119681.558383
1122735.285979
1119160.910174
1119638.457341
1123918.623821
1123994.338617
1122065.691839
1118178.146771
1110725.070945
1108650.442184
1110877.982705
1107859.934960
1107399.710974
1110887.041683
1130013.885023
1135756.609847
1136817.801699
1141050.495693
1143440.611119
1149983.146717
1150112.877641
1150895.141638
1147070.827127
1142945.670277
1148007.673994
1167942.797180
1171708.391441
1188477.869169
1188406.070072
1188902.673765
1195523.313282
1195513.707722
1202258.048313
1204213.952481
1206027.730337
1204119.365457
1204869.908981
1212063.990137
1214145.467662
1210976.517596
1203263.080004
1213704.520281
1217169.710739
1216889.085540
1223834.183045
1227318.143054
1228937.350058
1226328.407455
1225774.719658
1211556.988262
1201277.929571
1193352.130098
1192816.503981
1198765.315588
1197320.821296
1197457.111953
1203645.414225
1216765.662524
1216056.635410
1214535.267219
1209365.716401
1211984.050970
1219473.433265
1222282.120263
1223548.612894
1228340.333704
1227921.505383
1220691.327926
1222958.808146
1223782.941625
1226805.601861
1235686.235937
1242152.400999
1247391.730300
1253297.060963
1256947.214458
1265332.292341
1270076.524599
1276873.736641
1281405.250813
1290560.021914
1289630.002514
1300063.030550
1307136.198612
1324998.972525
1320901.238647
1312691.861496
1316220.894142
1304732.804068
1307433.874595
1299470.467147
1286157.758818
1269256.437307
1250868.392971
1234042.666582
1220140.358100
1225179.432780
1235403.208168
1248618.003560
1258234.017953
1263689.206280
1253764.695827
1244336.396392
1234741.570196
1224135.792770
1236812.942388
1240931.027718
1249666.530085
1238645.332075
1235536.202219
1233406.134893
1229910.251377
1218037.816539
1222885.875799
1221152.712041
1206559.585096
1188145.064578
1197468.445347
1193738.841895
1181350.578022
1182595.994705
1189509.441572
1201543.072497
1222680.767045
1221881.448915
1224845.050675
1221662.913429
1209508.662648
1212592.953172
1217593.970483
1220685.360688
1217524.956148
1217762.749151
1221367.149519
1214638.640366
1221235.649131
1233579.713803
1233240.111817
1231038.173609
1237145.949554
1258223.794042
1269771.901220
1274051.544617
1275532.563033
1279172.695822
1273543.549111
1266981.290460
1265409.008217
1269433.595450
1276509.012655
1276196.158877
1271134.949404
1272235.402842
1271503.262416
1265876.118478
1266774.118687
1275230.423616
1279561.580341
1288795.849435
1285297.721338
1290414.531169
1293879.330674
1291182.556960
1295709.491428
1303495.975402
1304467.192905
1309456.823448
1305364.653977
1293210.824356
1298980.710539
1290894.712806
1295288.176447
1274516.109404
1275487.030899
1269593.368926
1271725.370354
1279195.430490
1270208.933202
1267426.592981
1264907.802881
1272243.953889
1290499.272288
1295908.979448
1286160.021770
1299640.008454
1300635.503261
1287703.893169
1292792.304366
1290743.319216
1293233.584763
1306916.753801
1313284.779955
1318621.590224
1325027.428681
1328709.759539
1328007.190080
1331190.234866
1339485.868612
1332616.541710
1333314.553237
1340543.233854
1347488.627823
1366585.425499
1371412.352710
1376925.186489
1365975.374375
1358940.555431
1363632.609514
1352015.091971
1349109.966848
1356283.578602
1360964.192105
1366130.034797
1368756.864736
1381982.819147
1382393.519058
1378159.955606
1371819.584640
1371653.399490
1354091.625368
1345713.534371
1344948.122806
1342334.665922
1338316.310344
1345245.408879
1356403.081447
1346212.161094
1345186.410659
1352839.109211
1365278.368834
1373179.164999
1378010.321630
1383371.713106
1379850.509683
1334512.076688
1339864.547797
1330163.354546
1293597.669571
1310249.369951
1307885.960192
1324498.846273
1323421.113024
1310998.440026
1320646.411032
1304198.698108
1290868.439665
1303881.322079
1290535.694963
1297461.477245
1301545.108880
1325998.508637
1323713.752451
1326960.699894
1325216.119823
1322862.961786
1334826.742063
1318418.294152
1298386.186540
1302578.479522
1293558.126494
1305965.478495
1297059.007186
1287536.485728
1274732.921696
1271728.869818
1274226.003842
1275907.246872
1294357.598431
1294244.821207
1300282.771705
1318116.538942
1308982.912786
1281117.455467
1278369.034488
1275499.744759
1280497.939770
1289675.616354
1296043.401892
1286537.425752
1276255.971598
1270157.096606
1262512.553950
1245974.111575
1228600.995545
1219336.932909
1227199.112593
1243925.094395
1241684.936541
1229146.044849
1253672.502606
1258859.782853
1263690.837755
1271553.108632
1275292.721932
1276124.101078
1266037.147476
1285382.516586
1284840.711677
1282751.562642
1291195.194861
1279432.930302
1271087.704511
1277301.186151
1280314.857730
1262218.595568
1266011.760868
1285594.664742
1304366.287321
1304299.577976
1316978.696954
1318663.734448
1319867.557760
1317044.672174
1312648.151879
1318960.536870
1312089.926566
1320288.894943
1341703.302832
1328183.229852
1330053.170792
1329789.240567
1341760.091085
1343590.499620
1346495.495489
1338930.930628
1329966.763150
1344973.808664
1350328.114875
1358538.454208
1360348.114386
1366899.583349
1378024.703778
1382692.736011
1387756.934983
1379521.652879
1362810.983781
1371144.357477
1374880.539111
1385804.048855
1414069.673145
1420324.329086
1420340.688619
1416857.440128
1428375.664942
1425967.153187
1427098.713170
1419928.550693
1420395.242503
1417143.978581
1434481.999301
1431608.056398
1439355.248135
1437159.759424
1425185.241940
1421314.841249
1390155.020920
1381432.089714
1370934.209262
1378774.481712
1361706.209578
1368510.138119
1380021.744906
1389435.879148
1381734.201408
1387890.564716
1387681.132124
1384240.045035
1373113.156308
1381755.119159
1385833.878585
1376219.828245
1380451.135209
1370950.572754
1369906.283816
1376026.926998
1379278.632957
1406019.312046
1418429.759062
1407179.846953
1410038.034351
1405661.242727
1405671.563585
1418433.579331
1420879.706104
1437078.026978
1433277.998596
1434367.171835
1427139.479216
1430077.632194
1433296.180341
1430101.885304
1447394.125781
1450359.342720
1451592.980017
1448575.935327
1432870.844426
1432896.120627
1435899.810302
1439854.117573
1444500.522105
1452170.973352
1455359.911378
1453394.226511
1446480.600753
1444503.453208
1446163.843439
1449935.042105
1448095.659240
1442306.121151
1449450.101353
1460530.367027
1456647.563857
1449205.698587
1434638.665661
1417996.469464
1388684.635283
1387416.590770
1386538.738299
1407647.499486
1402777.891463
1406892.150091
1397736.921430
1401473.021972
1417460.233917
1412244.594887
1415542.682359
1407422.953572
1399976.815637
1400461.737343
1402226.031388
1406540.296566
1413064.533121
1407124.434183
1417693.492265
1426056.177246
1428109.635941
1428857.057230
1437390.093754
1441106.384769
1439722.940555
1433243.379261
1437235.531749
1431036.528980
1446080.881205
1448606.570594
1442070.841187
1441205.201580
1450924.362313
1449507.874424
1448499.716345
1434999.636973
1431634.410199
1441520.380825
1445636.569766
1449195.942912
1445935.267576
1456483.392212
1447043.098664
1442920.526923
1450415.769604
1464282.760223
1480298.361174
1480044.108509
1486026.278216
1485733.925044
1494574.838503
1509804.871279
1511442.788232
1516902.272527
1520676.983438
1516135.142347
1510047.778570
1506179.243976
1506766.674170
1509037.020060
1513817.776341
1517014.540771
1509864.074900
1512769.261416
1504701.248435
1519483.422072
1515093.092622
1522818.694700
1510053.848895
1503879.337069
1496112.349830
1503395.507669
1502216.694659
1510084.130733
1507186.100604
1507641.471156
1511769.652281
1516458.065073
1528034.678439
1541510.987010
1552513.470574
1555454.643435
1564142.590199
1567212.531794
1566520.454357
1566904.102648
1574861.716994
1567169.066840
1562201.888940
1577089.711885
1581650.098261
1580559.570030
1579799.574196
1583901.246582
1594016.568289
1596116.348668
1614529.929215
1609806.705529
1603541.889686
1603857.570644
1606880.507217
1598082.589111
1596238.228778
1592357.992989
1561340.204364
1596125.423464
1593187.142377
1602383.461111
1599359.336601
1603643.459615
1613700.854561
1621814.761570
1616835.963519
1617445.814445
1621115.219474
1638686.060675
1637351.427010
1582397.721816
1562725.001091
1564809.925894
1529898.714792
1493358.392929
1524809.614806
1524484.847665
1544804.634016
1539486.019457
1500032.460735
1406385.429809
1411177.047697
1308660.224373
1348114.452115
1261867.959905
1275154.040387
1229725.788952
1233666.701421
1256942.209749
1207166.609745
1292684.043255
1327887.888695
1350500.771508
1322658.186559
1322426.145700
1351686.539486
1310516.898208
1302321.801102
1371527.389981
1364848.908881
1382059.000092
1388099.143401
1397734.871169
1423597.888114
1421245.099934
1379458.925608
1413396.502283
1428319.651959
1415118.989183
1436603.054069
1437909.404362
1468397.224128
1464798.038778
1431971.403902
1437198.548730
1452255.074252
1446313.681547
1445530.270394
1421604.339085
1427169.451658
1440826.011244
1434473.964672
1448900.283291
1440413.160643
1429843.445035
1427848.630967
1448562.955431
1452589.393844
1450119.976869
1478272.240546
1490109.621162
1505048.644502
1499295.237738
1525228.174118
1535591.415961
1525387.551692
1538583.400177
1489635.112616
1492248.266863
1483817.719039
1504803.725354
1507295.600497
1515533.294963
1530826.933717
1546184.152823
1518027.031325
1523742.192416
1525985.456006
1546173.823103
1571506.414841
1632581.176058
1634557.491058
1630210.783627
1630278.917333
1627025.267229
1629696.819275
1623367.233225
1627238.423956
1622804.130689
1628360.944028
1653703.769409
1659253.370854
1651045.960784
1640114.905761
1621673.245918
1623760.053391
1625782.613157
1629922.636684
1612380.414804
1609017.274025
1618980.754525
1641034.861517
