1000000.000000
999894.526357
996558.109752
991762.909770
983840.513593
977677.524803
978569.165994
978827.077137
987503.552404
994461.282745
994117.509344
993603.439280
994673.567321
998471.880949
998297.416844
1000765.627167
1001755.557196
1005915.730148
1008892.995819
1022506.825553
1027067.607440
1037350.727413
1041518.506456
1050348.783422
1040024.221533
1039301.853892
1044268.915572
1049062.732873
1051780.417746
1053978.662853
1072598.275972
1077731.611319
1081935.539274
1083740.510216
1084154.777912
1084719.850352
1091523.387236
1089739.328850
1084124.276828
1086690.756158
1083149.104715
1083073.440562
1081331.313613
1075216.495032
1078012.412869
1086129.876047
1085215.316893
1084703.687888
1090329.148153
1090317.147194
1085143.890422
1079457.341198
1070037.060949
1067085.557336
1067777.308676
1067098.669134
1062014.435901
1063559.360082
1070077.334404
1074191.299246
1084337.643594
1088819.367811
1090326.412435
1094619.812815
1092305.811853
1099295.735227
1106613.471676
1104422.504872
1107190.561619
1107124.746623
1107190.025598
1101892.203260
1091828.808409
1089491.775693
1096043.461208
1098812.951056
1103121.134193
1108914.447945
1111844.303394
1112206.842687
1106665.602485
1091889.595374
1082120.581929
1086821.303695
1095079.289650
1089012.696009
1086803.492185
1083151.686855
1091296.484898
1096916.891938
1099088.230486
1097452.378445
1101713.066700
1106884.233696
1103846.362689
1101902.383198
1099024.855908
1103411.350312
1098069.076553
1102098.376553
1100288.506916
1103070.064787
1096950.796859
1093393.740629
1095200.511150
1094478.389965
1092253.957929
1089618.979933
1086049.743920
1085762.024314
1087860.863357
1085039.629723
1083256.900013
1086412.450377
1104358.086676
1107812.761880
1110178.124498
1117497.406287
1116933.569355
1121280.127369
1122628.021187
1125302.995196
1117750.457449
1113131.870801
1117061.266566
1125701.352363
1125966.675061
1137677.725402
1138878.890479
1139124.693362
1141609.457592
1146454.444877
1150615.744311
1152176.941028
1150808.422285
1152571.107498
1152301.798713
1150036.447637
1155716.765111
1151744.553483
1143797.375843
1149082.395626
1152338.695743
1154257.412218
1160309.860064
1160986.999633
1160721.070810
1159821.285036
1165742.460884
1150038.186519
1137779.487793
1135351.125102
1134331.462615
1139193.072322
1141608.893331
1137651.653357
1144598.863977
1157298.906491
1159895.927031
1158299.245707
1147469.527143
1152938.981759
1156806.351773
1160122.053480
1157808.132897
1165339.262043
1162810.203237
1157936.788614
1156354.554551
1162052.859420
1159774.294851
1166027.046387
1170025.760492
1177193.747647
1178319.869275
1179425.754700
1182965.334929
1187504.123594
1192634.106984
1196986.042918
1204417.243220
1203200.981325
1214039.486077
1220692.719810
1233085.046931
1225545.375642
1215238.311466
1220002.775083
1209285.769449
1211051.399877
1205660.662152
1195954.314996
1178955.017854
1162731.076799
1143867.196115
1130540.435740
1137792.021631
1141187.632901
1148104.326500
1158324.584039
1164867.112990
1155978.375374
1147126.889124
1140252.230498
1133999.278736
1145624.141634
1148007.119108
1152973.746107
1137468.100046
1133188.781451
1128753.606419
1127975.792937
1116840.242361
1118419.287139
1115638.439272
1105188.477942
1096242.987867
1102200.222269
1107349.865788
1108655.995064
1111088.381237
1121998.363305
1138396.693298
1155324.243257
1154502.002155
1153770.804392
1151251.982959
1141429.569920
1142044.936467
1148028.984337
1144067.786896
1146282.024476
1149657.635102
1155880.480559
1150191.079551
1157949.557896
1171735.054530
1167941.560223
1164196.543044
1171524.382769
1183019.062224
1196779.869903
1198669.380145
1198765.113271
1199605.987482
1197557.600725
1193621.281441
1194365.644190
1196838.651341
1205462.632306
1203618.742739
1198088.976194
1196903.475093
1196494.433264
1190382.939771
1195988.638221
1199802.403095
1201952.858943
1206593.064985
1201150.109913
1203432.322355
1205433.201839
1204945.798030
1212591.801480
1216553.431185
1218071.697164
1221512.503278
1214061.860836
1209507.957276
1213764.120040
1209099.174236
1216927.821195
1196066.469857
1198509.526412
1200154.114031
1201114.295638
1206166.611173
1196608.217012
1199850.191651
1198678.333685
1205266.268893
1219495.963171
1223513.432446
1215967.988579
1227011.330908
1228852.557242
1212980.214182
1217981.349193
1217305.802561
1222596.564301
1235762.628118
1240552.593785
1240487.401694
1245724.583160
1247786.795137
1246932.080278
1253065.767991
1261500.147525
1256234.009404
1254461.866117
1263633.788446
1270948.553176
1287187.168887
1292303.538475
1291614.737657
1280473.447070
1272953.167917
1275255.450888
1270935.751025
1271570.566942
1278269.149768
1277905.341650
1281281.840646
1282591.187637
1290755.768193
1287781.125337
1284243.140724
1275245.329613
1273706.134052
1256599.637431
1248268.573824
1246819.463810
1245627.990407
1240546.262885
1253657.078280
1257095.959397
1251556.071993
1250829.913175
1252861.761270
1273619.637895
1278258.016789
1280039.321647
1285615.886044
1277976.201081
1236904.163369
1242726.683860
1237156.956556
1208011.727981
1211921.239806
1216281.203818
1228239.239565
1227742.031551
1229666.228660
1235012.342068
1229927.324611
1225612.600217
1238177.708137
1229908.388327
1236765.200890
1239511.216905
1252802.002531
1246724.788613
1242838.057415
1249410.696608
1246268.266139
1259596.630268
1249732.897647
1230773.656933
1226560.428845
1217084.521873
1227983.657957
1230019.833710
1227617.254414
1215250.896542
1214470.699038
1213504.331461
1215449.194410
1229244.331736
1231693.043207
1234464.892410
1238349.684332
1235858.757635
1202964.583401
1206175.675856
1208415.964939
1215949.833955
1222134.099967
1224093.757553
1215065.679192
1203850.135659
1193741.566300
1195359.910111
1181051.970274
1170241.098277
1159627.648885
1161815.699290
1178150.778023
1172219.480497
1163936.750489
1184558.581158
1182802.784795
1187172.471265
1194318.673227
1196552.854144
1193940.126072
1179510.548549
1195404.893562
1189435.483461
1189101.322177
1195693.999085
1186680.142201
1177002.072553
1176812.625525
1175832.309409
1166558.957769
1177512.605479
1198305.029350
1209777.770214
1213288.141868
1233069.142309
1234162.640326
1236027.142020
1236058.842272
1228757.423937
1234397.999354
1230524.964673
1235806.502036
1251569.783515
1241095.313443
1238950.101571
1235507.419059
1243296.731699
1246016.967901
1253164.062180
1251262.720909
1246535.539373
1252695.694598
1258454.599670
1261431.502011
1264851.674694
1272218.809981
1283407.486278
1284978.102143
1288618.033259
1281310.504062
1270048.347943
1278463.772060
1280590.021955
1292412.208992
1308694.766966
1317762.492276
1315280.371732
1309280.877084
1318605.984622
1316796.131559
1314747.730351
1308867.073763
1307367.353669
1310935.934208
1322478.254464
1321200.493020
1329222.351558
1324406.801752
1319876.835902
1318191.340729
1289467.946837
1285784.762949
1281634.429203
1285167.899853
1276279.787716
1283062.852422
1293409.539652
1303283.637953
1301221.297212
1307883.066058
1306017.012550
1306723.899811
1297207.646260
1305416.247139
1302699.326188
1293441.185788
1299657.627779
1291893.594404
1294517.180087
1298156.982500
1310079.435772
1336030.384382
1345209.724408
1334662.276023
1334846.591268
1332902.958630
1332234.731004
1341874.366500
1342393.591170
1354377.537021
1349827.092168
1353882.905678
1348249.225221
1346950.808859
1345621.991529
1341760.687252
1358513.090869
1365687.517097
1372759.542215
1368718.397362
1359754.243344
1356505.156777
1357969.686382
1357254.495581
1359720.553457
1365269.355433
1368478.297918
1364197.893399
1361699.193363
1362179.516172
1364854.921918
1367323.456389
1364640.398013
1358436.740822
1361764.761243
1379234.519747
1375882.610427
1366827.816449
1361233.829327
1345972.165524
1320826.627049
1316937.497659
1317845.605111
1336798.406019
1334111.823914
1337031.817121
1325984.060090
1324454.864018
1337025.529852
1330620.398329
1336424.212221
1325522.640403
1320393.606374
1320170.127040
1322682.098990
1327048.907111
1331615.864423
1332121.239599
1338529.930358
1336156.055231
1337175.085373
1331917.210864
1339131.287463
1342634.811240
1334538.609106
1334051.655135
1336795.046562
1334520.044855
1342651.844312
1347069.674102
1338876.085985
1340012.148361
1353548.573667
1355188.417980
1355984.218471
1336141.498021
1331428.333187
1325824.098755
1331862.469202
1327973.026784
1325770.243209
1334719.581812
1326945.797942
1330794.509774
1339843.029829
1360355.059501
1370202.780110
1375521.182207
1386061.232701
1378058.656846
1383269.072430
1392814.343858
1394748.381540
1401518.247368
1403673.043700
1403025.169206
1398190.007540
1401529.932276
1396696.332526
1398415.064897
1400754.256174
1402046.511986
1392733.251464
1398179.234821
1393721.180359
1404012.695504
1400638.501215
1408664.603339
1400306.121848
1394830.549278
1385784.523324
1390050.001051
1387753.237736
1397158.724666
1392936.737437
1393365.909073
1395797.949196
1399721.753707
1407987.993017
1428038.613661
1430678.725383
1435022.277814
1446580.791207
1449521.747193
1452730.329697
1453268.482317
1457250.014892
1447812.175081
1440805.945627
1454642.257659
1465670.455401
1463454.325725
1462168.976072
1469983.299906
1475583.173265
1477145.993043
1489886.435842
1487255.103602
1487422.891406
1485537.202880
1489715.236843
1481760.275855
1478672.333209
1475741.818969
1461059.913165
1491789.451088
1483668.540593
1488654.124939
1483879.848783
1487793.761321
1489231.797963
1492648.715418
1484261.786465
1480264.938837
1484820.198696
1496209.817527
1490345.188832
1440920.101658
1423331.157601
1425744.010391
1393839.527881
1354085.501049
1388236.711237
1390782.180191
1412186.195662
1407824.931821
1366709.524737
1273829.960996
1272910.253456
1169975.231164
1200257.336107
1130110.023583
1155740.458034
1111010.804604
1120637.490502
1135700.984370
1093776.151065
1172708.459000
1210801.342176
1230392.417362
1193983.255534
1204600.519013
1237003.126888
1212339.368803
1212168.201809
1267210.308999
1254677.833612
1275734.838738
1270285.003573
1279624.520004
1305180.270560
1304065.626391
1267622.688708
1297342.614196
1309439.374591
1296707.676211
1314044.359476
1320745.248839
1345991.708269
1332246.547901
1306076.738755
1309339.882934
1322132.769798
1323932.601570
1318062.152577
1287729.822226
1294442.928771
1315003.266933
1303431.686231
1318695.814757
1311043.225607
1303506.732027
1300714.033519
1321172.129881
1328952.145503
1318851.986828
1341434.208725
1351746.455007
1369984.950078
1364067.856375
1384436.088643
1394420.561858
1378768.724061
1394097.569018
1349407.293026
1349296.121390
1342862.427416
1368345.175907
1372072.919542
1376789.399995
1386459.679025
1399553.861131
1369374.647720
1380582.723371
1374568.543722
1390018.388311
1408609.457351
1451159.659567
1441961.792692
1436653.903204
1425410.627415
1422216.438050
1427433.866425
1425874.793248
1433193.298962
1421953.771799
1425989.623744
1437801.849613
1440787.910258
1429953.375072
1428492.057683
1411864.172200
1413763.120818
1419065.984350
1416847.147447
1393737.366784
1383435.834304
1403455.869273
1419726.657943
