1000000.000000
999798.861990
996460.983544
991664.357376
983740.454903
977576.055925
978465.738380
978721.758966
987394.811025
994349.612916
994003.834615
993488.150799
994555.691091
998351.768151
998175.094513
1000640.718528
1001628.617645
1005786.343917
1008761.352095
1022372.072379
1026930.241453
1037210.526871
1041375.478679
1050202.319870
1039877.712450
1039153.390385
1044117.688395
1048908.913188
1051624.147591
1053819.638311
1072433.846867
1073406.702773
1070761.487863
1075610.616866
1075931.223540
1076027.744511
1080905.105711
1085938.528147
1084973.233975
1078118.197620
1070946.581979
1071006.726223
1069462.369813
1062133.056234
1063710.813356
1075535.691547
1076051.938491
1082967.862509
1085639.301953
1085696.514799
1077982.406815
1074441.012064
1070581.034826
1067383.959635
1064088.579847
1074665.065456
1075546.759504
1080680.190814
1092259.272791
1099333.102845
1103472.692118
1115636.158898
1122638.194990
1130127.443423
1127457.536447
1136061.420385
1136563.020661
1137293.598092
1150591.452074
1150660.688618
1151101.971794
1145236.359208
1141605.612733
1143381.800690
1152005.871507
1158620.721506
1149182.357265
1148578.501083
1155313.609152
1152797.884499
1150823.171427
1134104.803487
1121074.107917
1130126.086467
1135272.986672
1126317.601896
1131056.169458
1127220.342648
1135539.272755
1140642.626912
1136732.387709
1144164.443068
1149210.659903
1153096.411834
1153965.531063
1153320.556644
1148874.339319
1147317.062260
1142338.508382
1145724.757283
1152440.993504
1157602.354915
1150388.613715
1147590.914756
1148979.264536
1147725.278491
1145803.113127
1143041.022115
1134015.963225
1131897.837404
1131772.693459
1128290.917627
1129035.389819
1129687.815187
1153682.734706
1158491.439734
1161367.591579
1171594.476502
1174767.135735
1182854.082314
1183962.006334
1188182.742981
1185036.260818
1182554.315252
1189778.622195
1220647.430829
1229714.310717
1261752.036702
1263432.910950
1262087.260658
1267959.514991
1267591.327719
1280669.113068
1285372.267490
1281602.834658
1280467.260272
1286752.647372
1301807.969751
1304665.162351
1299503.185819
1290199.795129
1310146.874615
1313186.405248
1312040.564724
1323471.311538
1327444.004244
1323732.063325
1321895.981183
1321743.422979
1307855.223239
1297209.499117
1283024.944762
1282928.204770
1292883.549303
1286919.398941
1287886.235022
1294058.621502
1311132.061357
1302728.586053
1306382.968008
1301830.439761
1300705.676577
1312016.104635
1317396.050289
1318331.571898
1319491.981591
1320491.672282
1305995.930381
1312591.760348
1309231.984686
1314687.781159
1317445.933107
1327390.252699
1333658.982905
1336694.294764
1346857.815907
1356413.102178
1359336.839689
1370044.068465
1369753.059096
1376521.823243
1375860.790423
1383109.979524
1397362.059014
1411571.003211
1413537.324468
1402842.015309
1396951.800013
1389513.842378
1396704.836464
1386863.805041
1367651.677842
1353454.031443
1331380.506100
1316171.180600
1300298.927576
1312837.417225
1332629.075792
1348770.883876
1361337.799501
1368183.903616
1360522.459954
1350027.643632
1344693.230406
1327256.046662
1343675.180929
1352317.893076
1360224.267081
1344680.420335
1343401.270213
1343424.835068
1336130.392657
1333174.674102
1338346.833428
1331813.969911
1315672.033990
1284177.284734
1303065.889732
1297930.411102
1275526.192261
1276740.792890
1282987.983632
1297549.176886
1316883.196921
1318140.667586
1320576.907308
1316761.642629
1311606.592920
1318178.066308
1320678.159445
1328640.463788
1317512.812731
1320158.243375
1322717.266004
1320628.519908
1321474.161376
1324473.812042
1331985.209070
1329359.816597
1333863.854843
1357882.581069
1365075.749781
1372056.124401
1375132.995120
1380992.763460
1374880.383200
1368046.214685
1361100.610335
1363959.889314
1373304.339676
1373655.387322
1370497.270339
1372659.890452
1373072.504850
1369561.443242
1365376.286947
1378295.091948
1383309.803014
1398315.219477
1403098.934481
1405097.675647
1407650.335111
1404205.480747
1406512.324893
1422956.845241
1422868.070875
1422666.910328
1420918.669590
1396739.835324
1406131.705390
1396470.290701
1396868.640367
1376326.022302
1375881.672104
1361022.371687
1359427.383935
1373882.528661
1359537.631453
1357523.476488
1358546.385719
1373208.475584
1395054.220267
1398073.625597
1394301.802292
1421020.610521
1424864.799535
1415823.643849
1422609.976547
1420624.931955
1425364.196744
1440473.895004
1445304.508191
1454501.204315
1461721.265742
1458076.655870
1456706.072273
1461500.841325
1469273.425924
1473643.043742
1468723.002343
1472332.001295
1480428.794466
1490103.872193
1496656.045313
1512089.480822
1499674.119356
1488680.833989
1495845.509543
1480014.801596
1484963.100103
1498060.171845
1506355.641398
1516817.806358
1522508.973184
1542703.582453
1551239.018056
1546831.696393
1541813.568468
1543478.446086
1519742.763395
1510947.035207
1514173.395124
1500073.286490
1500640.402955
1498319.452390
1517382.348394
1496366.236614
1503870.936471
1507119.229086
1522136.830150
1536507.209209
1539307.659797
1550697.889282
1555516.057362
1485541.442469
1486654.398943
1468297.580661
1427711.884372
1458065.494010
1451177.973045
1472981.127713
1468803.574708
1457640.693532
1467870.905943
1440297.091033
1426191.702494
1438476.955378
1416613.723398
1416793.179048
1408573.342714
1439244.779309
1450309.891513
1457003.288706
1446694.346913
1447221.708047
1464568.916665
1442509.951100
1418459.329778
1425429.438904
1410159.389258
1424326.043043
1430910.054892
1421099.412388
1395418.192862
1394300.428925
1395776.834611
1400052.239938
1427773.311512
1428651.007682
1433409.704668
1468196.285589
1446404.147216
1423622.173862
1412091.551869
1400933.616218
1407438.292496
1420450.659936
1426987.016382
1407761.087253
1399488.264494
1402575.098272
1389428.380053
1367226.339190
1336181.238284
1324227.635029
1345712.414857
1356114.488143
1359665.161363
1332296.021759
1361004.530789
1365228.996272
1374135.777671
1383394.103909
1385328.003901
1381272.530566
1367199.533345
1397309.231250
1402052.411406
1402034.554826
1422440.909033
1409158.962250
1404149.710369
1412467.014418
1425710.752274
1414686.235970
1413628.063538
1434094.818310
1460689.234115
1455278.982376
1466343.048970
1470583.360155
1467513.776161
1456401.533018
1452703.681945
1458913.092292
1454844.913219
1467576.237920
1501222.437264
1487500.141203
1493593.951570
1490581.820053
1512592.036558
1517596.231252
1517527.617878
1505379.548907
1494002.605788
1517860.599420
1524607.145651
1537982.193492
1544151.332179
1554445.763828
1573137.266671
1577106.042360
1585273.575160
1569437.416719
1547765.110401
1557535.773691
1561941.928419
1572677.934436
1616857.242251
1626766.015299
1625531.949110
1626723.848957
1637911.934007
1638062.637927
1642038.174324
1636854.537437
1636232.620321
1643393.798232
1668087.707422
1676558.232138
1689020.503116
1689267.499259
1675636.861339
1682316.249565
1649916.554376
1629515.749271
1607155.471683
1624999.679365
1593842.795528
1601574.152756
1620916.166718
1629623.185578
1619072.254114
1630591.058548
1634439.595829
1625883.824247
1607246.067859
1617360.257775
1628714.662352
1623000.357293
1629232.800640
1619420.769725
1618397.741269
1622055.927947
1619886.952014
1657278.735167
1677993.122795
1673906.751664
1677170.342368
1672320.042175
1667830.525692
1681480.436601
1688661.163158
1719803.382089
1712886.117207
1714041.546963
1701624.830818
1707523.839001
1712660.890373
1707021.686616
1732558.733836
1737165.537047
1734502.046796
1732134.334949
1707207.445158
1711659.991192
1713370.816736
1715959.405880
1722250.937820
1723494.222979
1723378.613743
1720508.231181
1707392.574875
1702736.559820
1709888.152287
1709222.336271
1707519.365111
1709419.286334
1713058.811089
1715440.425254
1704723.613663
1701723.367158
1681598.316622
1662297.006350
1622787.882740
1623617.850162
1617045.765956
1650080.939684
1643961.793090
1671530.036340
1663582.377266
1670957.732388
1685282.699660
1680382.202040
1682172.522853
1677519.911329
1674133.868908
1674597.642884
1671949.907775
1671584.644832
1679229.417535
1668544.730461
1681244.846035
1692158.815303
1697266.240758
1700457.559038
1710927.460330
1717976.184630
1708458.680471
1694816.558204
1711440.995985
1699446.188285
1726898.617856
1725261.097382
1724252.048997
1722189.628564
1722989.341532
1719169.274272
1718293.998312
1705021.058125
1708438.045808
1728102.006887
1741097.392069
1754602.375273
1750532.366784
1771578.090323
1764708.430037
1774021.594545
1776990.655926
1782906.634229
1796175.288439
1799335.834887
1808501.546461
1821867.408555
1836389.485535
1843904.475393
1849483.639394
1844679.045575
1848255.968479
1835695.735880
1822905.606633
1827677.472103
1823819.785828
1834047.204205
1838346.595452
1844765.009703
1837996.937778
1831921.169537
1823375.560972
1841459.041590
1838724.965762
1850369.744727
1828372.572854
1821162.149424
1812165.673126
1816120.917125
1820373.700748
1827105.527427
1815002.693603
1809229.339045
1815890.845907
1820644.625383
1847935.498706
1853564.505984
1867280.253200
1863414.186963
1873717.006017
1874438.726490
1868194.594781
1864581.518579
1883391.990145
1883556.277730
1877545.979805
1894528.740065
1886206.330108
1876518.750699
1881195.175506
1881600.507221
1899768.614039
1901166.874325
1913888.818683
1904187.724159
1896994.650087
1903425.929562
1910813.664377
1889649.578936
1886406.811949
1874389.883700
1800987.513000
1838704.635790
1852354.619122
1872675.378378
1870203.918567
1873658.432385
1888239.829989
1901962.450694
1898657.621373
1895140.335752
1890033.228327
1907402.498831
1909017.803515
1843439.804486
1823066.437115
1827140.358129
1787974.517537
1742564.360510
1776600.860030
1773359.915438
1798591.882953
1797191.594393
1757508.288567
1648389.392750
1665930.479936
1549652.451719
1619457.327085
1517161.340794
1537464.844243
1504606.055464
1483695.644094
1517001.310060
1448684.151730
1520695.311066
1557511.785134
1584597.354165
1558490.304021
1558292.679238
1589640.994984
1537361.306361
1527109.250226
1616116.557820
1612570.114507
1626387.405418
1648181.620889
1660317.758457
1686746.930328
1685701.378404
1643975.326314
1690100.302972
1700813.096576
1695298.669487
1710951.836949
1708090.527098
1744593.590867
1762015.521652
1722360.063955
1733221.326310
1762856.810903
1743523.842077
1745771.715300
1723285.368629
1726042.614318
1734312.817492
1726441.585775
1744629.820464
1734702.876770
1718732.946413
1718663.951021
1737510.071181
1743978.916098
1744067.591119
1787394.074051
1798802.635547
1814302.015471
1815974.332906
1846538.835095
1853060.417369
1856687.465652
1873584.642566
1816534.435780
1828685.706772
1818089.622335
1839726.237210
1840618.543894
1854096.281540
1886599.937513
1903382.115247
1886476.139404
1880734.218146
1882300.746705
1913677.648488
1947421.623371
2044452.287602
2037033.995598
2049730.720607
2063819.373424
2058482.525382
2064477.206323
2046750.802290
2032895.473557
2013517.419557
2022229.747507
2064842.871615
2068798.426838
2060380.396801
2041192.058078
2020411.895102
2028061.083349
2036295.636856
2044150.220083
2032196.815634
2062979.989855
2060061.654420
2092734.648161
