1000000.000000
999798.861990
996460.983544
991664.357376
983740.454903
977576.055925
978465.738380
978721.758966
987394.811025
994349.612916
994003.834615
993488.150799
994555.691091
998351.768151
998175.094513
1000640.718528
1001628.617645
1005786.343917
1008761.352095
1022372.072379
1026930.241453
1037210.526871
1041375.478679
1050202.319870
1039877.712450
1039153.390385
1044117.688395
1048908.913188
1051624.147591
1053819.638311
1072433.846867
1072132.794273
1064790.661759
1072014.097380
1067072.155974
1067085.306327
1079917.330251
1075302.539402
1069829.332502
1073576.437208
1074812.254518
1073545.830681
1069420.025718
1057188.295263
1057546.095289
1065828.355682
1066095.465613
1065635.237536
1070408.577660
1069452.873978
1069559.205177
1062039.705486
1059602.485555
1057803.804395
1059107.798761
1059866.561808
1059778.568566
1053381.216466
1069191.384525
1077562.019746
1079610.664567
1083752.203384
1082215.697632
1087642.437008
1085236.204043
1093689.759838
1097048.488333
1096815.489916
1104945.168965
1111228.986050
1107874.067256
1100741.328159
1102623.799999
1109062.906011
1117308.278765
1115793.663639
1109967.413764
1112957.267043
1117196.741118
1115842.784154
1114048.763196
1104352.450371
1090489.027119
1094744.331088
1099507.285645
1100341.195223
1092383.058346
1085145.460962
1090544.590391
1099701.437956
1101591.128060
1104032.255845
1107304.849388
1106361.498665
1104782.684029
1103779.875158
1096830.123634
1095764.465244
1089757.043728
1089394.847792
1094902.282347
1097886.438009
1095472.601220
1093734.111084
1096199.985392
1098938.351335
1098097.572796
1102280.994084
1097886.754766
1101962.181068
1102734.171228
1098497.945280
1100480.535921
1100806.628805
1116401.158649
1121899.001052
1124620.788677
1132004.332149
1135842.854450
1144101.847566
1143656.124486
1142625.157480
1147744.035947
1147139.390874
1150253.056466
1170609.842052
1177177.718575
1201161.959358
1201569.998293
1200336.539209
1207272.557923
1214539.929905
1219242.807236
1228958.168439
1234706.768543
1234879.490861
1235995.537898
1244096.431295
1250718.002017
1243712.722026
1236508.296630
1255083.232757
1252351.753316
1249891.427536
1251897.876176
1250644.154894
1247696.879987
1241737.801887
1247359.350905
1236499.636966
1221147.922989
1213024.311624
1220559.208551
1224665.049427
1217272.195384
1212233.604509
1221194.984655
1240447.118451
1238685.941581
1240562.317394
1230379.222611
1228762.283385
1238034.382146
1243002.299203
1249788.207364
1257638.450064
1262404.755913
1249679.112700
1260247.281706
1265798.591492
1263064.715561
1269454.864322
1280311.383016
1285327.130669
1288813.146959
1297543.556983
1311301.368544
1314291.267222
1324413.985000
1333906.960551
1341038.695791
1343714.141691
1350033.373315
1373008.895605
1386583.017905
1387838.067356
1376432.509659
1374933.512175
1362973.432212
1364086.386048
1359100.922256
1348086.010709
1332134.193162
1292963.561950
1290191.520045
1267433.005621
1272421.509051
1276524.481424
1301386.359952
1309155.001946
1309586.838580
1302069.376587
1295025.508683
1292815.465895
1276255.531806
1289271.019051
1294439.505015
1299079.076432
1277513.712450
1275128.435763
1277378.623992
1273705.933145
1269012.771754
1275762.986853
1276527.148071
1259559.829522
1245276.735977
1249139.594969
1257984.974451
1242438.438387
1244768.588926
1248813.946538
1265395.917835
1287651.169154
1292272.657305
1300611.374120
1297182.512418
1283753.916630
1278684.970829
1285053.440024
1297463.399258
1311773.797932
1317124.873718
1324538.089603
1320042.940957
1323311.930553
1324320.637837
1331033.371344
1330218.712093
1333025.454873
1354100.904646
1366963.737017
1366808.601873
1372266.185095
1383434.573372
1386301.599100
1376567.960310
1376552.328448
1385151.847736
1395794.183994
1395299.410523
1382217.415034
1387339.461398
1382111.550048
1377278.929039
1376670.519313
1392352.877407
1389383.781608
1405154.560534
1400509.345306
1401853.375400
1408989.551797
1406655.580921
1409387.707033
1419985.409171
1424828.573282
1427071.220138
1426367.697090
1409480.995850
1411816.163529
1404771.911647
1415932.199767
1398512.004925
1401834.893187
1396410.514486
1391284.196272
1403750.315993
1391345.097213
1395349.697216
1388952.302323
1400023.628670
1415898.211978
1419187.760013
1417992.227102
1426814.539019
1430570.401322
1419343.239767
1422510.112126
1419643.600791
1422946.864144
1440331.842476
1449490.013974
1456167.141497
1458324.414703
1454212.697737
1455388.089727
1457357.559972
1463261.539265
1453498.801059
1436667.468643
1443738.719473
1451649.429397
1469006.722617
1469168.858872
1480163.482478
1470290.162922
1463752.671037
1464988.141575
1452081.592478
1453698.982468
1459046.354235
1468453.853090
1478250.278663
1479103.509724
1500050.030406
1500792.099223
1501171.749751
1491204.554276
1503471.457264
1483609.463873
1472095.180710
1476811.566189
1469579.227992
1466204.959753
1466576.864331
1482322.944221
1475991.913126
1481212.774040
1492219.433594
1515115.109930
1535997.426645
1538321.478071
1546723.375668
1550399.675661
1501297.685083
1510158.444217
1494924.492974
1445264.178138
1454951.266786
1460561.151997
1473449.275262
1466919.588255
1462373.007766
1472030.428199
1428378.408188
1422763.466522
1421757.042953
1400281.480966
1418525.502183
1411438.159250
1447945.841579
1438060.339359
1446626.336465
1443042.783577
1443925.663653
1452043.604899
1429586.587371
1425172.912305
1428383.351264
1407591.723063
1420536.048714
1423336.126870
1425697.796109
1405632.603351
1398971.729017
1394802.828044
1401104.909715
1427888.685562
1423048.289664
1430535.492111
1451035.766300
1456428.810685
1415148.811020
1421373.669567
1410789.520253
1422651.984145
1432302.264340
1438541.094932
1432865.907488
1425493.066696
1414190.588157
1407659.483430
1391393.599783
1370651.657703
1371665.354411
1365343.469438
1381687.156690
1389997.469774
1381082.313078
1396145.201527
1401870.231031
1405009.514738
1416455.179858
1420745.331178
1417939.583955
1407119.824572
1437244.094703
1437259.057916
1434306.646014
1452593.244729
1441889.731755
1428779.046195
1438315.212628
1440879.930714
1433314.382914
1442991.581370
1454740.678043
1481212.425026
1482586.364263
1510993.357369
1504741.339119
1506645.868397
1497471.465623
1483766.598912
1490911.009280
1486551.519404
1495777.867652
1530517.647297
1517114.330759
1521385.724808
1515893.247060
1536560.585449
1535854.996125
1537834.950022
1527395.309752
1513461.323497
1523275.606862
1524850.910450
1536921.090539
1543720.890611
1558373.246831
1573501.983551
1574681.840256
1579280.932035
1574046.059194
1552131.897431
1556570.697581
1562432.304891
1579995.528286
1620055.690608
1632069.239125
1628830.474330
1624736.024996
1653666.648779
1653260.040678
1654518.275909
1639086.371249
1636244.446237
1643846.673314
1664959.161677
1661178.681298
1681274.691059
1680724.604750
1671478.695535
1672596.884591
1617959.250957
1611084.789384
1598719.503463
1617009.984742
1604047.211621
1605018.580374
1624588.265419
1640442.087423
1632677.516598
1642237.837415
1636642.633513
1633635.285993
1611951.790796
1627701.367422
1642032.012577
1643072.620957
1651521.714905
1651171.123539
1661181.002664
1647052.790641
1641195.440891
1675615.663526
1696489.256356
1685256.493295
1684959.258709
1682732.078059
1679962.088458
1695647.810212
1704391.911159
1737736.126873
1732997.145218
1738373.027978
1729685.359613
1726945.818627
1731456.233983
1724326.391156
1750081.720797
1752678.062049
1737778.385900
1727204.397068
1712077.680571
1704271.820976
1702699.709647
1706105.578563
1711255.471122
1724100.160180
1720112.683174
1716240.279416
1694617.494629
1698670.153889
1705280.442467
1706233.144090
1700694.384760
1714473.737695
1715916.431306
1730719.601668
1739184.650796
1736821.194891
1707896.579046
1692549.529999
1674674.915284
1666512.291440
1661376.708018
1686498.476440
1680926.242494
1680817.039333
1681476.681133
1676939.290616
1688779.807901
1690650.555632
1694233.696375
1692889.609091
1701145.767638
1695885.699017
1701737.910273
1702333.540382
1713282.447236
1709126.506692
1718848.514263
1720966.945195
1720525.888612
1716609.333334
1703176.115873
1708269.342311
1722439.619049
1707312.082320
1720669.532041
1709483.687150
1722040.365868
1712111.100521
1719029.855959
1713355.246884
1720833.042895
1721053.656949
1720165.818236
1693523.809590
1685608.255742
1695931.011641
1697892.576740
1698131.080013
1689860.349319
1704983.626686
1699150.445153
1682484.636660
1695901.500995
1694603.929565
1712831.003159
1726075.769826
1740598.926319
1743710.668265
1747877.891034
1767200.106483
1768933.763984
1771907.345245
1774636.142043
1762968.333957
1751965.097127
1759318.993545
1762322.856057
1764992.930012
1764466.010587
1761952.852681
1753153.065251
1754561.615506
1735761.058646
1745030.862166
1735221.625638
1740479.920087
1720133.556350
1711645.360100
1706453.657545
1720135.832099
1725757.741878
1736253.195822
1721867.234917
1714569.116084
1719409.927668
1714136.848584
1735867.080924
1748850.650231
1774007.215553
1775215.877182
1785666.833643
1785514.182781
1786387.161543
1785643.626024
1790264.042139
1786204.407520
1775899.087010
1782077.509285
1790261.503283
1789355.712889
1783119.447976
1786086.646100
1792611.820009
1796909.272436
1809574.735005
1805141.887974
1802764.577359
1802607.517514
1800557.397573
1776963.571105
1775527.054719
1770481.059891
1687414.375642
1724341.328517
1737843.517236
1738742.289952
1736485.713666
1733892.789387
1744315.079058
1753240.735696
1744074.671406
1738693.136473
1745398.733675
1751055.888159
1753919.938967
1701634.659412
1692173.722507
1687311.499036
1665206.386575
1603009.256920
1636356.282852
1645842.839294
1668500.483734
1678301.108584
1634752.909461
1513547.007309
1514125.368654
1394923.939610
1422433.015585
1335008.074135
1325430.582705
1274427.406780
1271525.046096
1324851.016624
1265543.948663
1363209.117620
1413549.580899
1434604.556466
1408969.048971
1404378.383309
1443889.097963
1399934.678334
1388340.428078
1454183.440097
1431793.463517
1454644.474867
1425539.097870
1423526.105476
1469083.395620
1470552.969320
1425764.451355
1459839.105580
1496685.136243
1465653.451317
1485046.538993
1496916.955801
1530937.043350
1535969.510131
1496671.246938
1497037.928677
1507349.384181
1510146.062694
1509317.231868
1470940.178058
1468406.757478
1497117.471958
1493153.814716
1505242.683154
1502128.293837
1492328.633706
1483320.584936
1512572.091871
1516741.424987
1503557.389514
1539569.630166
1561106.573752
1577330.216414
1579594.359682
1607392.538813
1621141.351685
1607804.629923
1610726.897812
1559054.223694
1558839.376044
1536942.665110
1561694.263244
1560023.756869
1567112.834584
1574284.236826
1594909.620854
1568970.820428
1582253.779851
1573751.677774
1594945.187154
1625799.151998
1686540.591037
1700499.352206
1686690.915613
1680343.769495
1668806.249595
1683074.692095
1670723.688878
1690948.199131
1687592.634309
1687795.531119
1705701.293403
1722391.411026
1703468.240123
1690979.891413
1666299.295406
1668645.405974
1690588.502913
1687015.347633
1666638.017486
1665954.205733
1675653.171581
1700208.751684
