1000000.000000
999798.861990
996460.983544
991664.357376
983740.454903
977576.055925
978465.738380
978721.758966
987394.811025
994349.612916
994003.834615
993488.150799
994555.691091
998351.768151
998175.094513
1000640.718528
1001628.617645
1005786.343917
1008761.352095
1022372.072379
1026930.241453
1037210.526871
1041375.478679
1050202.319870
1039877.712450
1039153.390385
1044117.688395
1048908.913188
1051624.147591
1053819.638311
1072433.846867
1076622.610593
1074262.859617
1076035.083142
1077223.247948
1077292.113072
1076975.114012
1080940.780193
1077428.927433
1073199.141281
1067037.740501
1067264.030657
1065363.809776
1061352.826396
1065555.399297
1075373.106122
1073325.623823
1076485.065693
1081672.215204
1081934.141696
1074451.482938
1071415.510491
1059635.201935
1054801.024725
1054503.816434
1059735.548800
1058166.289752
1063053.661490
1070622.066941
1074538.352760
1085606.272070
1091131.290205
1094887.990827
1099284.426613
1098292.175085
1104783.077232
1108422.815046
1109121.978422
1115419.468862
1112550.128811
1115720.658475
1112279.458101
1105786.290498
1104273.489414
1109275.844067
1115245.444123
1111773.617526
1115323.709307
1121921.726326
1119374.407907
1116024.195408
1099537.309338
1088719.875499
1095207.924297
1101045.028753
1093713.215027
1089718.080931
1084586.421426
1093365.935182
1098536.624377
1098175.204395
1097351.872883
1101796.852949
1108347.921800
1107516.052198
1104710.803158
1103579.464410
1106936.040254
1099538.041959
1103657.304358
1104044.761077
1109429.517514
1102263.886895
1099731.992798
1099214.760771
1099515.503792
1100347.497295
1094717.654989
1087377.898186
1084325.908074
1085887.051107
1084153.412496
1084764.085778
1089283.189672
1110658.019353
1113618.991556
1116158.961739
1123460.727287
1124892.729281
1129687.146040
1130089.721009
1129758.148270
1117958.994425
1110062.501984
1117112.645546
1146253.898735
1152771.198376
1179064.546745
1180149.888894
1180869.442880
1187974.299496
1187930.729302
1197599.887382
1198462.611354
1194887.620366
1195264.017330
1194446.259176
1197539.288476
1199398.902063
1198284.417288
1189538.597278
1199356.564016
1200555.862277
1202584.499901
1210406.873262
1215304.670182
1221518.277509
1221196.815370
1221945.510694
1205624.302712
1196577.783458
1186805.515817
1184786.972353
1192549.909225
1195018.203875
1195721.873758
1198118.536107
1206836.024865
1207931.266271
1205898.232289
1204423.437861
1208479.406272
1216827.479624
1217948.641043
1213868.552216
1217543.425456
1216332.502629
1211526.120270
1210142.942900
1210041.738179
1209507.817852
1217701.624142
1223137.818098
1229900.970125
1232340.147137
1235104.529544
1235472.499411
1241708.745690
1249027.586445
1244956.080898
1250781.770182
1249389.808192
1258112.671444
1267018.447408
1284328.678350
1280424.184828
1272460.824120
1272671.085244
1267731.625979
1272461.717382
1263716.269324
1246434.240726
1228008.293635
1215201.578740
1196600.764787
1188283.274565
1199052.578122
1207720.879714
1214999.358728
1226167.629632
1235020.363894
1222550.700591
1216025.428979
1204526.510703
1200997.811266
1216800.169652
1224280.151653
1229149.752877
1219203.109196
1218529.948750
1212347.476211
1208913.721499
1194420.607050
1198721.722112
1196669.024935
1183129.967474
1164714.647653
1179923.508111
1174689.433413
1169019.026925
1171975.259898
1178781.176009
1192077.286733
1206852.807101
1203820.998764
1203782.583749
1200488.324497
1192902.849680
1201791.685520
1207059.021218
1207645.893435
1198951.948592
1199916.032489
1197247.438248
1194815.999428
1205049.862111
1220661.191978
1222623.319925
1218923.219484
1227752.433386
1242349.991763
1256741.786402
1260962.645797
1263219.070201
1267089.518809
1259113.621600
1253735.324051
1252829.469246
1252125.743333
1260548.768691
1260821.428630
1261671.031115
1260775.832281
1260356.022189
1255082.807880
1260440.890773
1267460.749174
1272583.389392
1280677.775093
1281355.631764
1281659.328483
1284627.228631
1282841.083898
1289303.805500
1296287.568670
1296786.950874
1297790.809652
1292066.261234
1288565.469265
1293731.061469
1288354.556510
1295492.696933
1273484.578858
1272918.831096
1268336.950337
1269636.847219
1276742.118059
1271765.357664
1269914.640212
1271834.556764
1278556.528615
1295546.495935
1299909.926544
1292124.663744
1309198.767211
1311071.827107
1298835.047335
1305747.004713
1305156.356831
1311598.931570
1323487.963486
1326112.777222
1334253.775714
1343316.127045
1347315.630718
1345982.008832
1349302.982068
1355212.911300
1356644.575451
1355940.160864
1361509.365612
1371845.650673
1381172.752544
1389402.473992
1394616.666079
1379392.520965
1371878.899628
1376363.124891
1364278.619336
1368583.875633
1376764.404898
1376697.835191
1380993.195775
1384236.415831
1399189.742226
1403773.976224
1398589.894852
1390752.558540
1385543.930236
1368309.661919
1359092.027945
1358462.747804
1351294.664702
1354513.067416
1362165.328684
1363179.581580
1347325.253305
1348012.155419
1345080.841363
1359207.166338
1368855.432749
1370454.727743
1380973.190142
1378456.110312
1328737.925806
1327611.454261
1315161.987302
1286517.907008
1304883.942539
1302854.368207
1320204.793104
1316114.772827
1306849.672568
1310771.492303
1299373.712114
1284331.495394
1302792.608045
1283533.255669
1279480.065782
1282686.727657
1308058.548428
1308301.210731
1304635.103102
1304514.541491
1302347.032632
1323023.112188
1303439.559194
1280996.259977
1277165.462822
1272125.980155
1286843.031874
1288713.024158
1275990.418062
1263682.370071
1268705.835729
1269273.391821
1272648.950171
1291127.930321
1294221.383733
1296484.396396
1317488.820609
1300151.873377
1278679.967413
1274151.199862
1268795.823078
1278678.081613
1287312.225794
1291111.689293
1277931.722054
1262870.618310
1262664.552872
1254890.032406
1238106.825994
1217085.636696
1209212.143853
1227617.112258
1241851.151334
1244756.148720
1228371.233082
1257073.890430
1258327.077895
1266239.617865
1270991.011008
1272340.795493
1269035.043508
1258146.695219
1279434.212607
1277218.558173
1275535.364165
1286990.373880
1273181.552716
1269308.939072
1273056.877578
1276874.193215
1262410.960857
1264698.587382
1287581.388198
1306864.991129
1301970.573264
1310447.899115
1317469.523348
1312272.801353
1307261.028593
1305125.312659
1311560.356286
1309195.147526
1313503.485498
1323050.744115
1313156.381062
1310224.326805
1311906.227172
1324554.362865
1334536.329374
1335546.685260
1331106.355464
1326201.751707
1341126.680050
1348690.964291
1357319.370346
1360575.097520
1368084.491518
1380813.056008
1387571.787594
1396164.960970
1385192.225308
1373584.785823
1382648.403957
1383322.683774
1394552.102709
1416005.011713
1424328.110947
1420543.609207
1422257.024172
1428749.194647
1425433.432631
1425278.332874
1424346.373354
1424397.747022
1423364.776120
1433361.801739
1438399.226046
1449625.397927
1448103.650960
1440774.960928
1444043.327405
1409199.919774
1401117.611000
1390744.751589
1396018.855144
1379583.014269
1387661.825803
1403546.569173
1416743.459815
1413848.755370
1423854.924445
1424821.905008
1427008.963638
1413140.398595
1422213.129573
1426112.344861
1412499.873735
1418778.630611
1406946.092080
1397174.510786
1402649.725415
1403999.080989
1433534.959324
1442591.248414
1434446.100386
1436213.100451
1433423.992841
1430475.428235
1441880.340756
1439936.658648
1454213.741831
1454347.745472
1454313.710151
1445484.267615
1446139.277758
1445738.349306
1442252.497815
1459560.137452
1468184.022658
1471573.982040
1471838.107165
1458761.547756
1463571.629033
1466070.498288
1468953.643881
1472467.323014
1475888.763652
1481930.697083
1476507.976652
1470173.995541
1463062.371916
1468178.902612
1468759.143041
1463530.786814
1456779.740003
1468425.102898
1475026.445030
1465464.521888
1460217.069824
1449362.056715
1431558.672380
1398596.086303
1398323.910521
1394995.673817
1416256.806553
1410461.937496
1422950.236066
1414435.805981
1418898.133491
1432082.314227
1423302.559962
1428367.209381
1415025.519242
1404850.944388
1411931.472177
1415463.427764
1416785.996532
1419413.427984
1414923.778219
1425163.288668
1431302.848995
1432253.653530
1430171.600940
1439865.648400
1443000.524442
1435139.153092
1431412.824876
1436518.193296
1430096.613582
1445789.287542
1451081.280708
1442142.339759
1439339.745160
1444839.771051
1444189.841662
1440323.775791
1423293.512436
1420513.953863
1421499.437666
1424301.355897
1427647.724329
1427515.289137
1440367.298754
1434615.238082
1435162.866002
1442263.574837
1448808.354388
1460461.897071
1456049.274338
1465943.458009
1470956.304224
1482670.959147
1494916.552415
1499751.207822
1504426.078005
1508194.473610
1503838.379945
1497505.764307
1494342.461442
1491901.491106
1500600.781847
1501781.230747
1506523.912471
1498769.147696
1499325.345807
1497047.589527
1510208.168678
1509225.215448
1519391.206940
1507798.227854
1503416.939806
1494208.962119
1499268.680716
1493394.098300
1498880.753870
1496318.956957
1493589.214422
1493518.968457
1500762.769397
1511055.818199
1521565.912294
1517871.043704
1516284.990668
1524777.173621
1527958.246283
1529810.747063
1526652.588608
1539691.166267
1530964.439386
1524882.670725
1545513.403164
1547151.828033
1546067.684201
1544754.020541
1542635.816535
1557020.413163
1561173.507953
1571571.700766
1563172.346612
1559910.683481
1563568.121141
1568668.114634
1561411.975138
1558740.585355
1557689.864555
1535045.175332
1558678.425362
1566557.666118
1580029.387034
1575916.245396
1579650.596434
1589211.228518
1595349.038638
1588616.049363
1583404.946181
1582568.921295
1594631.183996
1594112.065532
1535967.162415
1515073.050179
1516248.209852
1480255.714702
1445456.263394
1472976.182217
1471752.244670
1492912.624081
1481718.595704
1441963.459843
1343714.489402
1343759.119093
1242566.359389
1292640.283964
1211994.557399
1239710.879812
1208720.943331
1212167.916793
1223850.561902
1180546.160793
1255730.205112
1283925.508579
1309522.155263
1275656.721754
1287326.205451
1320182.313575
1285623.998194
1281489.944088
1345820.962023
1341872.194361
1352753.527829
1359379.496290
1366613.119960
1384597.425849
1388793.468995
1354269.057724
1391740.829841
1398005.188629
1389118.905198
1398628.505918
1397417.804336
1433326.543834
1431826.679964
1396119.507004
1407197.186324
1424626.384850
1414982.405176
1410727.770022
1390475.919568
1395997.936288
1408863.798372
1396753.635137
1415023.618664
1404801.826789
1398817.862699
1399269.071926
1418750.468171
1425197.814563
1423558.624894
1449126.729297
1460701.293487
1477070.184621
1471620.846552
1503099.194363
1509755.919685
1501469.736554
1513722.848826
1464930.672793
1470706.273141
1463651.937796
1485875.156865
1489262.998797
1496118.430726
1517478.305694
1532817.088151
1506204.487415
1501003.488501
1498991.769005
1521903.439083
1539382.278262
1582720.325287
1574752.943039
1577601.706561
1579277.869940
1579460.404880
1582570.692523
1578843.429775
1574476.952205
1571975.033777
1578573.579379
1601004.726459
1608794.231798
1596587.661389
1598045.954984
1589959.470213
1592999.607500
1591062.283785
1597966.593077
1582345.689122
1582907.582701
1587667.089150
1612676.191620
