1000000.000000
999894.526357
996558.109752
991762.909770
983840.513593
977677.524803
978569.165994
978827.077137
987503.552404
994461.282745
994117.509344
993603.439280
994673.567321
998471.880949
998297.416844
1000765.627167
1001755.557196
1005915.730148
1008892.995819
1022506.825553
1027067.607440
1037350.727413
1041518.506456
1050348.783422
1040024.221533
1039301.853892
1044268.915572
1049062.732873
1051780.417746
1053978.662853
1072598.275972
1079744.947399
1079769.392992
1083472.892186
1085289.193769
1092285.689714
1098341.502275
1098753.401127
1104216.159326
1090101.297893
1087511.000769
1093936.217745
1093878.035904
1087974.912078
1086226.863658
1099197.170468
1095377.031808
1098956.193421
1099145.631645
1097737.100918
1080771.378682
1086181.166110
1075141.607229
1071619.627730
1067381.003484
1067315.083811
1060205.867345
1066780.473849
1082434.208776
1091703.523863
1102862.903617
1105074.849344
1109976.988176
1110801.172497
1113781.405278
1118704.207266
1123787.488054
1127183.270542
1134894.895189
1133123.596640
1133766.045040
1119274.438104
1120797.179890
1116156.200382
1120341.255397
1124062.951895
1129282.916591
1135437.433277
1138681.327067
1139837.626389
1138802.697565
1122571.194352
1112780.491169
1127240.891502
1128127.289102
1118047.590194
1110495.372734
1101566.120379
1110044.918032
1118422.672936
1117807.001580
1117319.549940
1124813.412739
1131981.952971
1130795.845130
1122523.688457
1118786.541162
1122973.654685
1115668.410451
1127211.519430
1129733.646586
1134437.321583
1131277.636225
1137396.281186
1145025.280228
1145382.078740
1144763.624159
1139649.067751
1132178.669588
1124660.514929
1126297.056399
1131905.350551
1132210.031615
1136012.759490
1159970.321070
1170115.258462
1175700.278926
1179338.051817
1183181.853502
1188647.418879
1189238.847931
1192789.117480
1190032.795165
1184947.970816
1187194.536307
1182013.269942
1190077.846752
1213784.947222
1212851.094134
1218707.461052
1218853.138356
1216875.604956
1224575.417452
1226779.251078
1231793.872596
1232741.438931
1228314.223124
1233156.022312
1236769.638918
1231665.950861
1225805.313142
1236051.986864
1231806.516426
1229690.502399
1239878.558617
1239302.502585
1244276.075439
1242872.515275
1244505.034789
1221274.194651
1218141.773130
1211118.485148
1202872.792608
1206529.343928
1213673.985366
1214403.788320
1219822.373215
1237048.672210
1238747.467756
1238098.024503
1232236.360290
1241271.274645
1249544.571102
1245013.302125
1245884.257066
1249904.577069
1249035.834339
1241745.891068
1247337.190586
1246140.116965
1252469.545139
1265115.917616
1270763.064165
1278447.607963
1292184.852791
1296542.608091
1308196.712226
1311103.289685
1315968.158105
1315622.543626
1325864.852876
1324891.300498
1333087.712383
1350340.928507
1361075.725981
1356241.540688
1351673.131116
1362262.550460
1347400.995645
1352306.474759
1345776.709264
1317765.826012
1284736.500045
1282453.062642
1252676.119452
1259428.880525
1267517.164944
1285169.972099
1309363.908636
1323235.302576
1329367.958180
1320593.847914
1310377.807486
1294615.157556
1294732.317174
1301668.559617
1314383.915270
1326786.736075
1306669.014170
1301358.637063
1302318.639903
1297632.522959
1275797.200988
1281070.660808
1280260.449147
1257819.367674
1235617.166440
1256788.387641
1232001.989562
1216242.191723
1228691.397409
1242928.490435
1242897.345826
1266753.306271
1266778.779654
1277962.943674
1278248.822007
1271237.158363
1279514.736948
1282185.120538
1287558.074473
1288451.160376
1286791.634494
1279653.488571
1276940.484018
1292945.371571
1296695.844041
1300922.207518
1295917.310341
1309525.271718
1324101.762355
1344067.401623
1351032.909724
1348975.333021
1349414.615863
1340666.067457
1339276.587585
1336203.467175
1332470.876679
1341996.090995
1335060.165321
1334085.392406
1335499.989564
1335428.832906
1329543.054279
1338508.634265
1345512.996093
1358958.806426
1376049.774727
1369833.538154
1380980.341927
1380506.376497
1379784.377731
1386616.249425
1395750.714144
1396412.864323
1408344.372325
1405263.470816
1394806.063002
1405601.466205
1391788.126631
1389490.578312
1366595.767407
1372134.448346
1364997.709348
1372106.607192
1373479.582789
1371734.383481
1360346.083562
1364808.886653
1376096.543816
1392255.609897
1397168.568384
1393609.623519
1409861.013604
1414673.176657
1405196.807003
1416801.070853
1416151.122986
1415165.242187
1421678.444903
1422869.505980
1432032.547871
1442162.032605
1441494.810682
1429931.914477
1417243.475660
1428004.798867
1427639.271796
1441923.763494
1447049.370148
1446902.300487
1470631.046253
1473163.060431
1469187.118475
1462563.486534
1460359.344958
1464811.942484
1446026.952601
1428316.347865
1433633.854984
1441918.935008
1453811.799315
1461027.710104
1471699.273317
1472492.525120
1466945.973431
1459124.779658
1459189.366240
1437882.806727
1428206.672276
1420069.207109
1427183.385571
1425223.892509
1429760.855565
1441335.832652
1430869.644546
1429948.278093
1439388.428194
1449237.078351
1467068.830447
1470664.133006
1480048.755239
1470607.856400
1411156.008006
1417917.823136
1381115.349544
1350518.071902
1372114.917130
1366327.626952
1388870.373042
1384815.329482
1362257.266856
1367301.807327
1355727.177983
1324656.300694
1354982.577243
1341495.880487
1337079.843198
1343832.044352
1377715.565649
1375632.222408
1372932.200029
1365143.731309
1367054.706812
1387603.764031
1363045.448168
1332204.084467
1341810.826447
1332066.051712
1348272.959289
1328148.466394
1304876.386704
1293845.316986
1289110.254382
1302367.723826
1306471.280544
1335999.237487
1331718.999974
1344162.838128
1368654.089671
1347675.619381
1329266.250889
1314628.227874
1315696.567948
1320648.963483
1330016.777110
1334445.116982
1319127.180684
1301995.449077
1299353.416901
1285854.737715
1266471.205965
1243660.072232
1227289.954095
1255078.740648
1272633.917925
1271637.329564
1244652.015049
1280177.210151
1290742.571457
1292188.012164
1299695.299222
1305081.045987
1303267.279499
1292940.059936
1319081.516514
1320328.121541
1324671.096009
1331531.631887
1313532.592463
1305779.647817
1315945.582034
1326495.032035
1298960.253116
1298449.191078
1322354.446121
1342482.384981
1346575.530565
1362229.894899
1370368.090226
1371841.089411
1374425.422911
1358905.203997
1363122.382242
1351801.453279
1362254.256975
1378575.522970
1373113.810718
1380549.706960
1377317.190410
1384027.017275
1382700.916414
1381465.600744
1372881.596267
1370309.628406
1394572.923142
1398320.138717
1407720.639374
1407584.840932
1410962.949481
1417948.296559
1426069.312460
1432545.938784
1420988.575380
1406656.389918
1412127.763687
1411457.447578
1420930.664511
1454699.021236
1461732.131129
1467813.322919
1456757.636768
1474050.890287
1469852.920503
1474869.903548
1466400.387256
1467915.310793
1466947.145200
1482219.339112
1487051.283992
1500030.037255
1494757.147655
1485829.556832
1476231.748077
1437628.255317
1431380.418926
1418345.978956
1419139.595903
1392053.478405
1398417.472602
1413880.015419
1422568.882823
1404805.856288
1396041.015987
1401161.396744
1390132.681875
1374029.223798
1372214.352818
1373032.095433
1365540.017417
1368438.256665
1357284.702741
1344685.641471
1365381.740151
1376200.573459
1409568.030421
1420901.876833
1406383.196964
1412489.774291
1407803.514774
1412278.046840
1430313.635508
1431824.420124
1441906.582541
1439793.726354
1439529.460810
1427706.825743
1433839.504366
1436524.854103
1435594.558803
1455290.467282
1457264.965251
1461231.593339
1453650.190690
1442617.814172
1441485.080919
1450888.083890
1455930.901240
1462790.223370
1475066.444395
1473993.674239
1470624.027392
1464815.274777
1462880.845711
1471703.708211
1482200.442535
1480046.653572
1463242.166043
1483132.245488
1493354.445422
1496015.441063
1485422.271355
1472587.308380
1458974.910239
1422383.111681
1425074.921052
1428228.203055
1456696.926207
1445156.851680
1456504.644893
1432521.990283
1440173.487847
1465849.907408
1458461.897168
1464787.985716
1464076.773106
1442485.853442
1440885.210648
1445251.993909
1462404.470340
1468394.091674
1458395.318243
1467953.582950
1489549.055494
1486386.756696
1488517.225906
1505309.330445
1506745.820526
1502281.117472
1499272.508260
1505365.762430
1503342.570200
1498398.479288
1491611.366431
1483412.841042
1501321.264831
1509940.769727
1502654.220960
1509126.055917
1496422.729237
1499623.770014
1510463.812455
1517896.524151
1532166.768618
1527181.302111
1535518.098010
1524792.443513
1520599.538842
1528650.358409
1557791.028902
1580952.299083
1576451.912421
1584048.175446
1579465.497677
1586100.479276
1607054.484156
1608276.552470
1611205.130195
1621554.995788
1614960.738794
1609313.790884
1616655.383596
1620496.589218
1623358.473440
1624949.315024
1626138.925610
1620836.424765
1620994.622658
1607737.171974
1624804.777874
1615461.494203
1621094.610549
1606252.567839
1596327.988298
1588637.759537
1596982.496855
1598880.000380
1616899.324410
1612847.950647
1613045.314934
1620134.506647
1628388.920138
1637247.976813
1658922.158030
1672639.671549
1679996.344666
1696677.928039
1698772.964657
1703584.102877
1701856.619561
1706168.367518
1693299.051308
1690246.975582
1708202.281772
1712097.542338
1718380.677752
1724332.599934
1735351.136765
1743121.102549
1747140.588806
1776998.738529
1772459.152859
1767886.424834
1774576.936661
1782056.051385
1774471.458657
1779001.759963
1776464.396463
1775356.011660
1819307.298925
1808766.739305
1822522.950229
1820426.711101
1838436.643328
1848013.310662
1859620.956472
1857580.524355
1867265.513099
1876627.392120
1907463.867052
1896048.275231
1807135.961512
1776374.048044
1778843.794427
1711056.799838
1692743.580166
1743465.206861
1729687.428654
1768318.108896
1743042.023554
1702741.835860
1571224.199993
1586079.467097
1449569.594938
1516343.374195
1379633.466327
1409607.352377
1345978.495413
1375150.148993
1392332.716388
1360562.286764
1487746.296386
1518667.317837
1553373.039492
1508287.342055
1526808.180458
1557692.297936
1488130.736314
1483660.010685
1578309.911413
1579625.722738
1595444.140837
1628706.861005
1636858.706904
1666279.156271
1659279.061622
1597798.260888
1657307.874469
1673130.689749
1672042.859718
1702952.492454
1693617.155862
1748247.613386
1741211.269907
1723975.751194
1740142.151142
1776962.861204
1760278.902877
1742413.047337
1729272.548383
1743683.395707
1782146.500526
1772605.609095
1794316.559933
1785635.899439
1782522.536431
1776293.107260
1792886.832234
1787198.538965
1789435.171542
1823687.284551
1836768.241204
1849214.332542
1843115.254394
1878227.423086
1892159.858094
1884402.545566
1913886.390436
1838647.112718
1843431.273017
1849691.379331
1872651.155282
1876541.584781
1879563.158437
1898461.297174
1914581.380540
1880944.636780
1896038.080227
1909581.949527
1927590.659501
1972669.291194
2047590.519536
2047186.929940
2042682.400680
2042159.656317
2065073.640232
2058493.617122
2065221.966312
2074892.027404
2065086.683384
2064752.491744
2101700.510136
2103742.203696
2096485.054726
2058821.449789
2039216.264867
2065810.676457
2063932.517304
2074831.410808
2063627.609893
2045274.959330
2061486.870216
2084554.334013
