1000000.000000
999894.526357
996558.109752
991762.909770
983840.513593
977677.524803
978569.165994
978827.077137
987503.552404
994461.282745
994117.509344
993603.439280
994673.567321
998471.880949
998297.416844
1000765.627167
1001755.557196
1005915.730148
1008892.995819
1022506.825553
1027067.607440
1037350.727413
1041518.506456
1050348.783422
1040024.221533
1039301.853892
1044268.915572
1049062.732873
1051780.417746
1053978.662853
1072598.275972
1074846.860521
1078995.360250
1082959.996498
1085124.869320
1087988.442284
1096866.153009
1095569.639138
1089705.764387
1084865.281147
1079542.449264
1082551.406150
1081124.922739
1071596.392093
1072000.198071
1078083.304585
1080976.147577
1083048.980609
1089415.292215
1089727.584903
1082384.015112
1082680.532024
1077559.293218
1076275.501013
1073951.852831
1074147.343777
1067381.480240
1068201.843392
1082325.835050
1092105.729317
1098517.286083
1104278.764823
1105773.479203
1110015.259325
1111059.013154
1118875.256396
1121099.339003
1119686.822987
1132108.131841
1134255.315793
1134464.065298
1124300.918502
1117826.880744
1113961.102043
1119375.851314
1118175.427305
1117312.266563
1122273.239968
1122389.117985
1123274.805890
1117464.001715
1106261.682643
1101838.512822
1107711.674776
1114342.841767
1109595.657790
1105690.557628
1098255.623169
1106676.040567
1112453.994767
1112848.599836
1117032.915906
1122977.814292
1126178.790791
1122625.074279
1118955.019780
1113444.113408
1115118.911835
1111064.752535
1117051.172505
1119919.869856
1122014.121844
1118236.709016
1117184.578523
1119668.032537
1119361.074067
1115369.555160
1112175.266432
1103945.271986
1100456.691921
1098262.057815
1097808.448322
1096079.811945
1097921.275595
1116036.392814
1119825.439573
1123743.187275
1132960.450543
1133384.801000
1140511.554996
1142226.296477
1142230.338116
1132515.847636
1121958.614542
1124164.651412
1124646.066761
1123956.941271
1152407.596839
1152654.774750
1152806.695189
1151627.556521
1149088.134885
1153538.457412
1155063.949922
1160667.645840
1164668.886666
1165081.384158
1164600.349883
1172562.393030
1168534.324251
1163445.954219
1173575.747481
1175131.404037
1176369.034295
1182167.816925
1186626.095872
1191827.546926
1192550.195288
1191847.608000
1178814.933772
1171055.404166
1163215.632795
1160825.406630
1166322.058771
1166697.055912
1166220.367316
1173566.734777
1187178.347460
1183905.785305
1184890.933674
1176285.391082
1179067.075968
1184268.355309
1187009.297510
1186736.717625
1189779.927303
1188737.574646
1183005.424425
1183873.376112
1188601.976265
1188818.190782
1193066.858263
1194809.207196
1203867.491601
1211872.494630
1213593.314647
1225203.549142
1230199.481632
1238002.965458
1252056.690797
1262514.622707
1264921.142291
1274220.466340
1288492.471544
1302855.477291
1302854.309003
1296500.109082
1308420.665431
1298715.640925
1302416.562579
1297028.154241
1294690.772035
1278639.997580
1259367.506299
1235957.780670
1224820.335250
1230468.668801
1242398.759082
1264390.519198
1274807.611317
1279549.213274
1270166.782752
1262115.048263
1254293.685866
1255735.926687
1264285.728529
1271532.915509
1282727.139393
1262500.042527
1255822.902276
1252448.126167
1247270.782527
1239425.783660
1246023.954704
1244783.610910
1229545.585778
1210865.955882
1217422.738699
1209718.835610
1201578.568256
1201304.362192
1212292.890627
1218597.393331
1239177.731296
1243096.533575
1253063.390852
1251564.620259
1241861.434368
1248225.165302
1256596.693022
1262494.535859
1270811.050360
1270021.577735
1267765.262093
1264905.547848
1279782.494507
1293163.116894
1290101.621796
1281500.723003
1285102.511430
1301189.115100
1310859.788372
1312661.900444
1313767.928595
1313990.651416
1309574.013672
1308107.225428
1303780.905823
1306589.932124
1316745.104231
1311009.877152
1310375.955762
1315179.778808
1316697.585618
1309486.250310
1309712.654752
1314162.116345
1318351.189209
1329310.915429
1325274.393957
1330895.698712
1333777.469048
1331955.606333
1338458.676752
1348415.788395
1353498.766626
1354899.699657
1361259.927041
1352667.105321
1357322.162667
1348354.364601
1345851.640471
1327772.733605
1334325.381070
1326270.999237
1329353.580043
1337670.775455
1329731.850985
1328104.442098
1324595.657889
1334270.275099
1349099.594512
1349499.096794
1355325.934896
1367777.553680
1372890.523592
1364320.118111
1371649.240824
1370288.832926
1369524.285174
1386602.390127
1392305.014276
1393843.021935
1401532.134083
1393911.320035
1392024.269477
1392394.096689
1399455.287435
1396168.569619
1402963.168354
1411832.787175
1417348.659380
1438560.671918
1441879.901514
1446555.486822
1440707.266423
1436079.932950
1440537.085266
1433078.136074
1426590.203012
1428810.104358
1431743.160176
1438993.136329
1444098.369479
1458418.260266
1461570.738887
1458212.740295
1457786.722347
1456537.817932
1432260.401589
1423200.197370
1423612.721985
1427186.654809
1421853.416745
1428887.022005
1436736.857942
1424644.177984
1428713.269916
1432604.195303
1452771.972583
1462037.039667
1464554.301249
1474185.037968
1461366.818248
1404591.198647
1410686.241637
1389403.875043
1354672.174091
1368548.940222
1370140.717312
1392475.368085
1391131.749622
1383172.159261
1393358.239121
1381687.194101
1370847.109757
1399333.159766
1375635.578553
1377045.629275
1385768.207471
1409862.871154
1411517.029035
1416051.314617
1409282.422123
1414093.470981
1434977.996162
1421903.941725
1407367.609623
1415520.205546
1400646.605491
1413187.236474
1413833.375928
1406371.790173
1389892.620047
1381809.792152
1395474.258150
1401605.580268
1434950.243441
1431598.030422
1439739.192575
1455961.608387
1450053.343125
1426986.210974
1422074.825895
1421025.833272
1428010.151779
1438262.520955
1442546.763091
1427320.717485
1409311.362023
1402977.228798
1392370.492451
1372440.179604
1346459.499688
1329563.707043
1348320.695051
1361070.257003
1361379.902892
1348470.530985
1371729.642840
1382796.268747
1387159.698580
1394492.930552
1396404.008959
1391779.142400
1376547.861104
1404272.405638
1404871.992025
1407082.857615
1407804.485932
1395526.247575
1389705.115103
1395680.591589
1402423.386960
1394335.074288
1398876.219049
1418594.602918
1431004.252312
1428020.787409
1442112.309492
1446038.278076
1445346.266730
1441175.314257
1426736.337520
1431107.735784
1424906.273091
1433953.194997
1464247.481902
1456277.557774
1459714.538113
1453215.755630
1461126.778577
1459718.753445
1458749.824700
1450291.174857
1445867.728288
1454701.986313
1458051.067766
1463863.031641
1465241.178703
1474214.881083
1480862.969103
1481849.975996
1491089.423837
1482689.592198
1468733.271051
1475859.510179
1477649.708598
1489047.678556
1518115.667185
1527537.895486
1530759.796782
1518040.560539
1534112.653357
1531951.099041
1527441.895736
1517913.172522
1518265.457812
1525034.604588
1546682.925263
1549183.039917
1556340.621571
1556164.812766
1551789.726799
1556869.021827
1533963.445745
1526056.244497
1516537.769283
1519274.965028
1500172.656511
1500232.285621
1513241.854455
1526756.712445
1513009.337931
1516413.337985
1511275.432954
1507370.729120
1497257.441455
1503322.157349
1511663.541638
1507694.481009
1514438.393717
1508626.123113
1505662.222007
1510328.191814
1523681.057153
1561448.711903
1571835.851247
1568487.236884
1571944.337792
1572072.246555
1578030.066558
1588912.364680
1594867.225455
1608810.296917
1597797.758852
1603231.315563
1585853.698445
1582532.910811
1587338.484433
1583261.664965
1597970.091291
1605650.558461
1610675.447613
1599714.657835
1589845.284561
1586930.850249
1590529.139613
1590201.192406
1597602.873420
1613906.933152
1613293.987030
1612375.716909
1601214.961679
1603094.428937
1608160.772283
1614542.630164
1615135.846172
1606972.058794
1605942.432631
1616594.299698
1622763.809091
1612267.918457
1601839.367002
1590309.668441
1567859.237686
1566092.571086
1569103.375479
1593993.355390
1588759.571933
1583286.999435
1568453.008414
1570946.915682
1586473.307805
1585737.467743
1590617.373838
1585205.118858
1578487.889300
1578000.229980
1579676.170863
1585968.344860
1596065.703497
1596703.450319
1604971.517552
1608479.266747
1609450.881754
1602524.557359
1601149.078285
1606579.190402
1596804.482989
1595355.892208
1597247.523267
1593283.271136
1591298.446723
1585820.189129
1581543.907762
1590937.629918
1603224.272049
1596583.411727
1601510.082719
1586402.990325
1580293.994668
1591415.266140
1602685.274256
1605585.189615
1608465.331444
1619911.181558
1606621.147029
1595289.607920
1601858.425658
1631482.187532
1644106.884344
1650523.186941
1661666.498262
1661584.945152
1662737.706401
1671518.643736
1672213.506836
1680569.014020
1680504.201515
1671673.759641
1659818.624045
1663587.804150
1665313.942400
1662764.212395
1665942.189322
1664758.196128
1653608.298326
1652356.177905
1639961.081842
1653757.495700
1651825.177431
1659781.769754
1650882.091965
1640585.491151
1640235.855902
1646201.018300
1648466.896140
1658757.718665
1650743.557005
1647588.162913
1656903.807453
1657027.857395
1672663.723170
1693775.295282
1697204.574294
1702116.717511
1717156.305227
1719312.332336
1722966.526804
1722866.158189
1735407.794402
1722337.818119
1715766.758997
1733711.114418
1742483.279369
1739566.494102
1739291.525180
1745513.337809
1752246.077537
1751434.051589
1773203.943225
1773198.025820
1768928.860061
1771749.954508
1773961.596965
1773008.794002
1774431.435976
1766236.580845
1791200.696416
1830447.934835
1813703.088218
1819583.405045
1824171.556228
1837051.534148
1840324.210463
1849163.090943
1849499.827068
1847850.323918
1861500.771553
1874350.463812
1862440.410787
1804566.520858
1788552.833058
1787791.448583
1743135.760048
1698157.636685
1745757.583077
1740998.371854
1769186.260495
1768587.760769
1734476.577614
1642664.306236
1648369.474346
1537470.301790
1576079.386089
1478934.792914
1508984.068570
1468787.032553
1487204.399446
1519939.000391
1456444.123650
1529905.785201
1557266.967408
1593226.749458
1568625.018580
1571211.904868
1588571.291559
1530560.162712
1513183.101280
1603928.428204
1591457.842335
1615443.827599
1665133.430141
1681061.091990
1708721.438092
1715201.381143
1661147.585677
1691317.252755
1712825.913212
1696496.845214
1724033.222735
1715524.304183
1752147.824657
1778096.403151
1727998.964668
1728041.052004
1752985.375236
1747440.685458
1749257.459308
1721620.869451
1723896.956628
1740969.587565
1737201.515445
1753447.557339
1746016.582118
1734636.653125
1722780.340685
1748609.075262
1758725.288165
1758441.275593
1791152.141823
1797896.305403
1811114.721445
1808125.374951
1816952.512285
1837716.582116
1835607.480845
1859609.774547
1810571.141551
1801287.501356
1796911.300991
1823605.224713
1833280.386879
1838123.617758
1848885.637149
1864556.650290
1842943.405436
1856042.255126
1867365.836863
1891520.955677
1932050.784594
2026568.396276
2022427.168191
2014205.578873
2016347.517472
2017909.429250
2012186.600324
1996216.653273
2010412.163256
2009537.277703
2011413.079655
2063615.943119
2055449.466997
2042011.138381
2024576.273915
2001575.122970
2017877.851660
2025438.365043
2030100.406585
2013783.817998
2017107.864394
2027963.373517
2042350.756859
