1000000.000000
999894.526357
996558.109752
991762.909770
983840.513593
977677.524803
978569.165994
978827.077137
987503.552404
994461.282745
994117.509344
993603.439280
994673.567321
998471.880949
998297.416844
1000765.627167
1001755.557196
1005915.730148
1008892.995819
1022506.825553
1027067.607440
1037350.727413
1041518.506456
1050348.783422
1040024.221533
1039301.853892
1044268.915572
1049062.732873
1051780.417746
1053978.662853
1072598.275972
1081717.706212
1086685.119798
1089791.274934
1090605.520969
1093857.254406
1099006.194215
1106290.373775
1113520.060088
1099472.939692
1096333.205029
1103683.424020
1105449.089925
1098843.733915
1098752.535866
1107238.191460
1110290.252135
1117798.757919
1120867.421384
1123035.721914
1104646.494021
1107562.228527
1097809.429209
1094430.210872
1086239.361740
1087260.730345
1078819.150269
1085991.652637
1097101.176718
1107770.320400
1115175.583699
1121725.804566
1130727.884137
1133943.765091
1137131.716145
1140141.776636
1143297.510392
1144047.403334
1158279.074591
1154671.476201
1158769.982739
1146214.212894
1144783.824408
1139176.547119
1143179.949802
1148658.719774
1152076.181405
1154454.227073
1157998.007452
1159763.579407
1157099.904913
1141283.487312
1135271.388471
1150335.752845
1151436.469279
1144041.820231
1135657.835266
1123422.293849
1134231.012544
1145366.654004
1144048.614489
1147324.491030
1154501.933316
1159324.506893
1160359.669856
1154115.552959
1149135.905355
1152008.819495
1142548.609166
1154444.164741
1157437.161853
1165097.415851
1164839.772978
1168197.016980
1171986.623043
1168034.868651
1166127.077544
1157337.717851
1142706.112501
1136316.778523
1139607.534057
1135594.854947
1134983.481241
1139787.424383
1161199.096856
1171605.473886
1173886.530209
1182688.766045
1187412.264060
1190298.575873
1192553.125223
1196480.384284
1188895.755438
1182194.784690
1184803.573108
1194978.078799
1204289.382959
1232639.612433
1233058.836094
1240267.816573
1240399.026382
1229604.921295
1241238.811438
1240756.297893
1242993.052160
1239870.884512
1241983.985357
1252247.919909
1257586.507280
1253346.222360
1248937.635849
1267752.744436
1269168.770396
1265077.288473
1281554.886868
1279361.095110
1286251.885807
1284723.597426
1282292.305413
1262994.913522
1256704.799533
1244009.572025
1239777.045911
1246485.658996
1251166.390789
1253201.245436
1261517.150259
1278066.316390
1278868.507363
1277384.376787
1276293.744782
1283239.034826
1288428.630710
1287380.266958
1286861.228872
1289218.453726
1286172.873834
1270904.799218
1278246.384581
1270579.448340
1281607.675600
1286415.927434
1290051.798768
1295934.415714
1313544.503797
1319339.760144
1322207.677164
1328291.296011
1339373.751174
1347174.742728
1358853.567664
1358331.955945
1366894.429552
1379965.597275
1395594.183440
1385555.616418
1379141.580213
1384668.190767
1375748.752005
1388666.933439
1376010.412928
1354788.309686
1330155.734924
1327644.443607
1295763.911236
1284655.423543
1297672.165675
1320747.575654
1350614.229883
1365261.109796
1375344.111843
1363935.226365
1353225.446872
1337545.256854
1330430.793910
1344560.021939
1352204.702477
1371969.088686
1359568.393160
1351949.840817
1351007.068787
1343187.381631
1330745.704374
1333829.201770
1333573.261682
1314556.805620
1286891.700689
1305209.223294
1277582.579755
1248013.352022
1252931.324460
1270409.242017
1276154.665634
1302835.650272
1298449.479335
1301514.291573
1302926.782356
1291273.808641
1297699.235085
1302460.381139
1309577.927419
1295102.187176
1291757.007931
1290016.820193
1283715.170939
1292902.857725
1305284.707155
1308365.024782
1299072.480176
1309309.302092
1337682.745595
1347789.954032
1353023.797446
1352375.423145
1352123.575993
1339097.869354
1332502.967173
1325724.070397
1319073.274538
1329618.548032
1322918.641800
1323992.042393
1326660.308101
1329292.300872
1329421.881114
1331836.599556
1336630.151154
1348219.153551
1365992.794985
1365771.405564
1382963.316421
1383385.846894
1382288.491853
1391754.045431
1405334.212439
1407262.374887
1418466.320931
1419869.612881
1403270.644052
1417175.290954
1405196.995533
1395499.375229
1376875.273811
1380076.275963
1365463.015299
1369576.234608
1377989.073206
1369122.043162
1354011.330240
1348802.905983
1359681.954433
1381781.456734
1388400.294684
1381309.173295
1399653.518686
1405367.184865
1393608.654121
1409537.539469
1406911.335457
1407433.620828
1418997.169339
1416440.638089
1421381.204683
1437341.749398
1432690.681912
1427549.835443
1421618.524753
1433223.388685
1433840.309410
1461763.185848
1463682.067030
1468118.568748
1498331.952465
1498256.463495
1502850.736053
1495609.601284
1491669.975365
1495607.564053
1476982.661352
1458520.536887
1465060.012884
1480738.739899
1493017.069514
1497260.122631
1511356.058851
1513269.198267
1509450.578159
1505218.533097
1501783.053696
1477313.852575
1470503.498167
1463740.182478
1473569.056363
1471757.195018
1477136.197531
1490594.768140
1473676.341086
1471233.290992
1481314.831696
1489331.557315
1499808.741382
1510000.141659
1514634.906325
1494094.872249
1429391.087975
1438668.883750
1411576.347270
1379859.522089
1413297.037789
1408878.414397
1440777.095625
1435810.950565
1412227.795405
1422513.550079
1424196.574728
1399135.908589
1433883.728812
1420968.604373
1417250.619479
1412536.188518
1444917.216646
1453034.388202
1459296.632573
1448108.729449
1450936.564726
1474725.980818
1455176.417521
1422714.095694
1435409.486364
1426150.048081
1443116.425854
1438602.941291
1420878.915948
1402158.470388
1393300.725277
1401902.174052
1405995.633144
1437669.699002
1432526.710275
1444440.880046
1470899.544280
1453067.847302
1439029.490881
1424860.734770
1421582.065978
1425594.283495
1434943.118734
1447110.189342
1426867.546169
1405776.935774
1402601.936828
1386508.885945
1361201.295782
1334927.042054
1310651.311861
1347965.246861
1366201.741058
1360328.127813
1333432.802681
1369321.329547
1386987.852764
1392883.590866
1403772.779235
1408643.670679
1410460.431889
1396606.069974
1429004.923837
1433557.545777
1436214.082277
1429152.481453
1417785.623923
1407642.210717
1418406.240074
1429157.070819
1408256.352465
1403120.905570
1430238.333372
1449934.120477
1447789.379169
1457120.121528
1462554.124066
1456047.708757
1454529.744829
1454230.200138
1458043.220833
1449690.977454
1460273.051759
1486801.935918
1472864.879079
1483437.898769
1488127.778767
1490767.309566
1484085.590822
1483867.490741
1471422.397207
1468134.136124
1494277.558282
1497361.970393
1514010.061520
1517718.211967
1518029.762483
1526523.929235
1532991.499247
1546310.282393
1530777.380831
1512112.733908
1525134.990725
1530846.347130
1540852.408583
1581325.801105
1582261.295528
1587539.301924
1570759.210618
1584990.678430
1582983.161065
1590424.603412
1578900.666599
1578855.720902
1573544.080443
1596788.246170
1603043.020168
1608775.141601
1605194.506047
1588038.220537
1582679.609404
1560182.888000
1545155.362831
1526319.659962
1535746.330966
1498674.936113
1509628.364608
1524006.183147
1533606.586757
1508193.699789
1504662.250565
1506396.793833
1492878.747442
1481413.669099
1486232.657897
1491347.926952
1485684.267601
1487667.001236
1473750.522548
1459368.077579
1481499.371822
1495893.339542
1530446.722031
1547883.910807
1535273.956531
1543108.419767
1539764.238098
1546483.747961
1561803.765522
1567495.102595
1583367.926447
1580682.506796
1581493.144380
1569077.298148
1573321.638984
1578454.742703
1576224.699213
1598438.221993
1599953.403300
1608329.547327
1602598.671652
1585686.553930
1589875.847164
1604579.824669
1606514.290706
1618124.869396
1633467.926956
1633361.270833
1632844.577989
1625372.867513
1622922.863386
1629996.038621
1637084.471471
1640120.542328
1607605.438521
1613739.343511
1624749.169962
1623763.865351
1612115.323410
1593357.838720
1581666.937804
1542918.825868
1549050.905468
1548954.404823
1579030.648046
1571933.370452
1591683.287608
1571026.993846
1584397.983722
1608525.518831
1602343.759244
1602576.879258
1596376.568994
1578188.740032
1583567.624790
1585524.292348
1596102.751675
1605446.330637
1595131.132650
1601505.933101
1624006.441687
1627079.462136
1628323.052041
1643401.369976
1650856.538198
1641607.349580
1637801.373041
1644563.528260
1638631.764811
1644437.541892
1641905.193961
1629540.127271
1638493.387074
1653208.432919
1648152.679942
1649706.064448
1649569.024583
1652786.025567
1670718.571486
1679489.586773
1688885.871457
1689224.878683
1701287.686188
1686932.485919
1672062.183348
1674520.602503
1719559.470695
1747816.053219
1747206.829419
1752076.783914
1756191.093813
1765769.567196
1783392.371199
1780784.106938
1790908.557423
1802799.607300
1800747.693650
1798940.718412
1800225.095571
1807187.994756
1811746.917236
1815289.559067
1826852.140722
1820734.268772
1817210.740882
1794965.319469
1812335.876457
1808932.289218
1816035.759238
1802980.192451
1800241.118042
1796844.645385
1800813.943566
1800934.012936
1814866.794741
1814854.266578
1819737.206203
1828382.645000
1833918.281499
1849488.360266
1868229.474811
1872498.952341
1881438.188419
1895420.609232
1898823.168448
1903536.939615
1902730.066341
1921491.616001
1908754.347970
1906388.781317
1928554.779397
1928989.022979
1928006.315428
1938737.209842
1947503.742039
1962568.153931
1963104.882300
2007637.359526
2004686.239910
1989541.313196
1994021.281608
2001202.010490
2007642.386865
2015476.573284
2012869.521352
2065453.735502
2141619.125922
2102952.009862
2123271.118281
2119836.226753
2137510.764091
2149292.598979
2158356.415928
2165720.791625
2171648.321899
2195780.348695
2234050.156654
2225669.337671
2131553.561659
2096315.873046
2087554.565075
2011537.068339
1976845.255264
2049452.640979
2042089.490457
2074464.617656
2051060.930779
2005591.553476
1868834.493107
1891541.061277
1755478.858921
1817229.856757
1655971.379254
1669987.918293
1598494.755446
1631994.508657
1649828.491607
1589099.119964
1706261.130973
1753981.835625
1788714.328095
1762903.631319
1760406.087161
1795393.543269
1730420.326503
1719448.596586
1839801.090321
1841093.705819
1866509.545600
1960391.467579
1985205.271877
2016508.959821
2017333.576004
1948056.092819
2012362.338740
2020276.316101
2023691.131358
2064582.964686
2047151.082618
2100166.971679
2120761.393056
2086056.377063
2096895.493287
2139950.396236
2117792.903799
2115809.634357
2096471.373856
2102314.970078
2113746.697549
2107252.887632
2130906.975284
2124428.560232
2111937.443974
2108544.952940
2131569.102486
2138593.178444
2155826.656762
2205019.092292
2216115.623358
2224788.570683
2216011.121305
2246073.136801
2276304.683501
2276161.465218
2323171.335435
2250809.632532
2249537.252273
2260671.066570
2286426.953936
2294588.758862
2313924.051228
2344544.158846
2361803.243828
2323785.214457
2331323.360432
2366617.831564
2409571.642823
2467672.492796
2589901.619205
2600356.040130
2605462.278624
2631151.775189
2660031.368812
2647789.737735
2640726.770203
2640753.714799
2628068.017867
2640701.288038
2732801.478746
2720164.262446
2723773.482120
2690449.631439
2658785.095359
2699688.267504
2681702.524704
2693312.506830
2687159.005198
2689857.270487
2708683.885623
2742661.258583
