1000000.000000
999894.526357
996558.109752
991762.909770
983840.513593
977677.524803
978569.165994
978827.077137
987503.552404
994461.282745
994117.509344
993603.439280
994673.567321
998471.880949
998297.416844
1000765.627167
1001755.557196
1005915.730148
1008892.995819
1022506.825553
1027067.607440
1037350.727413
1041518.506456
1050348.783422
1040024.221533
1039301.853892
1044268.915572
1049062.732873
1051780.417746
1053978.662853
1072598.275972
1073411.318286
1067998.948821
1073519.772846
1074514.702137
1076554.790886
1082197.718257
1079704.449457
1074597.183088
1065874.126402
1061033.647072
1062998.739963
1060559.336877
1053748.535052
1050871.498591
1059810.980276
1058557.362311
1060414.678161
1062356.014579
1065616.700694
1055992.925253
1057552.047332
1051903.218705
1050372.340421
1051972.115549
1056748.788194
1054255.102348
1054312.666940
1066733.867372
1073316.068428
1079727.284081
1086290.262210
1087950.681982
1095693.274317
1094489.437849
1100890.763295
1100262.249376
1101204.608122
1108201.989212
1109409.028743
1110982.636071
1099773.656055
1099095.325301
1100091.107900
1106338.117908
1107696.034950
1102937.639569
1107885.698357
1108677.550963
1107971.272959
1105193.861655
1094786.184567
1090632.619868
1095226.921719
1099466.831333
1097186.733551
1087173.508176
1079292.470998
1087048.032764
1091968.273155
1092692.489174
1098823.661674
1104032.377174
1106283.647127
1103765.699174
1099456.816456
1096543.709347
1097216.821857
1092109.069385
1094947.233454
1097717.890672
1099247.264087
1095955.683480
1098985.677995
1099739.673956
1103790.477152
1101389.631206
1099963.702712
1094058.965269
1092409.089676
1093888.512133
1096170.103456
1094417.049814
1096489.901498
1113421.250222
1116181.816234
1119785.685070
1124220.196244
1127061.723612
1135939.703305
1135856.465413
1135605.866399
1132089.612751
1131065.032499
1133151.895869
1139218.485526
1140696.359161
1164047.823283
1168269.197706
1168646.908661
1174064.906446
1177731.544362
1180256.871122
1183357.357138
1193709.316885
1193743.971364
1192022.436572
1189781.207622
1190367.649044
1186933.206589
1178672.815528
1189042.334082
1187187.972347
1187924.560847
1194742.011537
1199777.670022
1206001.627109
1204192.431842
1199388.230783
1189321.201557
1183713.431132
1177242.621205
1174218.625072
1178711.634588
1179925.353277
1180601.146857
1186727.097275
1196915.810420
1194850.325257
1194241.256411
1190247.200988
1195205.899665
1201478.401229
1201164.768998
1203290.570954
1207535.420604
1212034.316209
1206107.242526
1205676.909057
1210526.206244
1212339.667540
1218837.335658
1225493.360093
1232790.578633
1235764.374525
1237226.328877
1249651.834006
1254720.476354
1263004.198897
1269951.449899
1283224.907687
1283943.402755
1289913.189347
1305320.084231
1318633.434328
1319545.407939
1314918.074676
1321328.618738
1307109.941546
1306790.365087
1305467.979039
1286765.438998
1266131.807363
1244085.763365
1225240.207094
1224193.840532
1230390.342106
1239351.115018
1262867.546516
1274011.095392
1279240.158141
1269907.876096
1263862.390736
1252787.055254
1252108.127799
1260663.068308
1272987.291495
1281061.905243
1263504.636380
1259902.309251
1258474.921782
1253413.142424
1239087.552610
1244953.522962
1243688.961013
1226344.202966
1207939.503012
1224028.763734
1211206.949612
1202672.182414
1209018.528016
1214044.400952
1215558.230510
1234005.163257
1237390.148772
1252624.875481
1251254.345993
1244508.115423
1252274.425176
1257258.605641
1261846.532370
1266927.497304
1267051.152098
1258634.216614
1257613.605211
1270812.540526
1274125.053122
1280689.718631
1279142.953650
1288778.564054
1299697.341799
1315549.214446
1320127.588541
1322738.559099
1326401.917693
1323734.897067
1320630.610950
1317625.029219
1325483.718429
1333618.155464
1330108.849664
1324880.568611
1330370.394610
1327673.997149
1317119.304053
1316246.779259
1327985.756523
1336344.041117
1345898.512599
1341995.548876
1343721.826416
1346842.213450
1344752.649408
1345157.420245
1350164.474498
1352037.299848
1356507.593193
1358914.496752
1351643.697601
1353237.518373
1346708.350253
1349651.217442
1333864.472134
1337197.952476
1334547.977871
1339891.724384
1345679.180439
1346856.557605
1344460.062262
1342633.310326
1351386.968827
1364974.088978
1368740.461658
1369429.412566
1380544.201310
1384457.923859
1376836.402606
1378519.892012
1374732.668923
1373078.308613
1389378.672267
1401167.725597
1411860.564154
1419989.017466
1419978.478463
1411811.165342
1407727.025459
1414854.191502
1415140.797408
1414682.049243
1423197.649310
1427151.798447
1441205.071551
1446581.386984
1452568.143007
1446371.975956
1444802.539977
1451891.815838
1441460.517475
1444377.515627
1443808.979123
1441782.786327
1449406.175717
1454876.148033
1472969.655723
1476715.821429
1475789.717098
1472410.367570
1474098.786893
1457242.666672
1451267.747841
1452589.833903
1449826.457782
1453178.130829
1454966.493464
1468384.312778
1455630.400314
1457930.274332
1464759.374964
1474517.648446
1493531.823024
1492544.463871
1504124.493640
1505343.071633
1462605.444908
1469355.889587
1442159.013965
1411818.711138
1430290.415036
1425118.500521
1442760.477334
1441510.380487
1418969.812901
1425687.494636
1402944.099725
1378574.767562
1399607.345679
1380782.559229
1379986.658501
1394256.757358
1428364.066224
1415630.864483
1408832.505050
1403719.826481
1411722.054612
1429300.633667
1402810.086895
1388472.309864
1388618.013952
1374500.839378
1388475.422053
1386642.321350
1372645.368271
1354830.108064
1349349.056020
1356674.673647
1362134.525384
1394780.024154
1391148.918183
1396298.757279
1415263.006560
1402802.283256
1382900.853584
1374152.774296
1371390.935183
1377719.131937
1387567.233153
1392364.580693
1381549.655068
1369848.780889
1366707.634241
1353277.433455
1337786.991897
1310193.388761
1302667.805369
1325049.187480
1330009.668677
1335227.413397
1313842.567446
1338441.003269
1342909.815080
1347655.945357
1354813.858932
1356690.056807
1350561.326655
1344616.541485
1369704.550272
1373446.011379
1374475.052714
1386324.954781
1375498.444972
1372180.089994
1376988.021290
1385104.448479
1371504.357886
1371098.232980
1391398.762369
1409443.296299
1409724.059367
1422672.751415
1427063.091546
1426739.854701
1424303.615845
1412807.333051
1418443.492684
1415285.462372
1424565.733249
1447350.215244
1442449.062557
1442999.640208
1437462.447587
1450325.909353
1452584.579863
1455138.273101
1445887.358209
1436504.553463
1450857.037582
1459483.048562
1464995.286281
1464295.090641
1473903.171002
1480923.586428
1486613.964329
1492927.151710
1488210.614235
1473514.465136
1472774.859432
1470982.363746
1477507.877444
1504938.256695
1513921.230779
1516354.943824
1511494.101398
1527366.224113
1523568.440965
1520459.436132
1513348.565927
1517774.633144
1519551.056191
1530320.500415
1534898.920487
1549649.612331
1550359.426627
1547887.918250
1549621.473449
1502857.012203
1496563.364255
1489284.409307
1490479.421489
1470062.194085
1470351.895170
1486233.250590
1500879.102071
1494315.444470
1492953.275780
1493717.125282
1489954.785316
1476172.591237
1479637.369769
1488421.595538
1480777.666185
1488576.260047
1483104.017045
1473695.115609
1478691.991394
1483664.544750
1516335.225915
1523273.080665
1515434.160149
1517555.690218
1513203.737585
1514057.808337
1528744.586949
1530388.996284
1545879.596260
1543230.796212
1540951.487033
1524911.096085
1525476.634855
1525254.476478
1520581.267255
1535293.929880
1540756.544874
1537945.682348
1529560.417884
1517949.331139
1515053.431041
1517399.989671
1520577.437671
1525272.133281
1540446.710780
1538985.583613
1534755.205562
1526322.999253
1522859.281605
1530463.056084
1537113.879225
1534811.569876
1538210.337925
1557774.489704
1562939.955846
1565783.749876
1562007.658491
1549080.749792
1536755.346025
1510398.683699
1511492.280230
1514265.354447
1537010.779888
1531279.785770
1529736.626816
1516922.985765
1519268.573692
1535871.157398
1533678.346944
1540635.758350
1536164.943185
1521766.339545
1522381.024669
1527480.120676
1535590.336965
1541461.570694
1529897.130306
1543083.768246
1555221.599012
1554225.575465
1552456.668411
1557363.732205
1557132.271419
1566993.037489
1560580.648167
1561901.777660
1557262.493427
1558905.854853
1550262.879319
1550432.299053
1559796.896219
1562549.155053
1555559.808793
1565184.008973
1547042.572453
1546635.737320
1562904.784493
1561052.777856
1564678.407835
1563961.399697
1570941.329926
1564012.130815
1543802.767916
1556916.785640
1561383.922243
1571408.934245
1574248.768920
1581825.051322
1583565.992185
1591379.392116
1608438.600887
1608583.147955
1612660.668397
1617388.036106
1609065.803404
1600102.197216
1601292.716662
1608117.783252
1611490.660663
1610029.973397
1607884.758971
1600647.322493
1603095.676549
1593321.933030
1607639.583462
1600813.522921
1605911.137203
1595474.074466
1585805.962399
1584008.427223
1597379.611974
1603951.976106
1613821.212075
1607314.643621
1602776.612789
1608545.552906
1607546.189412
1620483.375930
1634688.416058
1647404.030879
1648051.982120
1657121.720901
1658010.084061
1658727.080281
1656973.886734
1663094.998439
1655606.996804
1650326.098984
1670393.970691
1679202.124606
1690053.642136
1680631.888532
1688572.251795
1696384.651047
1699132.815814
1715538.625452
1710860.891797
1707781.086894
1715634.697572
1721593.589807
1709544.676407
1708128.384307
1707763.151232
1666771.083051
1689391.927991
1700060.454179
1706352.873027
1704667.661890
1712873.488268
1713945.676836
1728702.624213
1722882.276647
1724480.190073
1728101.303488
1736151.312016
1729314.737932
1667590.048562
1650526.236048
1650782.492711
1606947.529519
1578074.009370
1620497.571913
1607951.732704
1636438.811260
1623530.247136
1592291.759700
1493555.019876
1497516.704709
1391752.602904
1452467.389601
1343612.661850
1356127.767998
1315346.934169
1315700.326136
1341042.750455
1288184.299064
1384922.969836
1408482.742547
1452231.092882
1419424.685979
1428201.243823
1448409.818299
1392115.011424
1379857.316447
1460801.044909
1455860.383083
1468874.666232
1467917.855620
1466197.120251
1493960.440214
1490109.031390
1445568.179463
1479376.358120
1505707.223440
1492797.427077
1505202.801453
1498437.023886
1544668.876853
1561866.557152
1533551.802802
1538751.738261
1560978.951632
1549038.710720
1540524.864253
1521602.090001
1525111.327554
1546047.315727
1542171.328065
1557250.107732
1552974.671789
1551309.165596
1540393.961425
1563554.754302
1564027.437770
1558511.407339
1579416.083056
1597040.865389
1606464.727278
1601753.944631
1622665.873799
1636043.573304
1631725.143272
1642563.639318
1590597.879459
1592029.893315
1584084.402355
1608799.171161
1608453.637560
1611729.013043
1622172.795505
1637813.661391
1614830.416591
1622979.484917
1627894.075251
1640803.426306
1666197.587834
1722039.741748
1725945.022950
1719099.887310
1717265.507695
1713473.406086
1711788.008264
1706431.918833
1721726.171327
1732881.094404
1730862.949423
1761277.140083
1767128.656391
1760828.729526
1730652.025482
1723066.196271
1731221.217642
1735512.895784
1740881.530365
1734098.988922
1737616.818693
1748116.314349
1765267.780931
