1000000.000000
999798.861990
996460.983544
991664.357376
983740.454903
977576.055925
978465.738380
978721.758966
987394.811025
994349.612916
994003.834615
993488.150799
994555.691091
998351.768151
998175.094513
1000640.718528
1001628.617645
1005786.343917
1008761.352095
1022372.072379
1026930.241453
1037210.526871
1041375.478679
1050202.319870
1039877.712450
1039153.390385
1044117.688395
1048908.913188
1051624.147591
1053819.638311
1072433.846867
1080418.836361
1081570.118925
1083049.438018
1082433.690616
1085727.540272
1087544.567131
1089309.828890
1099155.309030
1091162.952342
1085680.813192
1085081.878902
1081420.094000
1081474.358678
1084814.516795
1100474.440234
1098532.881410
1102916.791328
1102728.492730
1097505.800520
1087907.208319
1088167.240123
1076311.571020
1069872.809800
1067927.599699
1076625.520339
1077308.760843
1086495.266981
1099763.245612
1104079.766565
1118692.748499
1123918.631828
1131016.303305
1137781.719966
1136434.468213
1141344.953127
1148434.524984
1146402.003534
1146209.457747
1148975.443375
1153764.051172
1144615.300694
1140122.710019
1140839.897247
1152337.133771
1157904.510179
1158051.409750
1161403.577322
1173536.827674
1171828.979259
1170931.160186
1146407.810016
1125389.425751
1145662.349690
1147174.136201
1137535.010067
1138285.750241
1134580.714857
1147476.891599
1153658.288888
1151387.810149
1153468.075992
1156377.852404
1166762.587677
1166874.686670
1160268.616290
1160077.154303
1161978.254792
1153851.044459
1163436.868528
1161367.547906
1166460.900731
1156225.350526
1163525.379059
1173140.510368
1173473.822476
1170209.980058
1159642.397172
1154015.124831
1146184.168304
1149219.969202
1150712.397098
1150045.108602
1158022.877508
1182726.132670
1190774.552369
1194246.892711
1203827.294184
1207470.975236
1214467.142916
1215325.148619
1221445.042460
1206592.249617
1197953.535219
1205185.568217
1212076.958657
1225715.180976
1246438.557601
1252765.008075
1261777.546421
1265041.912911
1265698.466745
1275068.320747
1276656.520967
1277480.572381
1275158.649783
1271908.336063
1281765.986097
1278869.205045
1277675.542659
1262259.923043
1272022.822858
1273412.859221
1279606.367398
1291528.437891
1296224.909635
1303002.876418
1296121.008522
1295293.656240
1267522.898232
1260688.396248
1249619.826009
1239676.220650
1247237.602233
1247497.641123
1248219.004314
1251924.345442
1264898.150607
1262232.776822
1257454.135751
1250720.218933
1258555.460630
1271732.648579
1271218.611501
1268269.226231
1273850.801612
1271641.117278
1267645.881938
1266074.262120
1261953.980653
1267137.552835
1283016.495961
1291710.769296
1297392.602157
1301796.584855
1305631.238918
1309128.791828
1313569.088389
1316553.858757
1308821.675235
1318662.950142
1316576.425922
1330296.808863
1337471.728334
1352938.136126
1342375.542341
1333069.046382
1337023.941100
1326765.457902
1330794.446721
1323938.442823
1306580.701888
1277224.011173
1275659.457232
1249512.744203
1244786.166982
1255380.838277
1276279.393885
1277177.519809
1289661.132943
1300300.029725
1288798.410228
1278594.307995
1265321.348002
1267053.006908
1282611.302149
1291411.145470
1298140.921399
1285185.459069
1281546.845513
1277710.143069
1281182.350527
1265230.975444
1275769.682318
1271537.380108
1257388.131228
1233563.090384
1251543.416226
1239068.806684
1233956.447670
1238864.061539
1245373.004866
1248654.971960
1271078.029778
1269384.169575
1275878.752077
1271661.485894
1262322.829520
1270702.311044
1277062.758237
1269125.975181
1260666.971634
1258957.239924
1266832.526011
1258317.378819
1269576.648363
1282160.016689
1291144.240582
1293026.102089
1306880.552223
1328467.193564
1346532.432869
1355604.360192
1352015.846962
1355415.598495
1344087.074420
1337804.034567
1337873.389550
1344175.611595
1351866.331723
1350709.667521
1348585.616403
1344154.642736
1343419.018981
1340349.701837
1345697.624760
1347713.543088
1355615.367517
1369174.213003
1371303.804367
1368637.762049
1371385.949270
1368511.452323
1369866.696097
1376074.030773
1374160.540548
1375858.477018
1366912.100719
1351761.769952
1357457.093674
1346176.296245
1350283.817465
1321630.188065
1325959.424095
1324552.892624
1329915.368031
1333174.827828
1325583.056667
1328159.288032
1330413.393279
1340186.245637
1356816.822074
1364297.594226
1346059.243092
1364472.715635
1363574.217441
1349554.050126
1358477.938516
1358604.018002
1371510.516543
1380536.462797
1378733.236671
1382666.716699
1388645.198998
1390966.428720
1391360.159655
1389104.959121
1399114.432197
1399475.284589
1397174.528507
1406065.757645
1415568.351829
1427780.340336
1437029.527594
1438467.397256
1424188.765064
1420053.057097
1428432.401189
1416970.427989
1410821.933116
1423730.725994
1428807.521218
1446929.542334
1455526.804596
1469035.940580
1471157.262009
1466870.301959
1460545.063630
1468126.464526
1447824.981884
1435078.144694
1434099.219854
1430880.757129
1434119.857723
1436628.520638
1449342.224368
1435002.811102
1431213.180779
1431729.052300
1444656.969372
1454824.329291
1457544.317145
1467689.824036
1478499.828127
1417689.830054
1422466.491458
1397698.373745
1356533.863985
1381158.558416
1372449.662654
1394157.871628
1389648.943767
1370981.159229
1375747.895472
1352569.357426
1324625.966223
1344399.894267
1320029.352416
1310929.575053
1334989.199359
1358645.050969
1359531.087174
1351226.442370
1348716.964255
1347167.884315
1360160.573162
1335963.532136
1307793.681371
1314036.063919
1302510.543731
1326731.177206
1292463.812721
1262097.833684
1254431.964136
1253036.754242
1257521.279633
1262708.125149
1280726.502968
1277311.622233
1283755.827236
1308402.369978
1285886.233242
1256061.858112
1245997.754179
1245055.899356
1248378.038307
1255337.634252
1258453.881265
1245352.013247
1231806.562840
1233202.847787
1217493.954120
1199940.423880
1181236.936481
1171176.139679
1177770.312580
1192536.098786
1196551.560093
1170641.303573
1202550.410465
1208688.638356
1209024.701542
1217178.996633
1223144.470782
1224971.000043
1216180.207420
1229433.215000
1224799.025946
1226848.052139
1248136.389958
1229315.013651
1226569.336407
1238778.900446
1244441.266420
1206783.144450
1204302.585300
1229545.159135
1245394.673586
1249207.632932
1270542.591374
1282729.361679
1284914.307921
1286251.993647
1281048.318095
1290282.794146
1283838.718685
1289011.909446
1300349.333066
1287603.789945
1280473.155845
1279581.545691
1288921.679539
1299991.313418
1296052.697027
1292902.590598
1288639.456023
1311126.800428
1320072.873437
1335483.970663
1337523.921719
1349664.785286
1361519.391587
1373484.266801
1376734.174582
1373686.277080
1358631.768180
1368317.662182
1368567.141918
1376953.262023
1402713.102246
1412188.700280
1417683.835115
1417681.575445
1430648.203493
1426745.268862
1428915.582243
1425277.981978
1422048.715010
1415662.845342
1429412.716746
1437818.031724
1452708.747609
1449302.585472
1437241.385019
1426379.662396
1399654.571465
1394625.953657
1375493.678178
1378950.506861
1352857.792219
1366196.686422
1374497.656454
1385639.876476
1378907.396681
1377144.636130
1384034.242180
1383367.855288
1365015.099581
1367776.576754
1366244.731779
1354693.791873
1358199.388326
1343215.490755
1341875.482192
1358532.950088
1361552.920344
1388668.673899
1400792.473799
1386668.539159
1387952.389536
1379972.712209
1377174.875919
1398620.228895
1396402.450512
1409819.665173
1406516.882389
1406917.658873
1402233.959225
1416129.599918
1420203.278375
1418752.186695
1436584.210243
1439528.084768
1442916.836331
1435514.743638
1422119.831618
1424492.511534
1427590.158195
1435309.855172
1439867.439298
1439361.054363
1443874.152855
1438906.514435
1432333.760044
1425363.874757
1435188.144336
1442938.095883
1440979.207852
1426019.100880
1429387.800571
1437487.914078
1437363.932251
1423162.569161
1414547.795528
1390906.872785
1347495.900778
1345004.076518
1345189.177776
1362574.947110
1353805.731350
1372667.411230
1358873.101038
1375435.126307
1405109.962026
1393319.667241
1402482.208572
1390288.534273
1371334.994232
1375130.320467
1379537.275909
1389768.846731
1392493.594609
1391236.442528
1405798.282565
1418491.699737
1420211.706823
1420306.891954
1434905.502942
1435397.459249
1425541.449870
1421846.998084
1422019.390462
1414422.408299
1415733.144683
1421081.743976
1414143.069413
1416345.117140
1419685.255376
1415727.337439
1419232.617877
1415861.163295
1415813.694671
1416343.582060
1418637.335120
1425790.652947
1423476.925535
1433948.654985
1424477.474960
1438484.788558
1440361.524198
1451082.037371
1464219.190826
1449234.086715
1458685.685704
1455415.541327
1467810.710427
1484852.052136
1487576.899967
1487593.093637
1490091.044944
1485116.733745
1476356.888568
1476540.890874
1472776.064085
1469663.928197
1479030.620470
1480076.924062
1477579.717275
1473270.755591
1476592.071015
1498483.201969
1492072.572629
1498230.014935
1486980.575361
1474982.062614
1462308.780855
1465276.141750
1459430.454493
1473131.995636
1469445.936006
1469216.655994
1471506.112674
1486709.418941
1495097.167146
1508209.182407
1501593.664767
1501346.679727
1515804.319114
1523155.192186
1524138.711242
1519544.065639
1525797.538036
1517606.035228
1513735.594303
1533110.521740
1534027.437227
1534990.205115
1533749.573353
1531117.707190
1543094.037895
1545874.034053
1562339.510005
1551252.983758
1546416.325838
1552941.058647
1560479.814491
1549108.487136
1544394.306164
1541838.537296
1492111.445382
1525942.925878
1542735.840685
1555691.060217
1548061.757727
1556760.061317
1570096.270660
1579795.025136
1566600.249104
1580277.737422
1579753.218697
1604547.721692
1600915.842039
1523996.877458
1491526.983213
1500151.442448
1455989.124497
1437842.268533
1473920.026991
1467173.033116
1501454.681261
1486177.295004
1444433.093087
1335279.342705
1338661.819550
1229073.162025
1284510.430527
1191557.052269
1244433.743041
1204432.599439
1220234.323272
1217108.631844
1186456.713681
1284290.259485
1311227.485740
1330427.349476
1290168.621327
1311914.149538
1335525.447794
1285953.481690
1286120.904720
1344002.302958
1343909.269412
1351108.793608
1349908.055196
1361915.011753
1375560.190390
1383005.108181
1341709.716543
1385001.817617
1386607.547926
1381560.546671
1395878.534029
1393624.570665
1421396.360599
1411524.525933
1399586.952627
1416414.066535
1446561.874366
1432632.629652
1424216.485264
1411734.461192
1427740.719313
1457971.270779
1444873.033696
1461690.731354
1443956.845598
1438538.699294
1432361.525254
1445970.304080
1449981.049091
1450151.708148
1468331.687739
1485157.577410
1505114.455147
1502566.910485
1538625.640498
1539075.248713
1533789.804079
1547100.897459
1488772.938876
1497807.508530
1496741.024036
1516185.968947
1521770.132783
1527706.328030
1551602.940416
1558759.830138
1532120.526648
1530330.837151
1527304.393724
1539997.793410
1563297.200744
1610299.566660
1594101.295697
1602543.211816
1602833.397781
1596609.163688
1597742.215334
1607953.985126
1601506.230305
1591629.020196
1597390.320668
1615953.437459
1621406.268063
1613809.613871
1618856.193533
1616944.057443
1619735.835356
1612965.716162
1628065.110148
1610702.021227
1614722.013647
1632443.808212
1668777.843473
