1000000.000000
999894.526357
996558.109752
991762.909770
983840.513593
977677.524803
978569.165994
978827.077137
987503.552404
994461.282745
994117.509344
993603.439280
994673.567321
998471.880949
998297.416844
1000765.627167
1001755.557196
1005915.730148
1008892.995819
1022506.825553
1027067.607440
1037350.727413
1041518.506456
1050348.783422
1040024.221533
1039301.853892
1044268.915572
1049062.732873
1051780.417746
1053978.662853
1072598.275972
1074153.764478
1063531.429540
1072076.123677
1070946.376860
1067713.839380
1073005.362782
1080436.558361
1080856.523580
1077491.861207
1077593.841498
1075491.767312
1068993.178479
1059068.622362
1057308.083527
1065418.343194
1064257.895084
1069582.402739
1084822.666548
1086846.112197
1088282.729702
1079310.232814
1074027.505325
1073064.250419
1068479.457167
1072842.392437
1073735.461562
1066927.177483
1079390.985371
1091138.192348
1098389.495090
1105362.534749
1111810.682930
1114043.969258
1108231.890002
1118766.855211
1120709.334832
1119211.289961
1132545.167402
1136240.224656
1132391.853423
1131567.471371
1138352.271839
1146065.908983
1149789.190750
1154803.452298
1139992.319825
1141408.131087
1150792.654264
1146934.660212
1146420.195376
1134314.229148
1117440.039737
1126423.944843
1132827.928847
1131141.207194
1115521.899070
1102299.105636
1110475.048798
1123981.273960
1128558.086032
1132462.573882
1137048.020922
1134588.274297
1135136.694693
1132866.148557
1123590.632685
1121170.541062
1112031.233180
1114015.142715
1121077.835317
1123120.621292
1120451.861780
1123703.433512
1123896.305678
1127116.171293
1125212.898286
1123598.719292
1116774.046490
1113524.800680
1115497.027640
1107807.222398
1111616.326491
1117591.797010
1139390.476967
1147185.470998
1143961.746194
1147729.299295
1153377.403801
1163312.958894
1160839.196009
1155105.646878
1161723.945602
1160999.371408
1166690.341683
1223801.601383
1236880.989320
1276616.452656
1267935.689473
1257997.173556
1269164.977852
1271037.962847
1285451.150734
1291973.863423
1289701.487973
1288128.199537
1287877.193802
1310034.147671
1315352.690182
1311859.574151
1306649.885736
1332097.251987
1331651.317653
1332699.173076
1335320.998551
1334063.301351
1328247.993008
1323271.363517
1326559.504473
1315857.913464
1303036.391227
1288588.959967
1292074.667018
1302060.124607
1294292.277878
1288745.363206
1298078.004238
1319625.113652
1319819.402086
1321385.771599
1320047.558495
1319362.164944
1329908.756475
1335074.524415
1341281.911797
1345544.520966
1348113.741076
1331260.333579
1344331.691402
1342619.857202
1344097.360927
1351593.730618
1362865.632617
1368657.878545
1371190.742723
1383027.816508
1389372.813383
1396434.907078
1411155.501941
1405457.182383
1415573.698430
1418750.950859
1421060.805146
1437685.624575
1460533.031547
1465520.450709
1448257.764883
1437055.532853
1429581.742169
1448836.807736
1441917.403608
1415868.425310
1397899.223843
1365324.333858
1359374.456288
1347643.966234
1347131.294911
1360722.106755
1381098.991091
1393589.418317
1394311.016278
1378344.860222
1372985.447158
1367020.266502
1344444.326985
1364990.177446
1373625.183642
1374521.386023
1362887.697408
1362917.747265
1368561.629766
1363526.363245
1355041.280605
1360918.921265
1359943.216137
1336911.718648
1310912.981176
1333834.648543
1327245.080238
1308232.635769
1312662.378161
1320207.444830
1331687.691783
1359705.315446
1354022.916018
1354245.150079
1345734.529912
1325407.783076
1320158.915982
1322689.357838
1331838.483476
1326005.145924
1331432.427547
1331468.539955
1325620.320069
1327362.233053
1340933.327362
1348273.180973
1346413.900166
1346571.596869
1377984.915141
1384465.796275
1389518.185045
1397356.485916
1417511.079070
1410354.445705
1397796.027915
1392310.186348
1398131.885882
1406084.815860
1413441.082335
1414895.740254
1415594.749808
1414485.848581
1412778.423038
1412162.141207
1430108.028232
1428582.091451
1449455.687139
1450268.318578
1455039.497892
1455330.458450
1452423.126661
1456319.033816
1472042.738638
1473361.785621
1474603.921631
1470977.021152
1451091.160261
1457182.675665
1449871.575812
1458424.431687
1437927.382565
1431213.383397
1409227.152616
1402466.469243
1419236.903951
1409979.379971
1401974.408574
1398145.852779
1410618.367760
1436248.619476
1438572.166825
1427241.906937
1442781.711306
1447947.115078
1438119.552518
1441129.668928
1435749.455153
1441384.345253
1468923.997061
1481197.382812
1488298.984405
1505936.651702
1512522.844174
1507836.321222
1506789.702262
1509370.517076
1503111.211368
1492581.405687
1495054.615768
1505721.664274
1521652.940144
1519047.869025
1539270.392067
1520629.414563
1504904.146879
1505856.670969
1483196.077306
1486601.509439
1491559.948899
1500365.319976
1505642.501651
1505101.370225
1537994.097176
1547460.760961
1540168.365539
1537165.999931
1540947.433192
1513488.758281
1503404.867923
1507084.481375
1497295.092540
1498776.159386
1500261.151294
1516977.839635
1501253.918075
1506727.475621
1509829.953010
1538792.992711
1545036.311993
1552477.622111
1559571.893845
1564551.174338
1521584.386447
1527010.825777
1510519.601548
1461628.337202
1491974.842401
1487808.753786
1507435.668306
1497953.509235
1489089.524168
1503974.325860
1457821.179666
1441138.810217
1449450.307173
1432474.672677
1433958.526850
1417368.551485
1463075.839408
1462682.797699
1482159.061459
1481515.494877
1470282.098391
1484289.864546
1453125.546343
1435331.966416
1439853.545694
1424913.612755
1442396.295958
1448759.143234
1443533.229466
1415922.675521
1420027.992475
1418296.417419
1423201.626831
1446677.859340
1441340.219904
1450561.210854
1486889.828857
1478095.456514
1448478.323247
1437556.053170
1430881.812719
1447878.214639
1456337.311799
1473940.618488
1458708.349686
1444182.888123
1439866.452976
1425382.391717
1400750.117284
1374460.992869
1366517.428563
1379142.016650
1398812.364155
1402716.463254
1383271.203237
1415212.347957
1418472.272475
1425813.742495
1442662.093111
1445857.030725
1454060.688592
1448403.719149
1484431.568332
1489919.312555
1480619.203469
1501300.689197
1485299.219799
1479688.320335
1491313.987944
1500908.681668
1488207.763991
1486235.605563
1502964.394031
1526928.859761
1518879.888243
1543091.709319
1537305.639262
1536923.134689
1525851.564383
1528055.821261
1536587.466914
1538643.206656
1553395.619059
1584951.553971
1563091.401642
1568915.148489
1575560.199595
1605522.894809
1597802.710818
1593590.253483
1575680.390444
1562488.388629
1581889.544283
1579797.022180
1598919.326561
1611427.490552
1625936.397340
1649346.648126
1649092.753505
1657522.160593
1653731.923263
1629116.472661
1638180.028158
1654555.804955
1676967.347295
1728526.483596
1738449.852074
1733110.019979
1744447.935941
1766089.004076
1758287.155222
1768530.769698
1758743.626681
1756776.469657
1748302.442041
1768001.053642
1766384.033875
1782945.466367
1790245.726304
1782908.574910
1777305.627827
1724818.201414
1709351.993081
1691604.339116
1728233.719775
1702024.752675
1710215.797551
1739007.324774
1759397.563607
1748125.054513
1758440.776783
1758604.693162
1758239.339536
1736067.945071
1758302.525341
1779897.174475
1771882.656681
1779282.614177
1766489.726072
1764671.017573
1762050.561609
1757759.460419
1798779.594359
1823740.657605
1811530.326032
1814947.794159
1813289.116748
1810056.264841
1832528.979222
1843543.700816
1885598.076078
1884513.249821
1892252.156041
1866690.395914
1862449.681031
1877141.024403
1870651.158689
1904029.116099
1906495.238616
1889742.623826
1893669.870453
1864494.149066
1861662.326146
1862061.348336
1879620.440491
1890177.029032
1901550.206488
1900957.954446
1901483.144305
1886523.850287
1889533.278801
1893253.503809
1888191.471470
1886032.795993
1902265.318486
1903858.702983
1908197.603630
1896292.613811
1891038.389964
1859398.313962
1837894.888242
1800832.015288
1804178.384501
1790805.264892
1825767.349837
1812838.622902
1819421.474546
1822889.544661
1834406.579930
1843013.102423
1844109.006226
1845549.551703
1839837.983374
1844403.633836
1842883.484417
1846682.046810
1843507.586125
1854856.692947
1841705.947389
1862006.307177
1883058.448597
1884926.416056
1879089.211176
1866089.247123
1877980.625048
1878981.148483
1864264.204896
1890666.385832
1881614.002558
1910185.557733
1902266.180454
1903309.239806
1883195.109151
1890517.980068
1888785.649909
1877385.355202
1857754.882678
1852156.874286
1881661.752055
1879057.557009
1886935.127447
1871384.449061
1888041.477831
1877345.856438
1840283.614347
1854226.346246
1842676.241605
1875632.826978
1879925.333175
1892548.821658
1924233.786794
1945675.912078
1972215.209105
1978679.046727
1984844.868900
1992639.553251
1984907.539410
1980644.923371
1971482.507036
1974993.120560
1998754.361391
2009100.169077
2019014.448608
2004632.471697
2005037.741273
1982920.212224
1998737.438251
1988363.315480
2007965.504287
1976620.970634
1969236.226920
1961117.755083
1973538.110620
1972553.963998
1976887.291491
1966409.309426
1961248.905730
1964068.542787
1966755.215172
2002518.514285
2002472.778173
2021055.270817
2019301.894849
2019771.130007
2029199.344931
2027716.303036
2030747.721351
2045945.756351
2043140.244656
2037128.773614
2054741.176090
2042345.569477
2027248.299377
2021036.195327
2015636.162701
2046149.166756
2056923.888221
2080597.446546
2065698.715319
2054878.321391
2059139.196833
2056129.440669
2033025.556350
2034220.672916
2033917.965762
1965626.197000
2019527.585626
2033460.662616
2057195.147517
2052883.773350
2050096.009738
2065933.874915
2069254.225656
2067947.695056
2061605.244787
2064482.804360
2076011.903629
2089608.504023
2018251.679647
2001578.761313
2005496.201632
1967765.108139
1910523.585665
1950632.905024
1943513.522117
1969475.217838
1984670.514562
1923817.521407
1800028.757161
1806321.230934
1674084.475987
1758317.405534
1615357.487946
1615636.400212
1559954.043852
1540930.977898
1583009.721789
1508657.895164
1621948.511339
1662700.379258
1702610.518489
1682528.278258
1689281.883676
1722711.971545
1668719.494921
1658313.396759
1733957.882356
1724420.578257
1736174.022691
1737814.684485
1746910.625409
1779129.079280
1779348.704917
1729323.282254
1773018.944721
1785323.901599
1767143.288260
1790303.029148
1793945.167400
1843308.807647
1852151.447100
1812473.033573
1816522.124475
1829289.845625
1823849.960168
1828650.682334
1794692.617642
1789508.146339
1798767.002940
1793948.884198
1809291.897985
1802718.102758
1788856.938634
1786501.621234
1812548.909021
1818382.968747
1820007.226309
1868166.771096
1885904.112039
1898817.361982
1894298.654906
1948301.027136
1957535.158652
1952817.781889
1968794.576097
1894152.420561
1902232.758442
1873035.591215
1900302.983982
1900774.559798
1918876.714020
1941882.215530
1971605.964606
1944649.673543
1945238.243736
1950825.031035
1983569.344887
2015330.351187
2099507.900011
2130708.862692
2130930.825398
2141660.729097
2121664.541351
2128616.340796
2107741.801400
2116671.249112
2111890.569788
2122637.941076
2161819.335679
2174453.992826
2159695.656542
2135154.360824
2095464.516062
2101338.222661
2119112.318187
2131699.684303
2115066.828210
2137499.115909
2163442.961100
2188225.263253
