1000000.000000
999894.526357
996558.109752
991762.909770
983840.513593
977677.524803
978569.165994
978827.077137
987503.552404
994461.282745
994117.509344
993603.439280
994673.567321
998471.880949
998297.416844
1000765.627167
1001755.557196
1005915.730148
1008892.995819
1022506.825553
1027067.607440
1037350.727413
1041518.506456
1050348.783422
1040024.221533
1039301.853892
1044268.915572
1049062.732873
1051780.417746
1053978.662853
1072598.275972
1080473.707722
1086353.106154
1089700.123256
1092811.092673
1096240.717445
1103524.562452
1106475.192754
1110595.251401
1105087.301514
1103299.403124
1110933.211804
1107348.368483
1100609.277931
1104066.609151
1110793.692327
1110514.699355
1116722.445100
1122426.920000
1126915.157174
1114308.781146
1113305.661725
1099890.355353
1097533.577616
1090944.024045
1086378.098731
1075457.319181
1082885.952005
1089563.926447
1100335.079054
1110518.974883
1115617.367242
1124626.298714
1127046.828203
1128873.306165
1134145.276857
1142789.932309
1136591.374323
1146537.240064
1146503.013244
1148859.077804
1140572.873042
1135181.146961
1126325.474252
1133799.762370
1136898.699728
1145715.664015
1150965.906578
1153668.824366
1160377.680949
1155496.914442
1137266.895703
1133086.342051
1145615.979741
1150586.086646
1139310.091498
1138526.359326
1130544.553678
1144411.869448
1152106.375986
1151389.948006
1153261.300489
1159445.385742
1166919.747835
1163451.891146
1160624.877852
1155898.695836
1162897.132015
1155076.096003
1168616.360232
1166923.046360
1174657.848152
1170795.596653
1170507.381012
1174455.103157
1171351.916106
1168088.321108
1159506.254950
1150887.048764
1144819.442495
1145431.794597
1142418.198481
1141775.178959
1149033.509288
1170683.819201
1181487.059165
1184253.469078
1197990.629014
1199028.714495
1198981.119046
1202916.660914
1210703.760654
1197721.214447
1183905.422949
1185976.426502
1176578.491704
1188943.264387
1220265.979400
1218962.330673
1228092.755105
1221687.646155
1212365.729664
1220216.731282
1217401.559487
1220240.742717
1221527.108940
1219907.189127
1221419.656967
1232731.898306
1228853.764978
1221691.406566
1232801.726690
1236032.560409
1237608.526695
1255542.420225
1252071.325448
1256793.128827
1255039.071276
1260082.139365
1239006.424058
1231522.584838
1222941.592358
1215821.481249
1223854.060122
1232724.424029
1226825.152115
1240418.613323
1258645.548239
1265426.207174
1264694.487938
1256204.266892
1266825.955773
1266642.782467
1266295.995563
1261665.930266
1268424.480075
1260668.971684
1247610.535444
1250732.522342
1247223.396195
1255279.169941
1256418.639161
1259607.667711
1267386.237302
1280041.701599
1283916.489850
1283342.716710
1290429.207538
1299006.014629
1300110.273495
1309675.475336
1309587.558834
1318047.724329
1329768.583999
1340095.302131
1327835.652679
1319818.750211
1326673.296879
1317104.596756
1334893.782895
1329573.190201
1315094.926585
1289541.801042
1284693.478443
1238356.213919
1225651.209988
1240208.412178
1262037.444862
1281251.397750
1298875.158920
1311968.899934
1295381.803921
1281884.716678
1271504.040379
1275285.590164
1287525.768294
1296574.403691
1310239.580542
1291044.602023
1277472.577725
1276058.451321
1275807.322356
1265184.028414
1266908.561927
1268606.078220
1251150.902091
1226254.270633
1243986.971513
1217654.906524
1202052.453877
1209523.541584
1235092.673945
1240923.053873
1267551.709013
1262506.430206
1259855.291945
1260322.162325
1245830.021543
1248387.151924
1259933.019162
1264138.482266
1252684.268026
1251694.587296
1256133.329858
1248209.670622
1259730.439424
1277156.588586
1274047.242198
1260081.476103
1271219.375313
1290013.836141
1305485.503960
1309277.628497
1306613.431871
1306045.836014
1296350.395608
1292258.929732
1286795.115579
1287193.891185
1301112.267929
1290745.184643
1290484.064112
1284360.028215
1285368.329619
1288403.629329
1295846.491542
1294944.760010
1305082.775920
1321154.163629
1320356.048591
1335260.830736
1332292.700221
1331529.018488
1344524.664764
1354033.456559
1352743.540194
1361964.512104
1357615.114725
1347521.559604
1358716.122185
1345242.362622
1340424.870440
1319564.791618
1325153.013370
1320066.813266
1325707.597631
1330447.686385
1314794.259334
1305729.762860
1302346.884473
1312290.515935
1333875.592172
1337626.380321
1326469.972544
1342286.071904
1349948.644035
1333674.897018
1347372.388386
1347093.030689
1354075.898923
1369326.949203
1364229.858839
1362143.965416
1381213.807031
1371372.880058
1363901.186381
1355855.482936
1370020.445141
1363570.143747
1391867.807168
1395106.886169
1396707.295611
1434064.133079
1431507.720251
1426537.266891
1418187.317537
1412031.713458
1411249.552521
1389681.410365
1368377.863234
1377094.885824
1387709.320336
1400435.422555
1407935.028362
1415038.953872
1412597.636629
1406839.820127
1400841.685879
1397679.587226
1366610.307025
1360562.094206
1351055.104622
1369361.307362
1369528.133095
1384162.456631
1393655.177881
1382182.481002
1383250.433398
1387954.160131
1416693.759991
1418766.298170
1430567.728004
1435391.876760
1405678.610331
1341640.262615
1356326.355701
1329024.749467
1300754.027477
1326565.654400
1325569.467467
1355153.617109
1351846.784519
1339553.976238
1349066.215205
1357948.548515
1339790.427906
1385668.707932
1378851.857977
1363633.914168
1362048.761636
1386484.819993
1383964.258020
1394095.217564
1393857.583436
1392728.784000
1415789.141244
1397823.851682
1372513.276501
1375518.028699
1366866.337294
1389931.657474
1397043.432942
1386555.608183
1366935.877904
1367132.203527
1375044.317106
1379460.212525
1402016.981591
1394694.318057
1404620.607101
1427226.126594
1418333.141756
1396815.312163
1387649.605627
1391935.046263
1402239.538905
1406983.461603
1417141.508326
1392595.301329
1363168.851967
1352944.769253
1343577.926121
1315853.101964
1300403.297784
1269653.268369
1298001.801854
1318195.593939
1304484.336101
1286443.255405
1325260.800694
1335461.235938
1337101.701204
1348147.642938
1352601.793117
1353838.179740
1335331.774795
1364762.137270
1361883.511671
1364140.951645
1355267.152915
1342561.590448
1334517.607703
1340468.704216
1348508.257589
1335008.481284
1337457.072108
1361356.380344
1364602.529867
1367119.643677
1390968.727576
1399179.364135
1394699.651222
1396230.735222
1395721.386704
1396895.072057
1393686.120073
1402010.477473
1427337.751539
1415093.104663
1421972.755150
1426622.703821
1420930.730446
1412348.831016
1412503.744199
1405964.473162
1404848.605630
1418691.774465
1419457.266295
1434782.253448
1442891.538842
1440819.301157
1452238.817074
1453737.509717
1464627.906219
1448342.156834
1435403.076149
1447884.025583
1452900.468479
1461530.921517
1497342.999339
1500065.795848
1506981.811444
1488468.982659
1503525.202393
1498921.316125
1505405.448858
1495030.332434
1493136.193088
1492262.860175
1511518.940296
1523802.660245
1529770.102037
1520142.034048
1514412.271847
1502395.075849
1487096.504197
1478501.665554
1461340.629275
1473805.013914
1444801.834967
1456044.290023
1473008.961896
1487102.024465
1463118.484548
1453767.150025
1455791.671619
1447853.237518
1436563.594255
1437554.267915
1439296.329250
1435589.989779
1437890.251785
1423018.869778
1408614.418452
1431781.987384
1459224.080163
1494475.992384
1508343.236747
1492874.961099
1498484.516811
1499412.264033
1509008.792041
1522184.659275
1527085.622500
1539063.277553
1539199.690478
1543517.970528
1523002.834223
1521232.124779
1526172.253321
1525787.878838
1549599.554214
1554320.477258
1567735.837571
1561283.838583
1552902.713927
1550455.387173
1563409.379870
1563895.999646
1575572.044712
1585070.397788
1582948.678788
1576092.408307
1570369.460765
1576649.632300
1582034.825441
1590037.863746
1595641.842107
1555995.458841
1556028.300585
1569327.069559
1577409.817465
1557235.484989
1553558.087212
1539162.059351
1502313.303683
1504055.802643
1506155.868022
1529789.578597
1522519.571749
1537097.922665
1510639.965026
1521050.544113
1546079.417416
1536781.832458
1540215.368699
1531163.851530
1511845.987102
1515949.223491
1520694.182467
1534719.600087
1542361.942197
1545521.030575
1549487.962760
1564515.058352
1564148.317030
1558175.382619
1568207.254661
1575566.094032
1561578.472383
1564417.729237
1567302.224331
1573613.586923
1562635.969952
1559265.767771
1538345.168574
1548257.365504
1568269.809443
1565964.925222
1565170.890954
1561142.468998
1560790.050279
1562065.058522
1573992.465533
1575429.519705
1576372.113049
1584397.845545
1564253.268230
1560489.385418
1560645.674873
1620990.041029
1643034.370759
1632630.745038
1642087.386514
1633541.849132
1642184.092733
1655311.984491
1657621.105395
1669473.253324
1676612.104162
1677328.300906
1673656.061020
1679410.281613
1680088.769876
1684177.570710
1685014.457151
1696031.174859
1683698.197415
1680251.125135
1662967.539149
1675867.952763
1671571.515646
1676190.598462
1663661.682267
1661887.883048
1657560.651697
1654303.588999
1647865.525363
1666535.170053
1666167.117690
1670548.576991
1673742.716977
1684643.088282
1696088.488605
1721671.974130
1706851.502376
1716404.846765
1733679.978927
1740020.059634
1749891.631096
1750455.972484
1762910.919385
1746746.596679
1741916.296618
1767110.895593
1776474.314375
1780274.708028
1787239.941050
1796370.790900
1801836.362538
1801095.099441
1842857.572626
1843416.999720
1832277.428072
1837173.325338
1843834.442051
1856207.352178
1859403.229018
1852865.238021
1951861.840342
2034464.615610
1988727.467149
2010460.614777
2006770.509730
2023916.688965
2025869.523357
2025466.324149
2025339.675242
2027472.021079
2057649.434471
2088146.357612
2078418.463103
1979816.512091
1941217.233319
1936639.355262
1852465.627386
1819935.119620
1904753.748160
1895056.249763
1928742.969243
1913498.027083
1860458.411138
1712727.528108
1728993.149027
1597730.375449
1644944.249350
1500867.008454
1549140.023165
1469720.904884
1524565.215053
1525313.319161
1493967.035237
1618774.591559
1662497.975926
1687378.354706
1638298.768234
1668612.002796
1698000.849688
1645722.204106
1652718.183033
1744790.637769
1739920.792817
1759454.757200
1841729.929205
1858702.840947
1882965.959739
1891989.870200
1827276.206100
1886169.843971
1874532.603834
1877141.757928
1917308.402637
1901777.226038
1953380.159038
1947919.028251
1935539.672572
1945555.903151
1986001.055426
1971957.596781
1949897.838300
1933394.063253
1941865.628143
1976608.917601
1960261.721496
1981429.099913
1969968.453517
1952801.061847
1950992.587328
1968635.284371
1975618.584036
1981904.367338
2022405.656374
2039183.673371
2058107.454640
2045201.603397
2082113.615393
2114273.324823
2101250.586226
2147933.261562
2071520.193746
2063935.540958
2074251.620753
2106263.074375
2114901.239986
2127280.020864
2143798.813549
2153357.737506
2116056.085050
2132166.736538
2157578.333666
2191333.681518
2249571.608461
2366434.157333
2352368.330718
2356335.858802
2356150.091393
2381018.084095
2369909.209244
2375121.192774
2377224.106681
2347458.208082
2352249.247763
2429457.862950
2411533.412651
2408627.645086
2389719.030256
2355080.143598
2393090.334965
2374776.071886
2393022.816025
2366388.709583
2341087.018198
2389974.741789
2422594.462843
