1000000.000000
999798.861990
996460.983544
991664.357376
983740.454903
977576.055925
978465.738380
978721.758966
987394.811025
994349.612916
994003.834615
993488.150799
994555.691091
998351.768151
998175.094513
1000640.718528
1001628.617645
1005786.343917
1008761.352095
1022372.072379
1026930.241453
1037210.526871
1041375.478679
1050202.319870
1039877.712450
1039153.390385
1044117.688395
1048908.913188
1051624.147591
1053819.638311
1072433.846867
1074351.286948
1070864.680407
1073800.836412
1071298.590109
1072728.994189
1073826.630250
1069612.492165
1067377.023611
1071399.551475
1068613.056701
1068063.269800
1062710.039322
1060983.196480
1065126.986881
1072413.423191
1066493.585127
1065863.701280
1063720.828802
1065489.882773
1061550.316464
1060008.210102
1056968.700721
1051247.970609
1059390.283009
1059527.073915
1058617.819285
1060229.712238
1064997.334689
1065523.068303
1074247.915252
1075210.088206
1073064.628746
1081292.530802
1079817.340181
1083918.919516
1089952.383099
1085856.353664
1082009.357931
1084423.365959
1087127.763405
1084690.898741
1078936.854959
1078936.061590
1087444.714189
1087811.739637
1088740.205145
1095320.008561
1097717.687584
1098990.595617
1095318.158761
1081490.471630
1071894.969761
1074082.797520
1076145.416865
1070500.238144
1067482.882743
1067560.709138
1074134.433607
1075156.998963
1074557.578378
1076017.010911
1078761.558696
1083264.637171
1081116.583915
1076321.567254
1077772.535477
1080873.216589
1077789.266116
1080721.807487
1077631.189651
1079822.684286
1072724.664470
1066008.474652
1069596.099874
1073325.671529
1074866.286335
1075149.391627
1077641.376834
1080183.986365
1082551.535121
1087923.498472
1088951.765104
1092641.514038
1107498.464120
1110634.072194
1113829.018371
1112616.847432
1110416.612496
1114187.011144
1114231.525476
1120797.458634
1116145.665779
1108264.351716
1112568.005697
1107161.713819
1113109.699743
1122999.573246
1125121.339614
1127641.488362
1132645.383762
1139880.346957
1139874.368256
1140836.618976
1147086.609426
1148552.331525
1145496.591975
1137041.543618
1137038.192833
1134822.115818
1124020.605216
1119950.778126
1118957.828320
1120052.264920
1125606.038081
1131699.471327
1134153.713959
1131450.633045
1137254.635503
1125595.103475
1117636.774070
1116033.552839
1116571.372255
1118977.328373
1119729.214796
1117186.538817
1122066.400496
1130944.554960
1136088.317698
1136744.997501
1129268.725152
1132518.593591
1136684.195309
1135434.146702
1134513.686704
1143191.388689
1143559.752831
1144145.997058
1141610.005349
1145894.610996
1148482.891715
1155526.448375
1166276.796457
1169801.846770
1166820.746893
1168766.675370
1180761.276695
1184222.363426
1185146.902660
1179816.829660
1182409.054230
1177974.060511
1186671.506957
1188685.486608
1198332.767027
1194077.354817
1191840.634839
1194333.056794
1181889.200746
1175187.192412
1172083.033158
1165496.202566
1150841.928457
1127949.682879
1107684.130688
1096694.696677
1105171.260045
1110204.299096
1111828.643869
1116314.164990
1123650.704883
1114994.045986
1106651.375541
1101286.586020
1101930.019892
1107870.971675
1114055.469027
1114633.710120
1103015.883867
1100167.309371
1098578.176421
1100779.026131
1086676.862890
1091166.495396
1090225.171720
1078636.946661
1066743.354018
1070332.948688
1071949.061846
1068707.270186
1070017.634548
1073830.462530
1084216.097369
1095066.172192
1096939.309257
1098646.539211
1096216.935037
1088718.753474
1094090.626601
1102779.118226
1109861.387636
1109959.666556
1111808.897548
1113912.918487
1110472.466341
1114900.770474
1122338.075532
1122393.260414
1121573.385982
1129664.268346
1130872.263986
1150766.378823
1157375.025412
1158016.477005
1159119.658351
1160270.171070
1156818.847576
1159440.587825
1173889.939100
1181287.971492
1180905.810760
1166261.042075
1159536.053435
1153561.002128
1146183.526775
1150028.548715
1157367.897940
1163655.595909
1167566.496631
1162664.750772
1160916.619943
1163195.686406
1160344.169432
1161983.722332
1160997.098238
1156748.173020
1161907.900917
1150461.973596
1147294.323373
1148019.862613
1137738.000115
1152014.479915
1134011.539965
1137830.020315
1149762.726223
1158555.134256
1157347.785051
1147915.259097
1151093.775308
1152339.219009
1153752.965559
1167010.662028
1172038.373056
1158391.785167
1167011.973966
1166870.475818
1155104.128837
1152899.250362
1156059.298651
1159339.846857
1163420.068181
1168227.572128
1180965.623770
1181077.852446
1181093.313990
1178882.317430
1176210.747832
1185136.700275
1173098.644647
1166692.837089
1173703.319180
1174214.754440
1191922.064293
1200150.385126
1195065.854084
1186194.268922
1183433.423928
1186373.326098
1171909.412692
1171701.341951
1179940.247807
1176529.034288
1176276.638933
1180692.243160
1183689.974746
1180722.497265
1176506.924160
1163094.285470
1169530.621200
1159748.865273
1151464.847429
1146730.178681
1144488.983157
1149268.759628
1155768.564046
1163819.663147
1160231.385188
1160183.874584
1170315.778739
1182615.450361
1193670.128155
1197656.519716
1204559.047118
1201766.052224
1169696.318423
1179178.052992
1169470.663789
1142065.791897
1146518.299142
1145558.940336
1149759.223697
1154038.526373
1139860.068960
1144377.422788
1130681.507105
1116326.922033
1127650.031513
1119689.625524
1120514.692834
1126627.237536
1143735.851904
1128369.281418
1125745.558174
1127139.944303
1126447.952767
1133074.308979
1118283.681817
1110572.220980
1102254.835282
1095990.806270
1109126.447269
1105921.871580
1099496.870228
1093077.622561
1101520.597853
1098722.998610
1097346.449774
1104011.154162
1105238.603924
1106275.093113
1120625.227663
1113192.803668
1084183.122720
1088559.961099
1087617.242117
1093295.921054
1100648.464054
1101039.494598
1095422.379088
1086896.450634
1079601.452210
1077724.486944
1069844.805604
1064778.889141
1062813.002971
1059726.998803
1071699.983632
1072237.974547
1068357.632161
1088659.272599
1083162.439539
1086089.494628
1086553.024316
1089937.480540
1085791.857011
1077186.712497
1086671.841027
1082581.620907
1079840.337785
1092328.782548
1079088.442109
1072749.884262
1071658.060076
1071858.204904
1060656.876689
1069753.697964
1082871.900046
1093531.605902
1097064.174550
1108831.846074
1115990.489548
1120169.512667
1119442.834159
1113484.659187
1116819.633947
1107434.752038
1109378.755028
1116229.904771
1110065.725091
1107980.211395
1106312.794709
1112628.255231
1121958.209549
1126630.378835
1125457.815806
1115133.193888
1120719.833967
1126565.739923
1125592.246296
1126541.159485
1128747.592338
1138588.216953
1141781.419018
1144063.034410
1134829.970757
1127415.398982
1126116.106189
1122912.001066
1125911.716804
1142012.685500
1147981.408333
1149051.615574
1150604.124101
1159239.019252
1155876.342106
1155268.950399
1152192.579626
1155052.119457
1153514.195818
1159369.513448
1160239.238084
1172924.721302
1162864.087246
1158507.043547
1153768.357584
1124695.836549
1124639.899334
1119657.531500
1120725.305767
1117793.823116
1120828.785931
1134761.639967
1141101.876502
1138841.807356
1136283.208663
1138514.494723
1140158.660485
1130827.599391
1130961.902904
1129477.712705
1121124.101690
1123525.596185
1115688.914206
1108330.404576
1110287.246618
1111237.222382
1128160.633200
1130772.191932
1120332.719197
1120459.118271
1117315.484447
1118263.134015
1123741.599605
1120984.146853
1125926.019698
1129835.725390
1126126.152944
1121956.070929
1123230.742388
1119839.078947
1119349.865406
1130482.739522
1135062.893438
1135568.100815
1135673.989430
1130331.408968
1129740.210859
1129714.304807
1128881.236349
1128178.045722
1129391.304059
1132005.169601
1122804.555149
1118636.702722
1117713.527483
1117257.616537
1122237.594428
1115564.370706
1113132.441430
1132293.259455
1139916.847917
1140212.863675
1134194.383594
1129914.952799
1111392.844630
1090447.350146
1085786.681173
1088387.599472
1097018.802177
1091654.901898
1092066.138846
1080314.204051
1074886.425494
1087850.329927
1080085.647609
1085862.742321
1079087.506540
1068113.949953
1065882.624369
1071078.210283
1079085.636122
1078877.132689
1080445.318170
1087381.145633
1089467.715374
1087781.824002
1090916.316965
1101896.215098
1100789.423196
1107986.305057
1104398.360633
1101267.744325
1104551.204950
1104021.639080
1103953.077977
1095230.031729
1097495.308668
1099686.676008
1103116.594062
1103791.057892
1083255.270352
1080203.261748
1079030.214933
1078752.401245
1076663.507271
1074224.688739
1078428.214519
1071998.079592
1078708.002570
1084282.943985
1090120.055709
1090583.787783
1077867.422391
1079900.645727
1066010.905261
1073647.977480
1084531.132643
1088198.099645
1088987.917623
1090487.472045
1087345.928757
1078358.205562
1073196.004988
1070999.676923
1071112.666326
1068609.045258
1069454.191655
1063318.029663
1066154.533777
1069421.636227
1075901.836771
1072257.994391
1072817.240995
1062958.588229
1058438.790867
1049015.837796
1053197.342418
1050243.581363
1060334.389267
1059802.985398
1058877.499259
1057449.233928
1063452.743693
1062193.828173
1075357.039045
1081755.970856
1082697.018195
1087389.606579
1085444.577568
1085770.603407
1085608.473122
1086775.953998
1082466.017099
1078456.836823
1088335.733576
1097634.691921
1111217.011571
1104631.439005
1107431.902367
1104562.595460
1104470.213562
1108824.170126
1105612.323911
1104789.558743
1104630.066300
1108990.232595
1100572.610281
1093505.503314
1087768.424300
1049028.011877
1057057.460774
1065581.951544
1069914.522517
1069792.170769
1069249.028125
1075575.279846
1080026.317559
1068061.460052
1064565.919159
1058758.894782
1063903.573246
1064998.205796
1031320.660128
1014739.497381
1020185.719797
995108.420903
978428.690323
995240.566960
992620.553328
1003696.117835
993928.963927
970155.094132
905760.730119
906463.853837
844129.541279
862154.421366
829696.973725
850584.970051
823658.507890
835031.365952
837798.806349
832363.085707
894822.188009
908699.211860
911657.362176
872305.097143
882962.907531
900481.316368
876906.484409
881189.560828
908728.810082
905039.701118
910651.944560
882981.765205
875433.459557
890083.671987
889545.566443
868998.442486
887337.430385
898206.240920
886582.745668
893088.207256
894455.682308
916991.188911
895036.282921
886449.717301
895527.181771
900640.237180
898151.273421
884698.824306
873080.413688
879109.553508
904323.692612
896916.292394
905279.107673
896167.822461
886980.018677
891229.777500
899858.094821
894601.998621
881782.105334
891745.967412
903649.064001
919640.969042
914039.816097
937526.285336
941451.332652
926675.338415
922993.605399
891805.210116
895310.401725
889603.303707
904805.012575
902404.361011
901692.027405
903141.028698
911197.670450
893840.760932
896268.623233
886963.954029
891722.910401
905163.591664
928774.626937
917645.209681
910801.136052
900137.985400
899428.662149
905927.297074
910563.982946
912241.937056
908482.569205
904252.903487
904142.686501
912693.720513
906034.004316
900538.374473
895936.581545
890516.614523
889343.303243
895102.592970
878212.189458
862751.751605
865306.863776
878372.049302
