1000000.000000
999894.526357
996558.109752
991762.909770
983840.513593
977677.524803
978569.165994
978827.077137
987503.552404
994461.282745
994117.509344
993603.439280
994673.567321
998471.880949
998297.416844
1000765.627167
1001755.557196
1005915.730148
1008892.995819
1022506.825553
1027067.607440
1037350.727413
1041518.506456
1050348.783422
1040024.221533
1039301.853892
1044268.915572
1049062.732873
1051780.417746
1053978.662853
1072598.275972
1081004.731665
1090575.166012
1100279.762328
1101619.257144
1101167.488183
1108516.064429
1112497.508537
1115871.400837
1103717.447830
1103829.493937
1108825.052720
1108981.167666
1100565.266635
1095222.063180
1104172.413697
1104327.593504
1111847.996769
1116283.260763
1116351.625534
1103471.660542
1101905.087225
1092771.585501
1090777.237309
1085676.108851
1082990.502556
1071923.765233
1075413.651851
1086687.630113
1096326.289895
1104927.710332
1105786.058032
1109833.134845
1110459.839384
1114673.399550
1117553.435801
1122131.042216
1123126.344566
1130773.194910
1129225.253712
1126491.449813
1114896.645209
1115494.196713
1110395.456752
1114585.882096
1121782.325655
1124570.115237
1130985.306956
1132188.079278
1136682.601481
1135101.930242
1119898.624889
1115487.636585
1128355.860517
1135470.979721
1131221.476937
1116304.664330
1101954.301831
1113472.585221
1122717.662449
1124145.497903
1126962.445087
1135635.277055
1140556.370669
1141340.928234
1128101.441101
1122592.961848
1124832.780662
1112610.632604
1124911.296997
1130245.979336
1132869.724176
1131882.315859
1134697.797855
1142206.538643
1139493.989268
1133777.173037
1129484.373913
1120579.248514
1117294.223932
1119455.864027
1118569.195806
1118227.416236
1119501.784642
1144538.279032
1151695.222793
1154868.893928
1159784.876162
1164479.497401
1174115.597064
1174041.839346
1175716.711260
1174714.741468
1166604.958230
1167084.201966
1151497.337962
1156201.100595
1179155.673537
1176373.641625
1178987.112185
1178162.246948
1172239.481382
1183517.914659
1187736.097347
1189490.682699
1194538.700111
1192818.031039
1200766.027658
1203761.770350
1197106.525207
1192472.183436
1212161.667694
1203565.178102
1199780.471116
1207618.745994
1202585.277703
1205956.709290
1204953.649632
1210607.407927
1192016.815627
1186822.652666
1178156.239131
1180418.192551
1178405.074436
1182143.357290
1183041.139373
1194948.295944
1213132.235985
1216766.520704
1219190.635071
1214146.779221
1220477.971253
1227069.308701
1225296.048902
1230472.588622
1233545.713614
1230799.492327
1219319.713443
1231930.520184
1228034.998349
1234250.543323
1242713.225485
1246984.136410
1256128.477393
1269856.157528
1275033.797589
1277064.842267
1284050.362326
1294794.101793
1300572.687955
1307715.411393
1305220.356241
1308277.769280
1316663.764414
1328034.815807
1317641.157871
1308933.758782
1314886.912488
1308328.173886
1309920.075722
1301089.066853
1286244.612107
1258265.938791
1250872.172937
1239430.311881
1233258.733597
1246533.510157
1266080.635286
1295641.901952
1302433.751842
1309706.203442
1306328.684023
1299970.546085
1291562.810234
1286196.682756
1298317.505483
1305349.545599
1320813.412603
1305371.686938
1299690.762020
1302171.771446
1299602.675459
1287185.942055
1290598.069483
1287779.542986
1268471.599697
1258819.371991
1271805.282920
1263388.465949
1248485.771322
1252169.915482
1270762.651679
1275722.845350
1299211.221594
1297660.308132
1303169.901142
1301459.058135
1290648.696112
1295153.274500
1298724.801879
1300706.099715
1298364.281332
1297492.985928
1295527.159369
1285954.153924
1300075.537748
1306236.621582
1324540.607248
1315521.730001
1328952.656977
1351825.558596
1359369.023226
1364988.533378
1364020.733080
1369264.533816
1361665.261291
1368834.097477
1365193.055530
1367834.132454
1372055.814236
1370931.007355
1369206.463364
1368751.420774
1373898.695847
1374703.416208
1382540.405978
1391420.537871
1395182.294575
1411526.272463
1409600.472594
1423593.740934
1425469.677298
1425094.016138
1432450.941388
1448321.432881
1446778.305716
1462121.988332
1461457.141077
1438616.402801
1449808.427559
1438463.067323
1435497.736881
1420312.054003
1427261.213071
1416536.471468
1420519.938272
1433620.121423
1429934.233476
1419737.859276
1418058.752123
1428043.650204
1446881.443273
1450925.885182
1447394.606476
1462549.760417
1469411.316025
1464529.171696
1465189.076892
1458187.954170
1457232.525311
1463208.645758
1465898.891508
1468540.542261
1476587.348336
1469661.701984
1463582.479163
1454612.343590
1470168.881352
1476541.561041
1494072.732412
1497192.009746
1497093.859528
1523376.193285
1522579.944066
1521989.923240
1514718.708512
1512098.571044
1515929.034282
1512207.067345
1504971.792383
1502263.287669
1512239.970365
1519883.365366
1520848.379590
1534895.199454
1536607.756727
1535853.713617
1531328.886745
1526733.480282
1500698.451619
1485413.566594
1482628.177164
1482962.281486
1482504.543296
1488522.645475
1495964.046288
1482195.586736
1490358.523077
1500724.460115
1508335.733102
1523689.322561
1528686.720987
1536967.728563
1522922.994061
1469121.948882
1477513.562392
1444401.199698
1413216.043952
1439053.585703
1437748.007308
1463531.021478
1465273.874067
1459978.060253
1466869.917290
1456909.673471
1436940.788558
1457574.807440
1439000.422427
1433095.150732
1426107.082819
1455403.294911
1462030.817980
1457189.544097
1447851.860774
1447056.792891
1472250.402626
1466000.729428
1436652.181069
1448680.673311
1432792.315736
1447150.051055
1438732.733086
1424963.214162
1406909.040289
1397184.798411
1406586.336290
1406866.670236
1439918.531300
1436442.010876
1451028.128176
1465425.017817
1452335.090277
1424031.712913
1415034.357168
1418793.665329
1423507.838108
1432909.849457
1449009.407786
1432561.573058
1412169.099124
1403824.615914
1394016.669900
1375026.178753
1352254.156477
1329889.713906
1359140.128276
1380787.843851
1378026.432258
1347472.295108
1375676.152496
1389253.089180
1392016.219594
1408308.666607
1413900.397200
1415002.099646
1400901.620497
1435337.787100
1435426.361199
1434721.735436
1433302.091070
1420857.928204
1411602.826553
1415574.527362
1424225.220922
1408914.990240
1408282.542571
1434251.492879
1452245.688929
1457933.680328
1487206.144612
1487184.315003
1489114.575043
1490002.428251
1482070.653681
1485291.100353
1472543.357558
1482742.054313
1501235.230049
1487463.824989
1491114.774335
1491968.709102
1500967.263885
1489758.074046
1480647.563791
1467439.738571
1464831.517938
1487437.614003
1486719.196395
1497306.507257
1504090.706477
1502112.549414
1511505.755945
1510277.382965
1524088.070561
1526693.417548
1511724.866871
1515988.725730
1524941.610366
1539501.173916
1571626.717697
1576630.035002
1577950.366611
1568983.913769
1591739.782720
1587877.645307
1599529.838597
1585222.871698
1582584.134301
1574453.669468
1590731.553987
1589281.272736
1609338.580931
1605048.213719
1592791.786634
1587021.322736
1555939.603522
1550436.470536
1539084.236954
1541500.085900
1514297.523954
1520716.532827
1535764.924397
1546872.465141
1530641.714960
1517078.925190
1520812.142584
1510017.678698
1494522.274925
1498212.604743
1499712.109834
1499836.797128
1501461.839154
1487792.929525
1488073.282993
1500960.560858
1522052.679879
1558986.848980
1573395.174443
1565537.860061
1570324.371563
1566010.308381
1573990.873061
1589318.104034
1597312.771870
1610043.661138
1598027.817883
1603143.780126
1592982.721082
1594876.143653
1600731.976769
1599246.355414
1620980.227236
1628373.037570
1632064.775673
1627452.736351
1609546.333621
1609777.685048
1619568.162728
1620869.072337
1627319.752171
1651080.986377
1655906.893546
1658309.669596
1651351.393792
1648267.833546
1651622.766721
1661710.104337
1666286.294862
1652719.843795
1654697.660174
1670082.864919
1673422.067500
1665448.472938
1646919.791169
1635319.571098
1601692.410757
1606819.739275
1616678.815919
1645307.753836
1640533.072490
1656561.619639
1637199.178077
1648253.217687
1666650.262513
1672147.893935
1680306.620630
1684941.269655
1668430.834881
1663057.674082
1665797.024638
1684621.794050
1699777.773050
1695587.768190
1701921.429602
1716665.438584
1717937.438047
1711940.940743
1712249.625852
1718039.418426
1706366.028956
1713655.519152
1724468.848142
1721596.784461
1730414.606734
1727804.565297
1730562.793774
1736314.324488
1744829.648074
1741476.098040
1751816.892459
1742582.610240
1748606.590155
1769844.895463
1771775.311576
1776381.784983
1767113.639787
1778654.686149
1768712.798624
1741195.378905
1754844.980588
1786993.405784
1807775.024372
1818048.593915
1830680.519378
1840538.687886
1850530.838447
1865751.083985
1857302.644529
1865076.734834
1872785.094944
1867908.494640
1864244.633378
1872281.328682
1868438.703796
1868873.454152
1877315.630417
1881891.453834
1869820.291654
1871802.193936
1848604.101471
1868022.690274
1862310.438674
1879279.091991
1856635.307354
1847224.336579
1835128.320014
1842774.465892
1846618.748503
1868230.888121
1861933.887246
1873178.467209
1879985.333866
1875516.250686
1886114.213287
1905921.182876
1919529.726614
1925652.450161
1936899.647402
1937941.963449
1949280.688221
1951023.068989
1966742.969221
1956034.746779
1952791.371910
1964588.717350
1959858.568592
1959125.784151
1962722.605347
1974052.995831
1990114.668652
1998214.807915
2047624.718004
2042827.221527
2040200.457027
2041605.966683
2054619.475503
2052863.850297
2058880.711164
2061298.964918
2103220.347929
2164307.934500
2121782.394133
2123100.626342
2123608.993157
2139288.142275
2142468.609717
2163557.949412
2168565.904726
2165375.463050
2176995.987491
2214046.955943
2195367.985593
2115899.593061
2083575.306314
2089816.694112
2032014.828479
1984508.424205
2067831.891927
2051809.516741
2101574.353228
2085864.515178
2042834.134592
1928935.640292
1948248.847934
1805130.617900
1854540.617856
1712693.537260
1754330.142394
1674090.081593
1698812.959371
1729174.561511
1662808.742212
1796982.583861
1840694.700531
1893539.571567
1850817.713852
1869575.053316
1907664.449776
1835104.791438
1829664.069477
1952105.093087
1955936.524516
1971904.759748
2073518.337533
2100312.747177
2107929.259641
2105341.648827
2046470.901285
2102845.172554
2113118.136876
2114144.357599
2151319.351834
2127194.900771
2155634.594881
2166516.955935
2143003.962538
2143441.462014
2190742.799396
2184437.118108
2183756.098190
2148641.603875
2153437.994958
2187329.207935
2176434.689430
2200313.167162
2190115.527840
2191521.688144
2180458.508245
2192301.450411
2201724.142358
2215778.914255
2255626.737643
2257371.287082
2262846.646747
2255025.882849
2270049.633843
2296491.807744
2308413.241329
2347167.229997
2279602.245343
2270726.849647
2276844.162322
2307213.556276
2321776.335729
2326027.240671
2344980.900856
2384013.752998
2346935.963624
2379292.756771
2397612.481576
2416806.633549
2460731.834061
2541586.189906
2556398.871191
2559625.135230
2572990.792633
2595958.453356
2607910.152000
2606470.024271
2646827.644871
2636077.380751
2653184.144168
2710033.519967
2686542.611451
2670462.441990
2619531.410495
2584613.834431
2632310.576026
2637382.902881
2633443.680679
2625973.641567
2661504.030906
2701210.952357
2704849.155506
