1000000.000000
999798.861990
996460.983544
991664.357376
983740.454903
977576.055925
978465.738380
978721.758966
987394.811025
994349.612916
994003.834615
993488.150799
994555.691091
998351.768151
998175.094513
1000640.718528
1001628.617645
1005786.343917
1008761.352095
1022372.072379
1026930.241453
1037210.526871
1041375.478679
1050202.319870
1039877.712450
1039153.390385
1044117.688395
1048908.913188
1051624.147591
1053819.638311
1072433.846867
1073173.334069
1069883.397852
1073591.784960
1070157.603246
1071029.767381
1074025.994251
1083140.928064
1083337.722464
1080503.811448
1075137.906154
1071849.559019
1071448.917634
1062414.171095
1061619.162630
1071524.549252
1073074.307629
1077896.457072
1088307.509276
1087130.392938
1087480.836951
1083486.673648
1078693.333387
1074611.823706
1067945.633549
1075421.958862
1076224.095490
1072892.834852
1086246.798744
1097864.763496
1104015.312582
1115261.483674
1122101.641187
1127360.444894
1121831.490538
1132266.332874
1134981.378630
1136275.400657
1149768.196886
1148483.376363
1148899.356062
1145681.542050
1144158.686718
1146116.530921
1151399.148378
1153342.940030
1141402.101655
1140944.937762
1151007.780587
1144090.206508
1141939.282734
1131625.551884
1111349.121331
1121875.312933
1125284.853172
1120116.352400
1118415.068167
1114208.083952
1117310.258835
1128592.463878
1128254.044818
1134014.903164
1137671.020140
1136730.000164
1138208.651780
1139165.510469
1132850.509650
1128600.179191
1125018.031272
1126944.181622
1133022.570269
1134782.723928
1130900.260268
1133266.827043
1138475.487124
1138258.939771
1135508.230403
1132743.732373
1124089.555439
1123506.197541
1123139.539203
1117299.800700
1118750.272458
1120989.062274
1139488.642301
1146234.528629
1147075.466918
1151742.126785
1156669.127421
1167309.012318
1165985.696994
1164957.458329
1167180.682199
1159834.414416
1165820.288628
1212325.308202
1221641.579188
1248738.436250
1241384.795601
1233565.705652
1245480.803646
1246467.497149
1256375.836456
1260839.188510
1258482.134843
1255894.057669
1258688.894041
1278214.716782
1284653.628840
1279156.890070
1273925.649205
1289645.865880
1295680.252757
1296938.676180
1299486.471572
1302348.287278
1293531.854975
1289466.850169
1287992.974906
1276585.842993
1263423.437869
1251634.129939
1253162.093179
1263909.284629
1253830.532047
1252819.147214
1256844.582593
1273515.331196
1263910.133333
1265126.046050
1260816.529495
1255589.316332
1269080.324501
1276895.828284
1281908.522334
1282059.692407
1284421.003769
1273544.815097
1284593.769577
1283997.615445
1286380.058268
1297914.530070
1309120.000879
1314788.419980
1319061.225751
1328464.497726
1343645.676699
1343567.298835
1352011.326784
1353816.979861
1361766.635729
1364763.622596
1378696.362669
1389262.445191
1412207.628871
1422058.975033
1412790.842335
1406549.518848
1394632.542874
1406050.964319
1398813.256355
1382525.033335
1370461.865696
1336555.538144
1327117.872054
1309222.007364
1305669.526557
1315606.462919
1330555.711223
1341203.946398
1343107.952557
1330032.968094
1315461.843417
1309800.674392
1289226.496347
1304378.495561
1308371.278866
1313165.323763
1301753.978307
1305385.058237
1305193.900048
1295494.502981
1292136.560323
1297373.092590
1293007.919348
1278191.534866
1247215.342065
1255504.012784
1253891.857364
1236352.333428
1235938.360214
1238926.171583
1251988.619526
1276366.799060
1277972.683134
1278000.435510
1269794.794821
1257159.751509
1255688.367792
1257157.749905
1264712.014264
1259006.317489
1259087.200268
1267619.824676
1263909.396771
1264765.453082
1274868.170227
1264314.987192
1265108.969596
1262164.558254
1298763.427653
1302986.995714
1309176.450194
1313277.412281
1324261.939158
1317636.023438
1304307.823747
1299811.859917
1308194.360026
1313278.210276
1315434.543535
1311240.523346
1314867.336917
1313607.136339
1306959.610295
1298212.762948
1315205.545542
1316725.594223
1331445.458125
1329765.961480
1329178.217854
1332129.694865
1326318.616561
1327776.463253
1342190.107802
1343248.707463
1337653.894934
1339458.312557
1316651.765527
1324733.361782
1318737.669451
1321756.193646
1300296.990178
1293825.411623
1275170.937739
1272086.817467
1285603.999518
1270433.616633
1264728.941870
1265545.205418
1277166.313862
1298571.092522
1302350.461222
1294443.910753
1313692.873705
1314470.253217
1303100.200931
1305183.036188
1302098.827624
1305480.298998
1328211.664852
1337533.140089
1344494.260037
1350900.389131
1359436.699579
1360848.335666
1369169.907014
1373269.185842
1363163.414944
1350752.036436
1355659.827021
1365443.887923
1381829.546658
1385492.986933
1403612.610862
1389746.918798
1375779.094776
1383780.566838
1364934.591152
1363591.998939
1378264.705206
1386980.786718
1389166.086002
1392197.653362
1414605.904113
1420997.202632
1412505.305932
1407090.800743
1407192.384585
1385636.359836
1377979.194242
1384489.115844
1374830.514594
1364930.750216
1364255.332537
1385157.092984
1373682.255029
1377539.228866
1384822.655903
1403117.474824
1403715.846691
1413856.125495
1419851.692454
1428154.325904
1373456.946801
1375927.921817
1372015.646967
1324209.347672
1347159.007233
1341060.531057
1356563.909074
1353986.713649
1342839.944086
1362405.878357
1326303.324289
1319491.492448
1320985.240240
1305734.874577
1314315.418680
1301863.165639
1331041.436194
1338590.787363
1360289.284303
1351688.926349
1345612.505559
1349712.499726
1328962.298834
1309338.733716
1321197.704058
1308751.259765
1317475.243890
1308017.515138
1304277.080625
1289138.960126
1284006.595482
1282876.603565
1284586.292995
1303750.275311
1304249.099854
1312445.786149
1345939.262586
1337166.023104
1314671.762911
1306803.715394
1298482.741427
1303181.445481
1314445.855516
1322236.153441
1311132.816676
1309529.046247
1307023.993011
1291967.777969
1271970.668507
1247763.193764
1243073.262638
1240780.575975
1260007.156379
1260150.221556
1250607.539370
1274264.027936
1280219.996968
1285591.197730
1294585.383684
1296758.644566
1304058.607078
1294104.916128
1317629.292957
1319728.096359
1317672.557299
1338104.745908
1322707.950414
1317284.886993
1330133.163480
1336829.717331
1318885.783312
1323763.927722
1335220.001600
1361718.760275
1358281.786674
1367450.898360
1365905.798263
1371983.375409
1360032.077150
1359615.381771
1365568.151194
1363074.981914
1376917.134445
1414911.834426
1396058.132061
1402630.305990
1402972.488251
1430898.625868
1431570.005982
1433794.373169
1421088.064218
1405921.314478
1423933.471716
1427295.708117
1437508.259504
1442639.957759
1455076.770472
1474643.519543
1476067.019671
1477313.013250
1468326.642722
1440379.243205
1452179.734562
1461000.793576
1476550.476840
1518949.161639
1525482.466526
1523431.106175
1530920.204383
1543233.807898
1540858.595322
1544772.400483
1537132.899673
1535657.783381
1535772.793110
1568178.581531
1564133.078895
1567707.355417
1572702.792846
1555510.023676
1551852.348330
1517146.986841
1499224.675527
1479908.145068
1504112.814833
1484318.492613
1486550.422146
1504173.196862
1512777.955722
1504825.974942
1521882.576205
1521317.841664
1515686.783574
1501291.296962
1517639.315086
1531071.360836
1521343.882392
1527194.909079
1518725.715544
1523534.394975
1521563.305308
1512003.499341
1539536.444750
1564076.560372
1558201.429504
1562661.816741
1559452.491467
1554440.745259
1567613.932830
1574335.998367
1608829.868928
1601786.090797
1606122.837621
1590555.618522
1592930.865558
1603471.819495
1598422.426045
1622571.521138
1620233.731083
1610394.632729
1610500.890012
1584507.038350
1582179.058929
1580514.935308
1590373.379798
1597573.354484
1596554.744811
1598180.591631
1599252.578611
1587444.525050
1587864.380707
1587336.477911
1585175.922684
1583588.354088
1595010.087469
1599445.574620
1606887.148972
1596761.360761
1592168.462496
1570976.880737
1552812.366678
1522892.318129
1519934.838959
1513105.205109
1542347.965232
1536986.533058
1545016.940555
1549744.181219
1556204.822007
1569151.069977
1566935.900755
1566107.055019
1563268.059012
1570876.447277
1566851.319230
1562251.025619
1556608.116217
1569660.458257
1558317.988589
1571445.242061
1583265.122804
1587507.731527
1589241.225462
1585694.285357
1595324.561022
1592928.420518
1577689.649030
1594714.354924
1580400.464802
1610283.516931
1613162.590729
1612808.623634
1605134.930091
1615063.122311
1609860.705894
1599328.434349
1587483.311288
1582056.364175
1604649.752160
1619211.980076
1635216.959214
1627190.860527
1645191.631364
1633144.940828
1636238.106039
1639289.385529
1640205.223089
1662213.137491
1668797.801931
1669817.966427
1677727.519962
1689021.478218
1703307.300256
1711674.768576
1713504.000429
1713321.675273
1703687.530743
1692062.188590
1688450.914362
1691027.450285
1694550.773333
1704293.758790
1705510.824969
1697364.215206
1700221.014662
1687828.403355
1703782.370472
1699198.201358
1710508.579569
1687660.655172
1680196.293013
1675249.831981
1683724.810307
1687440.839980
1691768.285284
1683442.417002
1678887.384187
1685655.480596
1686399.628756
1715200.643052
1719846.565959
1737693.336582
1736863.930455
1743048.595939
1747083.976991
1737371.399184
1738580.115037
1750245.505086
1748687.983490
1743661.192532
1752228.920842
1746248.831654
1736734.610690
1739183.654508
1738394.938554
1754862.851935
1758042.382317
1765650.609671
1755945.139732
1746438.948289
1745973.655483
1744293.693529
1723351.632921
1718262.918038
1703481.688353
1624399.176800
1655115.135409
1669236.714659
1688596.815012
1686891.580343
1686766.505878
1706102.595930
1712358.197182
1708695.125508
1712531.633116
1717279.436955
1731321.690793
1740120.386950
1690866.210654
1678161.723899
1681054.016525
1664269.750602
1617496.002755
1633591.394582
1642944.450207
1657338.729938
1677037.842940
1636395.363705
1554949.715958
1561877.115760
1470056.929095
1514677.329083
1426423.321906
1421418.500145
1388065.597726
1362017.259268
1403582.774535
1329429.290863
1389936.993919
1424208.406864
1447100.687582
1441852.923085
1427981.173653
1455615.743688
1415676.367671
1405025.028237
1472516.562285
1462214.472157
1478836.408767
1480097.425555
1493185.990167
1526100.549783
1521621.505034
1478947.818412
1510472.409932
1526573.451247
1509961.106127
1535005.721923
1540687.082391
1571313.921151
1582283.992034
1537803.515549
1540380.792734
1551655.027718
1544304.068009
1555643.097369
1532710.710452
1534296.524227
1531566.101227
1530035.692347
1542985.089174
1540460.005711
1521268.662755
1521515.664230
1543266.485802
1554477.028424
1560335.330994
1599528.005435
1605974.631473
1616713.004560
1615197.567502
1637844.850332
1638597.803393
1635369.301079
1647329.399337
1602445.254655
1610695.933832
1588274.627691
1607446.386675
1610352.974754
1622959.286337
1647468.243755
1661871.041957
1644564.300280
1640605.179020
1643415.329971
1674861.746985
1704004.831122
1795995.599789
1813038.635806
1810463.905218
1819898.589927
1799245.720742
1805623.047307
1780148.189573
1768807.829104
1748751.461105
1763410.047748
1790664.281760
1803291.140783
1801905.252345
1795631.080026
1759691.553850
1755260.214840
1770463.733432
1777761.904114
1764396.708498
1769177.825245
1769251.337961
1796382.255227
