1000000.000000
999894.526357
996558.109752
991762.909770
983840.513593
977677.524803
978569.165994
978827.077137
987503.552404
994461.282745
994117.509344
993603.439280
994673.567321
998471.880949
998297.416844
1000765.627167
1001755.557196
1005915.730148
1008892.995819
1022506.825553
1027067.607440
1037350.727413
1041518.506456
1050348.783422
1040024.221533
1039301.853892
1044268.915572
1049062.732873
1051780.417746
1053978.662853
1072598.275972
1081006.355072
1081112.110265
1085363.724244
1083627.994050
1088583.947474
1091761.952435
1091872.235543
1096222.809528
1086849.784457
1085671.177119
1089001.882730
1088187.749241
1082681.840408
1083769.092874
1092915.179352
1091249.718860
1094116.611028
1092365.769143
1092482.257048
1076614.580844
1081462.586598
1071413.163516
1065762.778739
1064452.622182
1065666.906297
1061551.466184
1063403.550525
1075530.092454
1081567.568205
1094437.421101
1095569.780427
1099801.977291
1106349.099983
1108197.793611
1109004.078161
1113206.535826
1113642.041180
1115876.865625
1115248.210292
1120702.136921
1109537.975679
1105262.809158
1101453.615003
1108146.588359
1108005.267946
1109066.575293
1114465.435370
1118747.604513
1116669.735541
1114252.210719
1100159.322953
1090668.214070
1102382.338000
1102779.842506
1099736.074267
1083922.462711
1072955.655551
1080338.730070
1088634.744733
1090193.722303
1092450.382306
1097508.822881
1101693.046133
1101794.048600
1093652.804752
1091455.261574
1095770.505947
1087741.290322
1095491.437807
1096728.211170
1101315.701121
1100588.500892
1107323.274337
1113524.993056
1114601.880796
1112880.173442
1106136.004409
1098324.065909
1094097.692253
1097595.777026
1098431.893154
1098574.623952
1102870.229147
1121554.058666
1127959.904583
1129920.851223
1131969.573822
1136661.008474
1142837.028869
1142200.838784
1136888.522172
1133675.780593
1130697.580366
1134933.711360
1146916.734873
1151306.166628
1174799.421943
1175148.587610
1180030.694521
1188164.211793
1187586.762126
1192607.270632
1195211.106316
1202116.333698
1198816.755599
1195896.530032
1203158.957462
1201998.867152
1199050.623260
1191902.568597
1201086.731506
1200847.643969
1197031.648400
1206228.797766
1206687.664539
1216763.106131
1212303.045705
1210576.156355
1191443.191734
1186802.248477
1180296.852299
1174947.527542
1178168.759876
1183250.489623
1186667.377877
1193551.288884
1204009.075868
1206743.150902
1200029.108342
1198793.441774
1207249.043154
1214713.337146
1212670.945354
1213992.884575
1219443.813513
1220108.052325
1217457.310613
1219456.356318
1218571.451399
1220854.156748
1234352.795016
1239297.378631
1243558.044799
1255644.801137
1256980.696193
1263407.527058
1270598.586290
1277210.221575
1284486.857350
1296510.585960
1295703.470278
1303611.425435
1311585.310824
1329258.456044
1323992.108121
1323632.613716
1335744.520683
1323185.601986
1322796.983949
1311051.038640
1294166.472015
1266845.726526
1267200.561124
1245113.844639
1239961.597864
1246253.179187
1256001.858021
1274457.829595
1284649.905640
1292284.769365
1283298.936718
1274347.654235
1258025.493050
1254768.977047
1265056.712413
1272359.632998
1286421.136290
1276698.770521
1273537.639980
1270297.349128
1268105.141456
1245982.806029
1254196.040047
1254872.543552
1236132.097139
1217966.113639
1236200.679910
1219627.628365
1203322.972760
1206697.347786
1214517.309389
1220040.347123
1243970.487574
1241533.005329
1252413.549416
1250326.102757
1240122.347873
1249396.895530
1255529.153855
1257049.342779
1256102.698500
1253062.654817
1248546.373327
1241639.711370
1259476.933968
1272787.356874
1268297.043839
1267536.059466
1279211.179988
1299621.783496
1316951.725855
1318975.206111
1318815.075544
1320502.228782
1313509.108697
1309831.257286
1309921.108516
1307864.869509
1314108.393361
1311096.125460
1308500.009387
1312457.333775
1310998.395505
1305085.655713
1311368.158423
1319039.651572
1326866.145032
1336541.308174
1331053.809301
1337685.503514
1343559.055656
1340733.511425
1345276.355697
1347291.585634
1348628.807142
1359444.709907
1354849.780890
1350203.227904
1355493.146507
1348498.606982
1352285.598654
1328665.471139
1334708.486117
1329556.649418
1338629.605942
1340197.522229
1342760.007693
1336940.132654
1333199.157904
1337539.654681
1352573.433150
1359452.576506
1348255.330338
1357387.224998
1358609.596217
1347758.996579
1355546.713100
1351709.079753
1351021.922077
1361148.737530
1366333.120244
1373447.149325
1382330.767401
1386973.598644
1384697.048636
1380073.800245
1388823.013843
1381304.605410
1391606.261786
1399246.355925
1406170.136080
1425224.095936
1430115.431785
1432318.848715
1423529.038550
1424689.877141
1432129.411759
1420501.769769
1412438.131460
1412345.659126
1416290.719533
1427313.149835
1429009.856580
1440584.589077
1442157.524185
1442346.252666
1438963.678881
1436356.910089
1419229.252379
1409309.332796
1407496.397751
1411139.610208
1410337.040185
1419131.006822
1426534.238519
1415336.339205
1412194.176036
1418326.145133
1418607.976210
1434319.179880
1435250.181476
1441707.695125
1438158.671948
1396892.801209
1401406.828197
1376671.172586
1344417.864311
1365822.060645
1359887.801992
1378397.847366
1378948.513529
1355850.469958
1365739.749455
1349817.603401
1323800.302548
1349289.855796
1327972.530581
1328963.446049
1343907.096008
1378864.856399
1371933.002091
1368176.541707
1365223.456381
1365849.689548
1386259.249674
1362225.804072
1334326.523773
1337957.822584
1331461.391637
1346499.097495
1318337.584856
1293895.052985
1285742.407768
1281220.195646
1292294.948237
1295445.658067
1322232.332405
1319735.010871
1326986.380376
1350964.284295
1336277.437760
1314402.799053
1307478.874161
1307187.423604
1309030.988248
1318465.111024
1323910.241085
1313864.523196
1298306.166975
1292329.616829
1279714.488970
1262599.994364
1239372.627710
1228670.503311
1247180.959385
1265927.417643
1270989.568035
1255631.873172
1284647.066387
1297866.695601
1301738.053100
1309647.437492
1314519.133488
1315486.017606
1311057.066546
1329872.725958
1329193.771571
1330389.301465
1335719.608930
1318247.185128
1310268.789300
1319308.519295
1319213.970882
1286107.719421
1286386.021109
1313881.375776
1336923.284111
1333979.004016
1344401.863687
1349442.575773
1348647.418046
1350725.908597
1344389.212880
1350730.274154
1345849.132499
1354086.105830
1369059.693517
1357444.002658
1356598.264271
1356529.576383
1365606.123008
1367950.734303
1369816.879737
1361054.488987
1354391.124876
1374178.184384
1380607.025899
1391974.746265
1389559.093739
1397149.706038
1404271.239120
1415902.713377
1420759.772131
1412927.465475
1399030.349738
1406510.925602
1404698.071505
1414966.080461
1438692.103006
1441799.573180
1443398.979164
1436056.637708
1453779.473889
1450110.261021
1453045.710046
1444413.560777
1446686.895496
1437538.307683
1451813.888726
1447928.904533
1461741.558758
1456684.692004
1445019.519198
1439544.541632
1403171.262086
1399095.903520
1389931.224917
1389735.783809
1370235.396224
1378394.087273
1385705.587286
1400366.549185
1392846.896749
1392766.279835
1391982.478590
1386909.789285
1371167.907842
1378590.446857
1382224.408524
1369645.570562
1372499.333709
1361100.175224
1352394.971318
1367644.961152
1376241.067279
1407256.892891
1416787.186974
1399610.336504
1404547.897611
1398727.253042
1399950.538482
1418793.325640
1417495.130623
1429817.466417
1428366.958548
1425758.386459
1418575.918914
1426937.962574
1427458.578079
1426481.185574
1441444.654945
1441445.201907
1441189.802361
1435042.157342
1425659.084265
1425689.707604
1433338.664580
1437280.191856
1442779.930882
1456444.729133
1458774.914410
1455497.232087
1450152.555465
1444498.690908
1448540.328622
1457945.948218
1458006.564289
1447037.339457
1456171.735480
1467377.760940
1469565.311329
1459567.843157
1444078.503364
1428729.856251
1397543.310369
1400206.052768
1403993.504433
1424380.226939
1419932.800141
1416047.002744
1400704.487365
1408648.477950
1432140.612865
1425086.202778
1432551.858019
1423715.640520
1403859.496529
1406765.503223
1412576.630433
1423764.853753
1429874.254970
1420374.683218
1431093.187611
1447736.130691
1445595.398694
1447608.667154
1458507.780100
1460810.666810
1466158.751910
1462736.837854
1461966.804849
1455585.439733
1461992.428908
1463591.871919
1454093.246271
1462327.529089
1470534.929217
1464804.465738
1466585.384934
1454943.538762
1451201.666889
1462489.054660
1461077.918462
1469295.200678
1467744.215241
1473437.376630
1460814.076215
1447010.986089
1458147.995278
1472857.340897
1489853.111144
1487561.176923
1493404.633794
1487236.462194
1496032.965944
1520752.928221
1519673.739610
1529094.595695
1532683.821905
1529698.061027
1527993.751822
1522210.914290
1529833.013068
1526663.190893
1530331.163149
1529187.643332
1524766.738357
1529310.121656
1519253.001349
1535509.519467
1530913.384834
1535001.666768
1524873.125159
1516862.868421
1508538.610578
1520535.392971
1517575.427278
1528793.304228
1528586.677627
1530130.166088
1534673.935568
1539323.048379
1543316.124708
1558445.630566
1573461.737407
1577251.775871
1587592.257373
1592508.241836
1595447.634818
1594616.825059
1603258.756046
1589488.733366
1585907.961099
1604119.586431
1612778.365647
1618862.795136
1616467.468933
1620509.999097
1629852.394427
1632960.208834
1659403.036838
1654889.188219
1648275.065945
1652823.569832
1652639.662629
1649408.214007
1645976.193154
1650623.603256
1644056.025047
1685239.104822
1683828.039996
1687429.447918
1684536.971842
1695296.786518
1704319.638471
1717511.316398
1709628.554717
1717266.682224
1730590.519519
1755510.373807
1749365.677034
1674579.084740
1652114.616246
1649882.451466
1601170.713353
1573867.994517
1614994.939082
1611088.842524
1640379.925885
1621721.983564
1579251.752786
1462809.506111
1464753.788836
1343711.686714
1391441.268201
1278857.043022
1289366.213114
1232394.522902
1251349.423748
1270201.624570
1229089.714524
1349656.325780
1382547.744925
1422449.736609
1387165.724117
1396799.613235
1428856.663814
1379830.934983
1369853.408709
1452542.940787
1449191.128649
1464970.791638
1478357.440745
1488127.694855
1516361.555435
1510808.050010
1455770.438836
1497801.188463
1521468.990365
1505183.822895
1528929.703832
1529744.664608
1569488.744818
1566513.231550
1524887.573609
1530673.047498
1548066.583520
1540150.185596
1534006.323200
1516652.160284
1526662.635258
1548541.757994
1544021.273089
1562208.172423
1551278.389042
1550042.392334
1543482.073150
1571612.407525
1571578.702070
1576287.848421
1597915.572380
1618515.640285
1631428.437263
1621116.895491
1651848.851811
1666871.101126
1655872.802798
1672295.570107
1612788.411919
1613627.362584
1607829.893849
1632241.881535
1634508.266862
1642770.122442
1659804.031569
1679334.762980
1637590.988776
1648425.914879
1661074.603980
1681586.494482
1705852.330644
1747863.865168
1756047.249333
1752443.585765
1751427.730466
1753892.059546
1748417.264057
1750382.262096
1763567.733490
1774397.786754
1775573.263124
1810547.322394
1821017.411780
1809612.333017
1787871.295511
1774776.856459
1781322.822602
1774163.353845
1780334.211471
1766722.586223
1754188.257382
1768281.358676
1793199.141776
