1000000.000000
999894.526357
996558.109752
991762.909770
983840.513593
977677.524803
978569.165994
978827.077137
987503.552404
994461.282745
994117.509344
993603.439280
994673.567321
998471.880949
998297.416844
1000765.627167
1001755.557196
1005915.730148
1008892.995819
1022506.825553
1027067.607440
1037350.727413
1041518.506456
1050348.783422
1040024.221533
1039301.853892
1044268.915572
1049062.732873
1051780.417746
1053978.662853
1072598.275972
1079810.485251
1085225.270220
1092005.820824
1089805.249194
1093173.488669
1102273.103319
1101421.011351
1100437.847568
1098588.576157
1098780.170641
1102854.703000
1104352.417916
1097760.133029
1096854.363397
1103145.327668
1104758.724294
1108641.175136
1108384.873399
1108393.084834
1097763.803439
1095337.881579
1089756.273687
1087043.987433
1089571.753390
1085087.421338
1076693.149016
1080092.909260
1090546.908608
1099734.479499
1107945.469010
1111100.851785
1112707.617663
1117493.781895
1118697.332400
1122194.814303
1127578.747750
1129096.855506
1137067.834361
1136851.798695
1139804.229585
1130005.125571
1124981.999723
1122295.448903
1129391.865969
1131063.014769
1139836.635540
1147747.565934
1146626.065957
1149460.562596
1146091.023675
1132654.486676
1122508.984850
1128750.220586
1135098.791826
1130890.003948
1122123.213531
1111619.118726
1119399.271562
1126902.327853
1128309.491676
1128906.054186
1135258.665503
1140420.003468
1139320.073916
1132371.217904
1128770.255260
1132847.245478
1126270.486805
1135137.000995
1137696.988669
1142776.282285
1140662.320163
1140041.859877
1147363.038786
1145213.626197
1142484.660417
1139393.097660
1130348.192830
1129636.082481
1129906.548110
1126694.923188
1124634.871569
1124411.658930
1148006.928757
1156759.766580
1159911.667572
1167469.712353
1168820.288090
1174342.234388
1176026.057365
1181443.640667
1175758.733126
1170347.203377
1172952.256465
1168371.024677
1174605.594488
1181744.076730
1180591.505272
1186803.658706
1188360.511584
1183617.124668
1188611.222675
1189615.829611
1194272.307741
1194153.102258
1196407.370344
1198901.044654
1203906.840038
1199084.524153
1191996.562398
1203762.659099
1203790.034302
1200975.229058
1210935.636429
1209719.241043
1215371.648788
1211564.981607
1215029.948898
1200642.753813
1189787.494141
1182240.260229
1186588.114668
1189041.522708
1195059.059338
1194201.424043
1203380.127122
1218596.474534
1223075.053716
1223094.870606
1215227.073607
1220438.240225
1222945.889101
1223304.418414
1224468.064923
1231131.588880
1230390.430699
1221414.101495
1224482.669117
1227621.772814
1227634.321048
1231117.313192
1235372.426478
1240577.620006
1252437.819526
1256194.016802
1265943.276281
1272875.527549
1275347.784645
1284774.779300
1292300.597261
1288764.559001
1298426.787004
1309252.762272
1321117.138520
1312461.936768
1302490.271836
1312039.320779
1299925.090041
1297853.764714
1291771.910290
1281500.655745
1263389.717308
1242863.008572
1223987.658423
1207772.420688
1217858.377535
1227584.417821
1246065.423732
1254755.224826
1260053.375053
1254485.534768
1244566.776418
1236766.471172
1224756.452114
1233422.449342
1237667.706568
1252151.029358
1235640.416674
1227896.430340
1224772.842330
1221449.559845
1209720.038141
1212794.075475
1213311.581083
1201124.227913
1188326.639210
1192244.435667
1187691.105028
1173759.252650
1181574.861191
1194232.691160
1208351.460120
1225917.791484
1229295.036707
1233114.195471
1234692.332137
1221385.359583
1222002.100514
1228081.227179
1233409.547243
1238895.171603
1238966.610988
1243696.601222
1240890.109064
1250827.286627
1258755.746642
1262571.600463
1251388.031785
1259282.972047
1271942.265764
1286951.590428
1289204.157155
1290162.920205
1288130.673230
1286248.805302
1287081.677635
1284736.270065
1288642.572708
1296062.989455
1290674.261643
1281616.177046
1283385.014527
1284720.136070
1280419.781229
1286222.492398
1293116.250541
1295585.819309
1304590.317175
1297307.860297
1311113.864401
1316065.013219
1316166.819090
1326345.208734
1336548.339809
1338318.123661
1348278.969346
1348123.332279
1332670.071652
1341347.976687
1331287.214100
1333754.842320
1320257.268051
1326084.293658
1326827.308199
1331386.697342
1338645.252369
1327895.662283
1325672.610890
1320914.804189
1327232.308909
1345692.602418
1350722.520858
1348199.413072
1358666.737249
1363216.248102
1352055.866677
1354545.339563
1352409.269978
1355027.102877
1365140.269975
1366153.105203
1368439.202094
1373581.956986
1371533.761979
1366973.279133
1366621.356446
1382989.028377
1377018.152909
1391388.630796
1398872.062120
1397207.348316
1424859.304506
1428326.196006
1424003.036162
1418071.392122
1414603.378424
1415370.744841
1402901.145299
1393932.213766
1398674.880074
1404943.425617
1412693.869926
1414515.110922
1421250.696266
1412619.330741
1409692.716033
1401428.868124
1396008.621572
1375171.303203
1368251.948799
1363639.854025
1368479.496301
1361236.124425
1377273.926813
1384437.728949
1376019.206980
1376260.061350
1386852.782715
1397866.375092
1411522.866041
1415375.260741
1421840.142647
1401806.518960
1345669.899150
1353569.600754
1340612.979601
1307735.822537
1319463.224325
1323067.348502
1338900.226350
1339942.598025
1327305.403864
1331103.385625
1327942.051004
1320295.547642
1339608.039473
1332640.520733
1342231.963178
1345346.931271
1368266.554471
1361305.440990
1363328.745296
1362480.343005
1362385.454607
1375844.598532
1364537.576116
1343059.412690
1346984.180332
1339759.979797
1350279.737055
1348363.700192
1347210.082097
1332964.382111
1324231.569437
1330163.217910
1334031.190938
1353883.859753
1354016.774841
1360762.689196
1378490.161558
1376503.593543
1345276.300049
1350379.129352
1345281.953225
1352048.341842
1362912.447600
1370624.260850
1362215.713420
1347139.497888
1332747.490714
1327310.835044
1310869.995585
1296464.820575
1281508.624926
1292543.583606
1312366.463881
1301089.614019
1289362.203524
1311031.453338
1317908.550171
1319101.360309
1326698.143687
1332784.449759
1330327.021077
1317325.071039
1342155.006847
1340121.900287
1339048.623441
1335328.094155
1330404.803476
1316424.985862
1320548.187593
1323512.644969
1312787.458720
1322559.046959
1338263.927221
1357071.566763
1367479.212994
1385753.467269
1385201.730844
1382543.287516
1383441.960459
1367187.573623
1373153.167188
1362511.822772
1368978.393131
1390098.692152
1379073.530331
1382764.183056
1380263.480970
1380866.843208
1375894.583520
1379938.553001
1376143.615610
1370855.741735
1382415.326006
1385272.488294
1391444.640364
1393674.668263
1392218.997967
1398450.263138
1402787.631523
1410232.544784
1396563.348136
1382758.870671
1390127.717297
1393327.926055
1404511.675059
1432937.545988
1438736.729616
1439299.683020
1422943.130285
1438282.793697
1437472.803539
1438821.311920
1429074.663362
1429940.539184
1429786.681708
1445167.448269
1444831.431631
1451716.234411
1446879.223464
1431889.584726
1426928.366640
1399992.358955
1392215.711883
1384735.404752
1385061.916843
1371834.003865
1377431.690207
1386357.016960
1394689.178838
1382707.555030
1384977.717854
1384238.584970
1374407.094884
1363792.113490
1366053.811660
1368222.695716
1365155.376719
1369548.872997
1362737.623298
1366253.467842
1374251.207167
1387523.713880
1414586.343374
1425657.987945
1411822.898358
1413971.669765
1409813.322146
1413352.192098
1422090.547206
1424458.585912
1432726.531762
1427330.874643
1427568.088145
1424095.519151
1423656.225066
1423652.202129
1422044.614542
1438858.498684
1444278.129742
1450633.407084
1442683.640287
1431711.945595
1428111.526200
1432283.078245
1432267.447498
1437142.702204
1454599.567736
1458071.326469
1456899.141058
1450190.799565
1450597.462279
1449757.344310
1457197.148113
1456828.942049
1437599.846338
1440559.385632
1455233.076857
1458487.462163
1451578.348386
1440439.091912
1430160.732640
1406134.180393
1402610.351428
1406873.425300
1429517.417100
1426865.664179
1431362.564511
1417396.288047
1414723.555326
1431001.526774
1428742.890810
1432106.175809
1428262.083040
1419396.218841
1413859.930966
1416979.281616
1426849.584135
1437428.223872
1434118.741074
1438006.900144
1444204.716981
1444904.864102
1445465.798278
1458960.752199
1457927.089797
1455627.771293
1454568.530076
1456162.822478
1452430.865292
1462869.996704
1458749.503497
1453364.740263
1460652.158548
1472300.575142
1472414.374569
1477392.617429
1456363.114262
1456759.973601
1463912.174424
1468921.340518
1468936.675929
1468741.214368
1479222.420742
1471280.978095
1457063.772874
1465333.605316
1499196.132203
1516931.645367
1517270.976365
1526463.685340
1522299.945245
1526209.317541
1539905.526049
1539239.970812
1548581.561221
1554570.041486
1545337.655619
1539430.773654
1543310.111429
1542966.945082
1541480.945299
1541161.557554
1547078.450828
1539277.842062
1543921.975774
1527122.696205
1540420.619525
1531925.816484
1540202.617270
1525672.409039
1523461.087122
1516034.018224
1520717.532282
1519886.657690
1532343.592309
1528988.007955
1531465.488475
1535532.224552
1537662.727692
1546112.830564
1567892.311263
1577005.630426
1583875.632094
1599022.341784
1598882.642482
1604638.660852
1604160.280576
1608510.215209
1597342.579353
1590606.481694
1604818.564202
1618401.659054
1619643.143421
1624071.669231
1634499.868690
1635970.276816
1639208.211420
1672215.107683
1674597.265516
1668412.461735
1668453.268448
1674262.047685
1670768.591784
1675048.532888
1672256.590595
1691388.156627
1738757.072879
1714757.429647
1719422.213066
1717472.394375
1723604.953817
1730516.193820
1743974.235575
1745870.990359
1740714.922921
1750027.350424
1777044.062757
1766399.158293
1708351.374964
1686618.898884
1682233.814282
1636183.436700
1587200.264560
1627909.442319
1633367.866207
1655938.406195
1647846.921113
1606426.928952
1489422.999880
1498330.743445
1378032.620924
1398899.483295
1303266.159312
1317985.535888
1254764.275310
1277161.283526
1319323.595671
1265519.292197
1376605.752394
1424912.835257
1449630.007451
1409175.053435
1408671.808633
1452030.781268
1398838.199928
1393164.248916
1488140.463860
1477871.375468
1497117.927300
1523124.650919
1522232.637116
1548571.814005
1551318.619182
1502728.418005
1549232.876449
1564423.194485
1551284.308231
1583520.137842
1582457.242503
1610862.628793
1601936.288776
1561111.212479
1567564.666291
1597201.858503
1591626.711385
1579553.701340
1550459.887643
1557745.305217
1586438.074026
1574948.838026
1590317.202223
1583998.963879
1577669.016182
1573943.998633
1597074.201670
1597709.263855
1591349.047844
1629926.118732
1641249.955018
1658222.578847
1655441.351488
1675345.718831
1697535.314217
1679539.079310
1701582.094599
1648809.997789
1644471.134132
1645152.208016
1667685.032571
1670284.860976
1676719.518069
1686250.350618
1704380.384388
1673147.537373
1697259.991597
1699605.341754
1716136.795638
1755934.002467
1827459.449981
1824910.851839
1812384.327036
1805460.470244
1826320.455580
1837515.437831
1834167.851532
1853138.904515
1852523.013099
1855708.371808
1884767.401775
1885056.018272
1868701.036461
1852257.228179
1834050.271375
1854196.100559
1859433.281912
1858276.205775
1835109.974206
1816742.307190
1826801.890533
1848819.499391
