1000000.000000
999894.526357
996558.109752
991762.909770
983840.513593
977677.524803
978569.165994
978827.077137
987503.552404
994461.282745
994117.509344
993603.439280
994673.567321
998471.880949
998297.416844
1000765.627167
1001755.557196
1005915.730148
1008892.995819
1022506.825553
1027067.607440
1037350.727413
1041518.506456
1050348.783422
1040024.221533
1039301.853892
1044268.915572
1049062.732873
1051780.417746
1053978.662853
1072598.275972
1078116.466864
1082193.845776
1087919.102394
1084300.350486
1082660.987764
1085230.280420
1087129.509740
1081576.449749
1083571.676968
1081851.360382
1080643.402366
1081902.644850
1076476.768809
1079025.223792
1084118.822758
1085535.248588
1086962.851448
1089833.498658
1088346.181914
1078233.058064
1073069.772677
1068020.635399
1064058.661155
1068879.488561
1072009.629776
1072173.486773
1071248.335820
1080881.931836
1082897.674816
1091977.048030
1095585.880846
1095928.010367
1105809.512717
1104541.278500
1107802.749086
1109579.722028
1109850.193924
1112562.394274
1114864.441030
1117384.578971
1113220.109249
1110632.794807
1119137.579721
1121140.541908
1119142.740566
1113937.683838
1120091.373817
1122512.125259
1118582.162728
1113478.582268
1102044.212516
1087158.884768
1089687.599787
1095357.698006
1098061.282223
1083160.648615
1072530.627411
1077539.811110
1085254.626047
1086917.730402
1088045.135922
1093431.726147
1095336.741873
1095818.415659
1089057.757747
1086611.399014
1088351.448777
1079904.576688
1081543.907213
1085184.105650
1089334.824378
1088243.640090
1083014.632029
1086171.341332
1085234.316354
1085985.330321
1084228.686558
1075945.432460
1078416.174156
1080308.006175
1072146.473958
1073312.666064
1073750.343937
1093374.960673
1094710.907419
1093354.348136
1096446.373075
1098975.485542
1105801.161462
1103447.923997
1101038.325895
1099902.778884
1098651.643335
1106654.494475
1148810.345633
1146904.551472
1156059.783621
1158308.849123
1154400.105573
1169976.962253
1171683.798091
1178436.695674
1184860.475110
1182079.092505
1178571.483947
1182325.965925
1190984.351956
1188928.981841
1186441.071656
1176743.677244
1187487.729362
1186323.386511
1181620.578179
1183294.935474
1187780.940677
1193985.842325
1192952.349475
1196998.928117
1186645.504240
1173494.720919
1163856.150585
1169118.394037
1171998.442360
1166995.855590
1171123.247142
1176929.630190
1186082.506996
1188008.910059
1183875.146864
1181117.860487
1182949.998273
1189612.719245
1191495.381318
1194205.266047
1198317.921570
1202626.143079
1199946.044763
1201399.159845
1203945.227671
1200060.729431
1208691.424926
1219558.228553
1222924.735247
1228003.531092
1229827.008764
1234580.535306
1240851.267209
1248954.242318
1253371.534407
1263827.271187
1258920.559579
1270085.253860
1273031.848579
1296789.633652
1298459.261298
1289010.133768
1294872.754489
1286670.738838
1279176.299006
1262351.476775
1259331.820006
1247797.675108
1219478.571196
1220674.583226
1197492.596290
1202043.430843
1200349.510912
1211228.104577
1214767.137096
1219783.403734
1213696.530810
1210369.515013
1202457.524396
1182493.537554
1198908.533641
1197695.890118
1206148.788693
1199847.907459
1200617.394207
1194303.283504
1191901.333920
1180548.105014
1187564.510965
1186595.886061
1173495.240611
1161972.191088
1171284.591261
1185970.695548
1172873.513153
1165709.864818
1166778.889488
1189644.794131
1205546.439370
1205146.681654
1208262.051842
1203307.290054
1193735.420441
1199353.355931
1206595.034354
1214081.639225
1213647.885501
1215227.128398
1218000.760495
1207159.558909
1210851.524357
1230587.644081
1225086.990248
1225879.057484
1229711.197147
1251298.438365
1259537.056363
1261782.670594
1267630.418040
1273314.053378
1270399.372019
1264326.386620
1266612.667615
1274935.038167
1282246.005665
1291418.916124
1282997.533769
1287531.611696
1284667.903806
1278147.256452
1280672.964865
1292196.881986
1290310.266114
1292419.448887
1289637.626104
1294846.533032
1302749.489075
1303927.789447
1304781.604496
1315131.042810
1317235.178869
1321466.254126
1315178.050392
1300650.486170
1304402.065858
1297230.635390
1308931.645830
1292642.942008
1295755.456140
1293043.655194
1294654.592063
1306777.216497
1301031.993652
1303590.194624
1295113.712511
1298564.456561
1315929.120370
1325832.856785
1316569.745588
1328129.580641
1327491.547625
1315238.774640
1316492.178206
1312208.980976
1312449.289880
1322719.468348
1334826.002494
1341339.428706
1344243.657915
1348004.466002
1354641.495191
1364106.278552
1373724.569202
1363923.398177
1355750.682000
1365559.735515
1377400.563722
1391313.461244
1402995.851340
1411074.992572
1395019.941967
1386360.818727
1393586.708645
1389024.755828
1400594.185664
1405556.607987
1406726.047663
1407155.307745
1406128.909930
1422552.303586
1424318.555741
1424151.314378
1415559.530717
1410917.619920
1396599.506066
1387517.235592
1388431.024049
1375817.324610
1375141.722259
1384204.153565
1392772.537628
1381657.416751
1380054.123855
1386416.890796
1389297.986537
1404345.100690
1402760.999373
1407659.163655
1408623.148211
1368351.983341
1372320.378758
1375134.526878
1330777.274728
1343962.785611
1347275.136935
1364197.939425
1363888.147020
1352723.700166
1358180.778746
1331159.189177
1321544.625320
1320667.354572
1300746.765492
1324832.829668
1326625.261813
1352765.064000
1347644.683409
1349965.531509
1356361.014729
1351293.408492
1364501.376995
1357908.669864
1348056.725869
1349639.358636
1341217.848005
1350532.386064
1349702.789478
1345601.151696
1332221.471096
1330145.028180
1329626.124195
1331989.912733
1349234.881494
1354032.175177
1358139.310239
1368023.842041
1363714.550965
1326372.183105
1334856.878720
1328316.828581
1336926.166939
1350108.351127
1359561.961534
1357215.659039
1348034.676099
1339810.173060
1342786.427415
1330478.504901
1312456.897735
1308708.679835
1312715.472862
1328662.655864
1335081.525547
1330875.057256
1346061.383409
1352367.058285
1361848.286741
1369515.487092
1371501.624051
1367633.822551
1358988.614676
1380384.129741
1378043.089758
1369714.043077
1379364.884771
1369826.913259
1357060.282103
1359539.870200
1353026.102212
1338563.094638
1341713.442762
1359164.237965
1384355.934496
1378887.423839
1389437.405426
1386736.095086
1381377.921370
1376537.316644
1372579.116778
1380632.682117
1375406.146029
1379998.387710
1394775.920358
1379919.904222
1375946.386044
1377603.271050
1391218.854054
1396683.937590
1399243.695812
1393191.725820
1379364.266666
1393154.698305
1398685.934961
1406365.943749
1406067.198063
1414059.634052
1425505.091212
1431408.303731
1438088.975038
1432356.328395
1418147.780786
1427816.791364
1429681.530325
1445571.085944
1467368.010684
1472924.369965
1464927.259477
1464415.517526
1473698.967860
1472903.725302
1471887.184356
1466610.730485
1467486.567548
1459717.436578
1472119.043961
1462946.413938
1474983.586856
1474336.871730
1463090.897552
1471090.328449
1433180.605484
1425566.372557
1422217.439961
1430101.804029
1425307.917739
1433740.102063
1441135.621763
1455715.168768
1457081.649803
1479886.021416
1471595.810183
1475708.039994
1464620.666347
1482137.593966
1489446.955060
1476593.621706
1484145.298426
1476747.082021
1482725.274021
1473394.084570
1469050.851572
1494315.375872
1503147.583474
1496987.517179
1498799.193944
1493804.924971
1489329.638454
1497228.154117
1499080.099780
1515350.179103
1511292.170536
1513581.446306
1515716.987867
1516790.842630
1516027.694212
1511705.834533
1522993.928716
1531106.172496
1528274.849076
1527325.915500
1507398.787590
1512036.986549
1510769.139377
1514572.298039
1514155.949269
1526118.122349
1534614.393860
1536361.488780
1520018.660902
1511604.585924
1507324.746744
1506523.997185
1503341.781761
1507183.705923
1509659.237474
1522495.165378
1511570.992219
1506359.752892
1478722.559647
1460242.287535
1437615.454254
1433801.672197
1431051.927727
1450782.566368
1450819.506748
1447834.609150
1448544.314879
1443884.753974
1452146.560437
1450938.272602
1453486.067472
1439923.952401
1439338.125161
1448468.438020
1450795.530402
1448108.955383
1454890.804405
1448810.997053
1459331.651441
1456933.096199
1459458.844054
1460444.910095
1458147.540825
1460673.316450
1468047.450810
1460157.023255
1464857.726291
1455421.062870
1494043.863166
1504021.999863
1501391.152857
1481017.799133
1485811.610147
1488813.249222
1484541.831065
1458259.118605
1450866.757979
1459974.101657
1456272.776435
1454770.226053
1449785.515176
1464979.361962
1460918.399823
1442881.779171
1455675.698456
1450910.305419
1466865.821382
1478666.003442
1491266.815341
1497756.035800
1502570.119991
1514993.186424
1514223.356570
1518628.556688
1518189.648661
1512801.860929
1504874.555611
1493282.651532
1491792.597584
1496919.539982
1501018.631038
1505780.093854
1500412.454644
1506761.230306
1500086.099808
1514869.480183
1514977.574634
1524895.972777
1510653.294995
1504744.884008
1494479.320021
1505186.035768
1501313.982139
1500655.101613
1498173.221673
1498482.964572
1499603.991166
1500012.368958
1509052.841977
1516818.132617
1532889.638839
1529355.186418
1535637.108433
1538448.701030
1535212.213506
1534835.794506
1548369.790477
1540592.112611
1534200.099007
1544146.168434
1546079.392166
1541254.392212
1532733.040732
1534700.460845
1546193.869197
1548835.709644
1562198.548994
1556567.650892
1553390.933248
1550695.702964
1551685.231247
1538696.919994
1534353.486049
1536845.346703
1480833.543487
1506045.235314
1508021.538247
1510767.563339
1511277.039505
1510781.535637
1519373.830041
1529632.354752
1525565.602204
1514934.108885
1516157.273478
1527779.987362
1527599.613081
1489182.845372
1477801.323429
1478640.763313
1459350.059014
1404363.818417
1423104.471541
1427536.763671
1439497.644533
1435674.155705
1392791.377019
1308550.022448
1304469.201983
1199696.230539
1233274.505143
1168488.669629
1173315.929998
1133936.010536
1128754.653816
1166660.017065
1102792.417758
1176270.130246
1217164.572261
1238390.557740
1214479.546003
1204562.498810
1243956.087545
1209573.174470
1196998.870900
1268531.260871
1255673.698168
1272377.476402
1261666.570060
1272395.632847
1297239.868855
1296189.089962
1263070.769637
1290689.717788
1312462.415877
1287086.385765
1298264.976697
1299367.756443
1317929.750767
1314675.581653
1261538.023861
1263037.593169
1265693.248054
1263724.245225
1274042.031219
1237238.923246
1240260.779850
1245123.248266
1237785.479675
1250195.148934
1239563.140933
1233351.931654
1231142.086850
1254518.589090
1260119.911791
1256619.631034
1282887.948193
1293464.908613
1309996.428988
1306139.771082
1330340.844416
1341175.002116
1330128.196634
1334609.006310
1295690.309231
1297373.238823
1283423.366161
1302109.269624
1304748.178202
1317477.994328
1334035.551212
1357284.293702
1325945.542390
1328790.706652
1322306.440887
1342406.673881
1356525.181454
1391259.922117
1394797.456387
1390534.447752
1397617.232197
1390649.353928
1400921.008625
1388284.566196
1398958.209384
1407133.777091
1414163.333414
1431833.976060
1442372.746437
1429766.104726
1428750.521333
1415448.037070
1410101.064925
1417400.544194
1412181.980338
1391285.724499
1394330.770159
1400419.130035
1412245.014660
