1000000.000000
999996.034723
996608.207217
991996.614068
984047.657617
977826.875311
978652.230512
978859.552447
987507.156628
994544.425301
994031.884469
993721.673600
994880.215735
998617.661838
998354.001021
1001321.898521
1002354.090709
1006517.967720
1009552.573208
1022863.350503
1027448.060957
1037658.650967
1041690.651289
1050469.004786
1039980.286782
1039447.155387
1044487.663246
1049834.753026
1052524.825814
1054666.669575
1073368.055150
1078118.246265
1079441.433442
1081385.206206
1079192.410739
1082074.050242
1087789.094774
1091536.700689
1092732.237558
1089982.071269
1083871.410358
1085486.974195
1082845.235580
1078121.687123
1080731.271681
1092754.835893
1091741.139100
1094595.032807
1098894.815940
1095425.110770
1092222.413836
1090524.693773
1090999.842813
1086114.034654
1080841.592786
1086899.451762
1085181.640779
1084991.634455
1092946.395332
1101276.645457
1108952.220736
1119214.714148
1119565.898867
1128858.791620
1133134.257998
1138579.219938
1143732.994844
1149498.536586
1159337.123580
1157157.838898
1156749.090095
1148155.752448
1138469.222303
1138384.716796
1150700.491979
1147856.330162
1149831.931689
1152132.279923
1158503.302061
1156653.394514
1152412.192722
1132204.084568
1115005.714458
1127736.670641
1135069.718501
1130178.973137
1128363.596396
1122762.255931
1127790.527010
1132408.679176
1132520.744834
1138718.000303
1143957.525010
1143753.270572
1143513.156783
1137295.078147
1134668.831618
1135067.831028
1127164.684333
1132501.774586
1133237.410939
1134793.017179
1129886.721147
1126650.440153
1129931.092640
1130422.037065
1129408.122194
1124875.220129
1118202.868021
1114393.215091
1113984.450491
1106956.596037
1104643.984234
1108561.051931
1125942.528268
1135495.408900
1136354.426060
1141586.994207
1145355.246522
1150286.568162
1150962.439480
1148853.751635
1141492.492602
1135006.149954
1140978.286070
1165592.180961
1173929.741534
1205537.858408
1208296.982193
1208291.162210
1212075.660479
1208572.191480
1214322.436689
1215224.290176
1219031.213734
1217473.510429
1225053.799852
1229232.508895
1231110.235367
1228077.690465
1218730.098338
1230313.859845
1227789.756225
1220408.367269
1229047.348945
1237099.739490
1247382.744211
1245504.478123
1246906.757903
1230156.944022
1223466.201814
1214713.351345
1209530.154873
1218572.679774
1217666.705891
1214315.956117
1229330.215955
1240923.296159
1235267.921500
1231658.764916
1225881.916384
1225329.092345
1234522.043133
1236272.003111
1235788.840816
1239400.902644
1237726.557777
1228294.575131
1237628.103307
1232559.548457
1238647.083291
1245391.832993
1250164.895719
1255523.354794
1260826.133018
1265148.148613
1273155.019835
1277108.965905
1280032.942868
1277133.147975
1283446.095988
1283730.520872
1289731.127435
1298122.814817
1315808.027408
1308018.941391
1296686.122152
1297165.010951
1289668.448876
1297136.938439
1296269.465718
1293591.261213
1269260.616293
1254695.095583
1235843.948482
1223544.506562
1229823.526035
1246540.352220
1250908.699862
1260084.326362
1265263.824384
1257170.517180
1252771.113723
1247175.504796
1239728.481128
1249172.929810
1255058.435176
1267199.612710
1247919.299890
1242897.754719
1242267.540075
1236729.803581
1224773.539289
1225402.597324
1222156.095580
1205995.324994
1185090.243338
1195248.123404
1197659.953136
1195192.670971
1202081.524191
1209743.180887
1223082.416102
1250784.289268
1252274.818449
1246812.831602
1243912.789710
1228277.606504
1234006.710305
1238601.680888
1249242.043244
1249084.012228
1243421.676460
1245050.291051
1234286.469013
1236384.131348
1250138.502844
1247214.636845
1241663.567420
1238473.348533
1255992.540936
1269191.263465
1277052.543199
1280490.301608
1280614.404078
1272966.557268
1261879.241986
1258747.527516
1263850.852181
1275432.198621
1276045.169302
1272128.453814
1275620.182214
1278353.825882
1275335.475639
1272789.656370
1274480.601929
1279087.471256
1289402.581791
1285713.125223
1285995.409160
1285157.050626
1285585.459650
1291789.664639
1293841.001108
1299652.138112
1301380.241611
1302142.408736
1290887.411061
1299304.004024
1283957.316011
1289127.723781
1271636.044579
1273820.278249
1267233.134027
1270183.611770
1282471.551951
1277205.073124
1272901.002287
1272277.860603
1282726.261151
1299773.767910
1302034.595424
1303947.398874
1317165.225245
1319792.300790
1306053.773317
1313046.356703
1310306.823815
1310492.886906
1319922.643227
1322254.481826
1324253.249420
1331505.688932
1329586.983921
1323803.282344
1322734.533379
1327671.513967
1320948.175444
1322670.972115
1330266.380660
1337489.112599
1352576.376143
1355033.187906
1355579.459354
1345390.474719
1339481.815638
1351421.069911
1345043.689031
1339462.151937
1335548.202059
1346142.447395
1350288.515060
1355627.280002
1364698.024681
1368488.930482
1366718.151215
1366184.290105
1370315.826815
1349799.314507
1342201.096180
1342917.831407
1333263.982950
1325981.778580
1332469.510385
1343079.830077
1334275.645214
1341580.361936
1351776.439524
1369812.861684
1369691.027512
1370889.253122
1378516.020521
1371073.974557
1322279.246048
1323159.350809
1297848.466801
1258270.645149
1275851.400781
1271084.123491
1293109.744917
1293884.434019
1287314.091372
1292867.759047
1279461.938973
1262150.585782
1273794.638361
1265492.000458
1258605.684054
1275609.440914
1301892.789718
1293476.937610
1304675.232676
1304848.985014
1299806.028587
1317516.227335
1306861.498775
1286614.161931
1289830.574745
1280272.717839
1289524.005352
1266118.797159
1256861.793991
1242666.501313
1247949.844753
1258136.411174
1261165.272428
1274846.117906
1271630.512345
1276322.236011
1310158.065559
1289022.633450
1260179.097076
1252717.868444
1252742.385172
1258828.134701
1264982.882505
1272983.935722
1262491.440418
1240666.624667
1241565.154703
1232581.597167
1220787.636759
1204682.411789
1193741.797682
1190604.508660
1204537.116800
1201130.128649
1188341.000165
1214274.919196
1227148.818369
1233315.067726
1244501.213648
1246889.840545
1248670.133731
1237010.387625
1259019.891412
1255284.698329
1256705.694953
1252257.843883
1238078.873294
1233113.719147
1237273.675280
1239283.040391
1223198.686644
1232055.546417
1251746.498400
1275406.357528
1271494.402119
1280194.204519
1284481.181027
1284138.227770
1286813.864809
1274870.911947
1278271.765771
1272110.395957
1279795.209365
1300863.887189
1289329.116645
1294523.508359
1292829.313121
1288989.310008
1289863.729553
1285892.629100
1275550.031376
1266345.564265
1276183.966217
1282343.117794
1284372.744646
1285021.153117
1288544.321873
1300516.128291
1306531.983316
1310585.017131
1294935.767386
1281974.576647
1288321.282987
1285795.904776
1291001.560803
1316300.999318
1327511.682418
1325641.583881
1327059.743760
1338898.759878
1336273.505381
1334102.251703
1329113.134295
1327837.568313
1328743.961592
1343347.170567
1341318.696143
1348327.989604
1342313.884792
1330254.752873
1327121.475968
1279860.264740
1270892.753014
1260431.132924
1269400.889193
1238598.561590
1242161.564851
1255321.431518
1262717.065874
1259013.616253
1275017.591443
1279085.350392
1269287.106340
1258721.307411
1266606.749350
1266087.225243
1258227.555141
1263750.361495
1255324.827406
1249583.634404
1252187.759403
1261098.986039
1285562.471471
1299662.121904
1292135.798109
1294000.716931
1291814.683041
1292639.661564
1302415.269085
1303580.579895
1321631.251056
1317265.858133
1319173.773360
1295834.115917
1296332.517589
1301056.587196
1299756.390783
1315586.570756
1317378.980163
1321513.739175
1319862.589116
1307624.796444
1306493.891816
1308851.848223
1310180.503603
1313048.943217
1314537.231136
1317345.796532
1313315.561092
1306001.448476
1303925.982728
1309309.222665
1313974.838508
1312784.524335
1310075.710809
1311701.692812
1319953.489974
1310342.738541
1306865.081843
1296272.445688
1280134.484789
1258947.221076
1253686.232156
1256314.604946
1276545.760172
1270332.796301
1273445.630195
1265837.084760
1270320.561047
1287326.715130
1281259.963811
1290817.809532
1285531.908189
1281672.597324
1288126.153676
1286115.167390
1283256.176558
1288796.710996
1283363.628611
1290243.904953
1298942.280484
1301878.313385
1299055.350414
1302705.847434
1304568.709052
1294098.783519
1287104.381112
1289563.027832
1281731.912897
1293800.214876
1288967.579650
1276552.167441
1279869.509341
1299451.160654
1297762.280208
1293575.648474
1278501.204378
1278707.168945
1284630.234519
1286188.700788
1288610.716053
1287186.858581
1300649.506522
1294463.650301
1290527.741872
1300302.333053
1310743.202044
1323250.870415
1321497.096663
1322360.515527
1319290.911143
1327919.659044
1350995.182598
1355360.614960
1360252.634665
1360039.671251
1357998.193596
1352713.450948
1349419.719511
1344284.008476
1341833.845109
1348692.980066
1349916.402242
1341548.533460
1341549.171038
1328953.627775
1346323.519477
1339092.182032
1350474.429848
1339074.695781
1336618.448449
1327968.435262
1334401.324826
1332476.983635
1341698.472627
1336326.240527
1335860.974757
1339458.303336
1346163.230981
1356222.154202
1369982.680341
1379007.360783
1377741.134959
1386862.687770
1391924.024895
1387226.384209
1386080.019508
1390179.060184
1379893.657514
1373499.601222
1385591.361877
1388881.099789
1382650.388048
1381509.163329
1388260.067654
1396608.939074
1395709.519401
1407080.532481
1400312.514998
1400325.388557
1397120.315939
1396775.286539
1385709.904015
1380855.970586
1377532.889088
1341610.379304
1367105.699612
1364963.504085
1374183.487531
1367507.449076
1369610.492398
1375431.521469
1375544.171302
1362685.166970
1367331.919229
1375483.700432
1386250.126293
1390848.474059
1334194.050840
1321571.971680
1321936.867895
1291209.463691
1258197.490289
1303110.327921
1293647.388259
1306531.694388
1303393.335645
1269374.957625
1191023.088102
1190009.713007
1108706.567114
1134664.004223
1058792.379609
1085023.329637
1050151.784113
1046360.783357
1063172.432051
1031699.349390
1116193.932097
1152243.675242
1175112.131312
1145656.105461
1151522.370713
1178096.440162
1146391.707760
1146541.610763
1212370.171650
1203453.296495
1220949.362902
1244209.266956
1251432.884594
1267568.224497
1263359.496507
1224849.971106
1259199.642574
1263951.505709
1247846.556628
1259975.179936
1263558.855248
1292471.586599
1286435.010795
1256322.815964
1264470.383979
1284749.105385
1275571.882498
1273890.183333
1253877.097535
1255095.072945
1268957.323998
1266561.904025
1279755.694576
1277491.817927
1260298.406311
1255154.811291
1272331.421385
1274711.273680
1277132.551454
1299144.677241
1308168.690331
1325470.752718
1318685.470972
1332345.945387
1334965.678005
1323651.635174
1336305.023519
1291969.336179
1290490.044693
1286158.640312
1306074.304207
1310635.489021
1316902.901837
1337104.469640
1348207.458974
1316704.966693
1329597.644992
1331195.305125
1346350.021424
1368972.489975
1436598.815100
1439149.368129
1442494.954949
1436772.625368
1434853.279190
1444167.739018
1437184.347216
1435799.053994
1429224.299855
1430830.467510
1449396.957043
1446016.271395
1447136.044739
1430321.324093
1404857.439131
1402338.329062
1405253.474959
1413615.084725
1404330.186205
1384380.614405
1399999.835148
1414427.750985
