1000000.000000
999857.447760
996556.862452
991923.558314
983844.389158
977539.194045
978423.220676
978694.179794
987314.051611
994343.545092
993837.551071
993368.215492
994433.832379
998070.797716
997870.984781
1001496.321986
1002463.509979
1006591.119999
1009686.961725
1022994.849581
1027401.484167
1037622.705750
1041883.948771
1050699.347533
1040320.927143
1039664.067938
1044610.849430
1049885.200971
1052270.665489
1054402.249590
1073295.863969
1077764.333508
1077456.856966
1083044.189097
1080523.799120
1079894.146864
1085380.599819
1089188.709696
1091754.640335
1088956.765376
1086409.150745
1084709.710966
1082553.158263
1076398.308403
1075999.362531
1086354.114114
1086577.849130
1091244.532064
1097503.121665
1095881.745496
1092577.380664
1086221.283938
1080304.899162
1076522.244139
1074213.695013
1078805.719542
1077337.533180
1077895.367647
1088462.535694
1096176.035303
1104710.406763
1111433.224684
1116343.118362
1121077.837885
1117267.335524
1124898.007088
1129675.335217
1129398.927730
1136385.715953
1135859.183277
1134931.898347
1129650.591885
1126286.886392
1126780.361348
1135736.657710
1140764.563787
1137401.386862
1139993.142263
1146989.773012
1144709.114136
1142294.460234
1126668.051558
1109116.265300
1119442.838571
1125171.160893
1119992.908725
1114697.612092
1107940.961015
1116158.934367
1124860.005132
1126206.010264
1129102.216589
1133514.865042
1136830.364189
1137706.116735
1133567.161672
1128989.334901
1128436.621958
1121644.761594
1126038.097852
1129482.840248
1131972.209694
1126057.585336
1127778.209841
1132693.427303
1132263.090775
1129312.062797
1127034.950630
1121314.690709
1119659.884495
1121753.071092
1118503.761939
1118372.957972
1121330.540296
1144220.639607
1151471.396750
1152796.967533
1158170.903612
1161212.683227
1169723.210372
1169535.692422
1172614.540509
1172499.621308
1168885.637976
1173449.361100
1192441.458848
1200997.435795
1219553.795197
1217354.193327
1215783.099096
1221823.801130
1223163.138672
1232792.094105
1236328.683932
1235817.473240
1235225.535699
1235871.947325
1247860.229676
1250561.298386
1245927.914430
1237382.646936
1253633.125603
1255908.300927
1257470.139432
1264023.982869
1265389.114722
1261749.819973
1257393.686691
1258454.559643
1242571.733301
1230002.899761
1221336.480297
1223515.397385
1230152.378170
1227177.288481
1224617.119435
1231102.390228
1247820.690120
1245542.773029
1246724.927302
1239513.858783
1239994.506948
1249888.152106
1254656.102320
1257471.418467
1262675.332488
1261928.568167
1251653.621024
1257951.895938
1257937.268271
1261262.432504
1270230.237554
1278616.081631
1284868.424262
1288082.256584
1295684.864961
1303866.017073
1308489.154913
1315186.107107
1314967.300298
1321085.784057
1319954.527732
1329252.742643
1338104.436712
1354536.332669
1351043.108543
1338008.254968
1335173.025975
1324854.194673
1329367.660061
1323774.182213
1307510.172175
1289750.067431
1266978.713060
1255924.448829
1240422.582329
1245961.028216
1259423.730239
1271718.993138
1281582.413020
1285303.760653
1276446.092057
1266181.966401
1260502.285727
1246245.048080
1260980.973702
1265809.233810
1271197.773872
1258060.976711
1256740.934892
1257681.495282
1254440.880335
1245443.356358
1249989.479464
1245938.924377
1231897.219177
1214063.807002
1222205.027691
1223223.098245
1212546.315982
1216245.126814
1223093.937554
1235751.198949
1256764.877106
1256443.948044
1256809.613059
1251148.209477
1237406.970943
1235867.344849
1238038.360515
1238448.080850
1235669.086316
1238422.184429
1245815.242258
1239979.825889
1244500.933593
1251837.710698
1257879.914625
1256001.091160
1261069.048769
1282850.125242
1293077.512746
1298467.282014
1299376.799919
1307204.565994
1302214.592494
1296442.146059
1294093.386766
1301494.702926
1306396.224195
1307892.082357
1302077.020513
1301667.797860
1302275.180572
1298453.252140
1298553.846651
1310982.478468
1311701.077304
1324632.025954
1322937.818426
1325232.507959
1327354.277185
1324250.571802
1328741.817853
1339323.719106
1339157.118353
1343633.081044
1338984.760165
1318043.118721
1325291.032477
1317649.358060
1323219.177934
1302245.328243
1300431.741798
1292425.429284
1292539.720594
1303311.465797
1290783.645191
1290809.847321
1289918.734131
1300206.465561
1320500.804030
1324724.335184
1313873.160411
1330570.372374
1332311.608457
1320662.530385
1321780.530441
1319306.126982
1324987.916676
1340687.237482
1345847.355254
1351089.211599
1356385.601809
1361273.932133
1359613.969741
1362752.490513
1372116.421144
1367914.562807
1360822.828469
1366371.764579
1372601.752252
1389210.835987
1392485.530211
1399885.334339
1387235.771356
1377838.688185
1382039.495270
1370118.173192
1370128.321040
1379918.663728
1385993.718056
1391992.169405
1393632.025656
1409425.820832
1410296.484327
1404446.556339
1396938.858151
1401146.835352
1380964.016144
1370766.299059
1372576.302024
1364238.174159
1359264.958149
1365302.860731
1378045.903632
1367207.046446
1369577.576565
1376413.266489
1393349.985368
1400944.278225
1406686.717430
1414334.058691
1417574.625229
1365779.446832
1370308.772233
1359475.238203
1318944.786971
1336212.755824
1334375.118650
1347517.971691
1347374.718796
1340443.643279
1350180.343301
1326190.113144
1315805.155195
1321439.868846
1307803.848047
1309416.795071
1306706.774674
1330632.481605
1332260.729757
1336798.861670
1334746.281367
1329272.652032
1338873.497563
1320414.385659
1296398.370950
1300271.797578
1287263.435563
1299200.694111
1289776.389685
1283196.922333
1268523.243575
1265079.130501
1263798.793238
1265538.134138
1282924.000324
1282887.721526
1290055.057612
1310807.334145
1301045.117261
1269715.813762
1265387.612184
1262071.360462
1268119.199126
1276473.623758
1284202.288710
1273445.206914
1265466.693146
1259217.643264
1249793.937672
1233281.333514
1215979.931526
1208635.080211
1210181.706369
1228614.580556
1225322.718608
1209576.337927
1234181.387626
1235905.797663
1239161.409500
1249457.591480
1253886.981586
1257458.910232
1247036.856906
1268413.846086
1267348.370998
1265221.386819
1281454.142890
1270065.080221
1262038.398036
1269232.441212
1274609.103675
1258357.827157
1263847.136863
1281014.113575
1302943.399226
1306128.301308
1326288.969129
1326146.974500
1330903.723227
1326353.257036
1322226.297454
1329606.744461
1322480.133314
1332527.790485
1357661.160546
1340984.767297
1342650.009889
1341740.106459
1360905.647574
1361367.029407
1362957.472542
1354247.912083
1344045.059444
1360370.004498
1363916.858267
1373047.339374
1378843.430651
1386995.358165
1403026.050730
1406336.854241
1411236.650097
1405238.330394
1385423.235693
1393041.945483
1400557.839642
1413818.741624
1447466.113913
1456171.252976
1454547.663141
1456690.653735
1470412.438439
1467145.697060
1471602.427921
1463694.465856
1461413.869307
1459485.310848
1478017.704516
1474506.045971
1486641.353631
1485225.095567
1470956.770888
1464385.358562
1429824.439555
1418830.550238
1404552.020824
1417305.855441
1399038.900071
1405681.468039
1420670.516033
1429507.105188
1422485.830767
1427385.489862
1430493.118869
1425886.288094
1410442.145470
1419561.198945
1423539.112908
1416400.135019
1420622.780440
1410273.022011
1415907.281026
1419744.604261
1420930.004803
1449263.167812
1466839.652646
1454951.722676
1456389.058199
1450938.314052
1448097.250229
1462394.380530
1466618.498216
1488926.239272
1482958.442372
1485507.573897
1478192.500625
1481335.989868
1486278.359157
1482569.408268
1506142.840828
1509245.194415
1507213.443363
1505237.030873
1486466.404352
1484571.732191
1485010.409987
1490777.316325
1495635.031303
1501396.711699
1505064.428504
1503385.713740
1498006.417993
1497178.050372
1499059.375922
1501005.628408
1499090.520194
1500568.273818
1503958.364918
1514258.933449
1507769.077913
1501881.927213
1488823.276343
1470901.993934
1437952.543460
1435065.757988
1432929.279863
1456663.188052
1450768.227802
1463573.777710
1458003.436278
1464631.484278
1479351.556598
1476035.472508
1480501.516120
1476285.228904
1474281.758258
1467006.543238
1467896.681048
1472096.420298
1480435.229840
1476048.217170
1487377.351422
1497036.184008
1500728.419761
1499734.016907
1506354.661328
1510961.575580
1504453.510104
1497638.045970
1508169.576162
1500324.964497
1517956.468269
1516688.418686
1515697.217061
1512555.667297
1518931.875710
1518317.249273
1518928.320092
1503656.919611
1503270.888556
1514321.380154
1519456.540341
1524294.199824
1516613.540802
1529639.986463
1521705.153449
1518985.018324
1526955.524537
1534478.157436
1549100.318139
1550287.143252
1558735.488332
1564531.858999
1577167.601901
1592075.387624
1594517.144233
1596414.288962
1600709.701714
1593373.599410
1585798.496358
1586449.631417
1582795.726484
1585928.819195
1593883.096178
1597994.983675
1589646.209690
1592797.975941
1583635.342192
1600220.380748
1592476.666326
1605297.440748
1585761.869162
1578678.336917
1567959.031671
1573205.208614
1573772.205113
1583554.837036
1576934.559559
1576910.227502
1580474.845405
1583804.659124
1601608.608460
1613073.681378
1626950.495357
1628650.607140
1636654.516384
1640121.304513
1638190.435393
1638160.879336
1645188.428216
1641876.888064
1636154.727451
1648371.752705
1648893.706766
1644449.502148
1645812.340940
1648059.935913
1660601.315082
1665972.126318
1683611.712071
1675826.629257
1670750.947467
1670277.118681
1675518.440488
1658455.360586
1656168.451077
1650183.664305
1591847.780894
1627110.020329
1630492.363699
1640963.680926
1636043.864901
1637572.988175
1649831.766177
1657987.208914
1652601.002998
1652592.865814
1651979.288870
1670584.203980
1671714.078570
1616863.608817
1596468.188486
1602329.516275
1574507.191286
1532514.701100
1561900.167541
1563473.551417
1589037.155142
1592011.886417
1550067.778447
1455496.074287
1460190.648470
1355441.127205
1397057.652888
1312466.934572
1330877.444173
1285706.728644
1277788.535425
1305462.840401
1251226.134874
1338649.570568
1376593.135261
1399993.958016
1371062.890021
1375516.074079
1408318.951687
1368907.303521
1366108.698743
1428891.009412
1422883.972896
1436397.006218
1438026.973169
1447536.319948
1468366.023297
1468396.747113
1430934.348286
1467428.449658
1478970.206727
1469265.552438
1489385.641013
1493529.759681
1519210.727572
1515081.596741
1490103.786734
1495530.344012
1516991.237357
1512498.413762
1510885.026445
1484305.182054
1489931.510084
1508138.530296
1499839.038733
1514137.627277
1506796.952188
1497373.812519
1495484.647613
1511818.566975
1517336.775233
1513728.316809
1545536.470016
1555754.244534
1569609.517669
1567153.964296
1593355.757323
1598220.601896
1591954.076422
1604632.497732
1553448.240842
1558681.807323
1547311.528970
1568622.606733
1571313.813373
1578528.234864
1595557.947389
1612146.985501
1589071.693517
1596612.359686
1593252.621648
1612340.228991
1638104.214755
1704046.280694
1706651.295196
1706225.690383
1705324.325889
1696622.465457
1707130.576041
1699713.510630
1702241.960355
1689326.800108
1698072.246028
1716139.894099
1720677.697727
1710432.444708
1698869.279294
1677214.729160
1681985.774355
1692359.411579
1695026.991605
1678568.605054
1684278.473205
1696634.207063
1721660.959418
