1000000.000000
999953.242105
996654.102872
992022.900088
983944.486186
977640.446869
978526.498635
978799.277462
987422.264217
994454.312095
993950.060042
993483.110499
994550.750438
998190.008804
997992.211678
1001620.265476
1002590.176162
1006720.285960
1009818.293841
1023129.366895
1027538.718227
1037763.594637
1042027.490474
1050845.753589
1040467.765164
1039813.319136
1044763.168385
1050040.267213
1052428.207350
1054562.377713
1073460.872837
1078036.524312
1077558.386420
1082580.671479
1080983.381705
1083019.198030
1091625.710565
1092450.951240
1092964.462410
1090938.552862
1091105.122177
1092572.972911
1090853.144501
1080947.308665
1080758.553016
1090037.002652
1088795.867085
1090865.114214
1094357.329821
1093888.909880
1088400.239320
1086216.894100
1082188.460533
1078629.075635
1075212.091408
1074732.452977
1070037.318231
1068783.727081
1082729.617221
1091576.973636
1097107.964756
1099805.696547
1101166.297846
1103112.106657
1104192.551972
1110365.871492
1116141.222557
1116520.203901
1123944.559857
1125874.061265
1122886.487717
1114726.875802
1115789.705690
1116129.315890
1120362.108427
1120653.963452
1118332.066009
1121347.552870
1125336.434669
1125625.047838
1123798.899651
1112557.769019
1102421.087195
1113247.903854
1115915.506062
1111649.287322
1104020.591079
1096757.896321
1103225.215937
1112839.774274
1113128.898295
1114142.431051
1119727.364683
1121093.448856
1120729.178179
1115097.453692
1108801.733365
1109237.002985
1102823.000825
1108265.218138
1112495.973750
1116031.169982
1113563.722917
1111911.238504
1118241.371986
1119088.715823
1117926.893095
1117417.112449
1112631.727719
1112877.908308
1114510.504169
1114328.494147
1117287.356357
1119835.500468
1137618.857045
1145081.839944
1148714.482816
1152254.142434
1156229.872944
1162646.787289
1162019.277059
1162728.443792
1165972.744548
1160141.883539
1161772.189697
1169306.365143
1177809.656391
1204435.672787
1198739.555219
1198494.410673
1202441.105120
1205697.174631
1212482.080642
1218155.374380
1219584.962361
1222136.633171
1221790.057800
1231005.956941
1236925.767785
1230446.433734
1227586.325315
1242123.706773
1236964.439189
1232349.223280
1236913.047362
1232549.452864
1229411.071541
1226860.039573
1235963.445010
1219963.237155
1209545.404440
1202086.010577
1204373.820526
1206658.042585
1203482.884871
1201724.644183
1211346.961969
1230856.370827
1230943.723140
1233957.164637
1225674.362925
1227236.364619
1236043.917863
1237691.220255
1243220.205595
1247824.052118
1247819.754152
1237454.079097
1251783.924026
1250925.977600
1253820.686779
1263814.178702
1272414.001148
1277935.198983
1287157.748139
1296033.184555
1307325.528186
1308038.373374
1318183.874598
1324752.233548
1329909.644194
1331261.805501
1338248.224025
1353438.928191
1365410.918469
1361261.049485
1357289.870370
1357845.737954
1346667.672736
1351657.083535
1343015.974122
1327307.548510
1304530.734996
1284150.795569
1271858.184196
1259693.907587
1265797.355387
1277552.174812
1300323.127051
1307879.324188
1312003.558037
1304013.417443
1294109.397693
1288321.246500
1276336.689705
1288128.120818
1293928.714013
1301974.721483
1283488.938174
1282041.177606
1285728.019332
1281722.322380
1272376.369166
1275934.646510
1274549.883492
1254156.499613
1236530.797768
1244546.151329
1241825.702817
1224740.078979
1224955.099476
1235882.106771
1246749.190451
1269845.347613
1270043.676821
1274934.844311
1272680.674930
1262236.234508
1263159.258808
1267008.129714
1279281.412208
1283125.269336
1285209.182279
1288828.370446
1282285.093508
1287550.414075
1292412.505853
1290831.681061
1288210.592517
1292515.177283
1318658.633043
1329580.809779
1334845.941243
1337254.442919
1344758.115554
1341811.241286
1334965.215949
1332497.903195
1333871.964579
1342852.757646
1341445.906483
1333427.686796
1334014.165860
1332603.736324
1329256.902187
1331724.644897
1342834.140595
1347639.054728
1365646.585645
1360561.990170
1365645.484595
1368807.324063
1366393.941946
1370778.025950
1381798.861489
1382751.140787
1388596.370768
1385390.396435
1371451.224038
1380417.704825
1370167.845506
1375427.550382
1354625.284845
1357475.060861
1345917.399145
1344560.268504
1354612.700678
1343739.755843
1337969.773198
1336942.063575
1346951.445334
1363327.904656
1366312.566386
1361353.394993
1375495.593352
1379712.950037
1369991.790854
1376826.319328
1375407.660987
1375665.164575
1385839.637389
1391066.428672
1399351.710511
1403381.814967
1399285.078971
1398874.794993
1394703.938595
1402097.803579
1391595.262886
1387729.379625
1391982.575742
1395708.121143
1418014.166256
1418307.415835
1425246.359520
1416390.895712
1410160.033042
1413614.906306
1398020.352870
1388139.004598
1393801.805353
1405218.183109
1411742.526574
1413049.951106
1428990.058636
1430630.979651
1427033.017635
1416008.115718
1421562.478797
1400673.115922
1387606.280852
1387700.031997
1387285.933181
1383372.504295
1382433.613292
1395630.683760
1389445.362585
1394368.229474
1406142.377368
1424377.815166
1435159.150193
1443440.474555
1447814.891624
1443099.148911
1392785.743130
1400180.363029
1378566.940642
1339557.950136
1356081.564266
1356939.105624
1373525.127992
1370234.299735
1364801.597093
1377689.303536
1349483.597604
1336209.166726
1346761.551157
1330432.767667
1341493.633753
1325927.152152
1357155.367201
1356124.781881
1367794.711714
1358779.672063
1357332.955387
1370563.220632
1356158.805349
1341648.086097
1352849.364434
1338366.685385
1352050.359548
1345540.772161
1338836.152384
1324725.369882
1322267.307939
1324688.316644
1326379.229727
1351158.091834
1347836.434113
1358664.123798
1379225.313893
1374515.848304
1342990.789519
1341298.054230
1337263.601146
1344142.292571
1354403.415420
1361595.645640
1350829.812117
1339606.117358
1332859.531951
1326721.466270
1310418.196327
1291886.974300
1282291.146619
1290005.604406
1311186.415865
1315248.736831
1302085.092160
1325876.413708
1333613.383118
1337535.675836
1347568.302821
1351563.272277
1352498.221215
1338988.743830
1367912.612773
1368032.016268
1367530.596097
1379965.958309
1363822.998431
1353230.729923
1360447.211810
1364993.764753
1348940.112375
1355765.787050
1372651.514340
1391737.764046
1392201.908328
1414551.970706
1414294.118571
1419813.995614
1415339.506788
1405429.972250
1408494.251247
1399183.682359
1408503.705528
1434104.163269
1420774.994028
1427416.329796
1426618.800672
1442897.491637
1441774.522938
1440708.770579
1429050.783950
1420379.729026
1436556.521562
1437550.354333
1446544.908941
1452388.543675
1459279.545148
1473300.062183
1472878.405866
1478751.349462
1471446.470934
1453354.510774
1459191.883948
1463735.708138
1478454.997788
1516051.796351
1522234.449676
1522649.008767
1518990.455851
1541123.585126
1540466.651850
1548132.429814
1534512.187352
1533283.699683
1533301.510833
1557243.030527
1556196.422765
1571883.071002
1566980.763981
1557839.049054
1555625.802002
1513805.090236
1507076.490180
1493040.174212
1508087.326434
1489979.295422
1492696.935202
1513101.567498
1523638.679180
1509415.475953
1507476.380663
1506258.934262
1501533.977830
1485254.579547
1496293.115170
1502624.208878
1500608.848319
1503560.770097
1494913.105226
1492887.354721
1493746.180395
1496997.179095
1528370.707588
1546567.745997
1537403.444483
1541710.094864
1540264.301595
1543165.402807
1557932.117560
1565184.708918
1588951.436502
1583797.820873
1588152.975518
1578376.445158
1578702.017626
1584268.277974
1582101.095281
1605911.961838
1608137.441326
1602307.214972
1597850.135125
1583207.351173
1580402.898336
1586277.741054
1587679.215878
1593151.029615
1603112.410357
1601881.800741
1598500.375471
1584878.524319
1586661.756719
1591791.162186
1597303.867694
1592807.821561
1592509.025551
1603408.173034
1619745.696625
1623365.140391
1613357.945421
1592927.318488
1577013.301076
1550596.686677
1550072.213489
1550206.426925
1577580.095979
1569948.565188
1577411.773740
1568028.025489
1570108.488698
1587225.078354
1585391.709834
1589175.368500
1589876.641378
1586678.697073
1583797.800369
1586065.659886
1595524.572383
1606496.810378
1601398.748370
1608494.587237
1617070.551175
1616674.096601
1614625.409001
1608425.883778
1618447.247940
1618862.744782
1611638.493637
1624930.950991
1620148.729848
1627170.171977
1624546.319654
1625641.653726
1629144.005267
1640635.848971
1639406.620223
1635930.899933
1619373.587132
1615016.421542
1627762.927636
1635123.179441
1643431.476094
1634003.296120
1646222.240514
1634336.907077
1627584.035987
1635428.633528
1652770.326683
1671691.352143
1678943.569527
1685523.498041
1679859.072593
1684987.049267
1703006.791732
1703133.149981
1707790.348077
1712643.880639
1708500.270283
1699734.498328
1704494.405658
1707128.992279
1708490.912270
1710687.791309
1710632.884564
1702703.583697
1702036.940334
1686329.357227
1695602.763718
1692485.871529
1696700.140486
1676436.138260
1667717.837617
1659147.082690
1669856.936547
1672727.057759
1690413.853338
1682928.337715
1683080.279015
1689192.924338
1688380.618256
1702124.985166
1717609.823785
1736955.813700
1742271.518033
1751858.093807
1751422.282028
1753572.963901
1754165.225020
1762253.461458
1755488.131937
1749246.982959
1752674.508061
1751303.773993
1749297.810584
1750702.867940
1755355.132514
1766011.386935
1768698.219725
1789640.477549
1784706.502755
1782667.632759
1782175.964464
1784939.930658
1770577.559619
1768730.031194
1760273.959901
1728117.575774
1768600.453374
1763315.287154
1770847.754836
1772466.880365
1777736.111761
1790632.290178
1798324.827842
1791001.270227
1791169.043042
1796708.119633
1813671.706510
1812334.482183
1751586.955280
1732368.198641
1733330.844265
1696122.648117
1653807.802908
1697068.632551
1697452.527455
1723431.362537
1721207.239346
1680531.010399
1572468.732735
1585157.854285
1468622.761372
1503669.874394
1406242.212232
1416301.386446
1360447.575603
1373788.579249
1405224.056235
1357300.827206
1453937.906304
1493037.907348
1513480.065800
1483896.019888
1484929.941164
1516833.024910
1467016.653532
1459046.241047
1536081.489669
1525027.705725
1548176.678164
1557942.868495
1568359.020600
1608588.486784
1604792.901834
1551578.535717
1592311.624107
1618493.023645
1599382.100177
1628718.197660
1630782.098030
1668201.684203
1663254.347771
1634449.679863
1640469.536588
1654655.280914
1653382.026022
1651964.887097
1621561.498444
1624134.456541
1651792.675074
1646746.234252
1663224.592203
1655707.691750
1639186.447691
1638756.266341
1661093.719555
1664764.466573
1661864.624542
1696812.703930
1709886.621547
1725150.167922
1720815.599550
1749148.503102
1761120.698153
1750016.986712
1763688.667855
1707102.587604
1709060.258421
1696064.177875
1722785.368953
1726194.080437
1732590.683629
1745869.597084
1767861.186104
1737011.160453
1748372.977972
1750909.295971
1773418.180267
1812514.028408
1880413.808773
1892646.919922
1881482.476769
1879907.886954
1881361.351945
1890243.004426
1882935.956364
1896819.820915
1878308.416543
1883530.436463
1909767.227161
1920182.346389
1908642.617847
1890641.938064
1857397.259415
1865057.769052
1875927.237871
1878246.806630
1858811.790693
1849078.585092
1859945.396203
1877154.536897
