1000000.000000
999857.447760
996556.862452
991923.558314
983844.389158
977539.194045
978423.220676
978694.179794
987314.051611
994343.545092
993837.551071
993368.215492
994433.832379
998070.797716
997870.984781
1001496.321986
1002463.509979
1006591.119999
1009686.961725
1022994.849581
1027401.484167
1037622.705750
1041883.948771
1050699.347533
1040320.927143
1039664.067938
1044610.849430
1049885.200971
1052270.665489
1054402.249590
1073295.863969
1077050.980782
1071584.952845
1077666.513041
1077100.642100
1077827.347864
1087006.230715
1082857.163454
1077406.352279
1079430.007398
1081040.912108
1082572.155268
1079678.354365
1070890.241373
1072506.102743
1081316.443084
1076755.719383
1075820.477405
1076958.307177
1077591.474102
1074931.486930
1071614.916308
1063271.707372
1060922.030510
1063286.131915
1060762.066262
1055534.615537
1055819.189698
1066526.948079
1074328.112418
1080407.352131
1083079.874824
1082620.070897
1085590.750466
1085958.620313
1091432.069017
1098619.464345
1100504.506865
1104850.946961
1109310.354090
1109242.391083
1101973.010182
1103848.040349
1104529.583190
1108204.780323
1112247.897532
1114731.337013
1118797.955822
1121704.493449
1124513.360446
1124811.414371
1113164.387222
1106121.661488
1112496.258026
1115243.202667
1113245.534923
1103366.146085
1096204.794255
1101641.239947
1108775.283290
1109775.326187
1110082.070304
1113919.369328
1116722.899861
1114705.855665
1111908.243505
1108697.297357
1112594.210032
1105117.201916
1110363.553783
1111181.369275
1116687.717743
1113361.463597
1111824.238338
1116124.279598
1117615.696419
1117176.028223
1115821.098530
1113084.781804
1115154.135773
1117997.888268
1116281.518954
1117912.629022
1119541.604240
1139724.015392
1146669.789652
1151011.108683
1157594.067445
1160398.824431
1165948.105970
1165559.946049
1168425.165319
1167090.563258
1163860.086594
1165534.057639
1162235.572628
1173965.113951
1196718.575611
1195992.576685
1200906.606267
1201077.707859
1209232.355343
1214442.724561
1221413.413446
1223370.775220
1227049.499017
1225828.711820
1225034.035941
1231884.218493
1226216.856861
1219828.606478
1228169.450577
1221866.528859
1219619.773845
1225361.094434
1221383.433963
1225405.299183
1219180.578157
1233217.109150
1217404.005019
1209586.837706
1204333.474435
1207692.521082
1209200.437351
1211445.563313
1206253.712316
1213997.148887
1229994.144478
1235140.059476
1235384.563403
1227463.062942
1234058.056602
1237904.426523
1236266.709398
1238595.325801
1246610.817892
1248268.940864
1240904.377061
1250607.209877
1252718.274827
1249899.771737
1256747.173660
1264648.717065
1269827.069131
1277162.620507
1284182.039272
1291819.733458
1295700.935767
1301648.564465
1302905.724603
1306918.247215
1307814.311616
1312239.521808
1328267.533826
1336592.428291
1330215.679852
1324340.333974
1325244.782244
1313850.022016
1316816.954251
1309734.238196
1295080.416522
1274816.796145
1254575.458477
1239755.373073
1227454.159307
1241052.722293
1247929.584208
1266269.913912
1274875.067966
1280865.803190
1276803.666778
1271444.801438
1266827.702434
1256393.220298
1265040.196864
1271934.460508
1277712.419511
1258540.198138
1254301.845059
1252831.850229
1251927.903940
1240922.841273
1245287.467799
1245451.903121
1232663.311971
1220672.471720
1231373.147353
1231302.835951
1220589.353189
1226812.298591
1238833.460279
1251216.708192
1268946.233119
1272621.051826
1277230.849350
1277880.952010
1268554.431505
1268938.028044
1277082.882026
1283928.021166
1290491.673773
1294473.289595
1299689.504576
1298082.600683
1304170.667488
1309494.450667
1315284.647700
1311118.432913
1319579.692219
1331658.770636
1349032.343375
1351804.385072
1355586.902953
1360717.277257
1362706.833135
1358738.186098
1360043.935912
1362310.559660
1371678.587950
1367767.646122
1354367.067518
1353197.175402
1349777.591141
1347052.680327
1355423.754318
1362034.792246
1364456.736858
1378647.264269
1372732.363838
1375879.799972
1381841.297212
1380822.587470
1386916.318614
1391644.247994
1390952.796040
1396354.425202
1390902.211525
1381423.821737
1387529.694551
1381980.087554
1392605.366683
1376898.861396
1383059.971808
1383685.690237
1384672.565936
1391114.756485
1383463.613596
1383946.543062
1380453.309316
1389197.821561
1404516.848118
1409101.254879
1404943.911923
1413619.211554
1421214.444244
1411592.298752
1415238.258868
1414169.353225
1421393.059014
1432603.892921
1433193.428171
1437499.772753
1441768.428294
1430058.198043
1429021.007127
1423568.162131
1434280.756431
1429554.705197
1426509.447479
1431258.095308
1433801.071667
1450551.536957
1452035.885382
1451474.397944
1443410.830941
1440899.880006
1440737.816405
1429362.143805
1425391.481883
1428244.607648
1435468.859723
1446249.654741
1448421.741998
1463852.460690
1460080.827119
1459791.849056
1449353.975236
1457261.162831
1436367.869424
1425272.562884
1424199.183599
1423876.676237
1426638.412771
1433847.213852
1438270.809905
1431967.618824
1439187.977036
1442874.616333
1464227.242815
1483250.092781
1485449.912433
1493449.098141
1488757.984299
1437600.345831
1447221.194106
1422180.645038
1387846.859579
1399690.109908
1405738.737151
1418015.327799
1414761.592038
1410076.045609
1413547.087537
1388550.140114
1378194.431405
1390511.385910
1377042.287776
1383765.800093
1372805.050404
1403791.563463
1391199.160261
1391658.522476
1389929.009577
1388803.767310
1403919.286875
1387315.218495
1374784.134102
1373371.015996
1357291.762742
1373065.378164
1376678.653642
1373354.883789
1354146.240079
1353183.247045
1348945.943725
1354418.054635
1377284.573083
1375413.444516
1381409.793174
1404278.999550
1403846.331668
1368035.010734
1373919.893475
1366490.931919
1376834.355970
1384212.272812
1389830.519471
1380691.934506
1366996.034873
1354484.517462
1348648.441293
1333116.161723
1315392.708977
1306660.105708
1315255.165905
1334406.170695
1340480.828939
1324212.460276
1343940.300868
1348351.395040
1349363.079220
1359433.641923
1363522.246350
1360127.909862
1349541.265094
1378016.161106
1374371.915827
1373446.883854
1387706.663072
1376434.886866
1363996.173938
1368910.508843
1372077.354949
1361110.266162
1369989.106461
1386662.219481
1407169.816841
1414440.187036
1442628.857902
1443221.656194
1442284.412121
1440792.100516
1426846.114082
1432472.622099
1429742.482566
1433513.680073
1451676.861277
1443198.006597
1444087.543451
1440540.146515
1449700.337513
1449532.966427
1450508.355684
1443505.213138
1435119.868113
1446639.936414
1448673.333746
1456857.009896
1464617.913443
1472152.625956
1486356.655685
1487416.333759
1492076.924663
1484758.374556
1472198.286073
1475553.458670
1476284.426589
1489901.907977
1518558.273351
1526212.086044
1525444.121389
1519494.679345
1546657.990606
1543264.450037
1548424.754561
1537589.133045
1535014.607727
1535781.478851
1548255.543677
1555217.858894
1573613.920547
1567959.381707
1563233.228414
1559176.256721
1520443.835241
1520290.577076
1511057.147315
1519064.309991
1507187.367615
1513764.949781
1530624.444962
1543331.764716
1535389.561437
1533531.553585
1533034.868173
1528999.775476
1507306.892648
1515001.773661
1519956.750537
1518836.291675
1525364.211596
1519217.943259
1522311.260828
1522685.153903
1536119.552845
1565828.548097
1579583.349637
1569194.183983
1569122.217134
1568943.655132
1569043.280445
1583451.891063
1586091.252896
1604452.526850
1602197.619229
1605461.884852
1598645.994105
1598768.527885
1596090.899253
1591887.240142
1613518.622217
1618612.953981
1613516.514228
1605311.309119
1598125.786309
1593894.145151
1598398.710432
1597935.704050
1601899.280613
1615704.799677
1614058.886271
1606336.922237
1594635.272577
1596775.803654
1605846.963738
1611009.216103
1605676.940766
1601701.540650
1601418.142595
1619042.954571
1625804.679611
1618696.247485
1596173.786860
1582499.754016
1558516.354843
1553615.690235
1555122.667522
1581675.104835
1576915.828551
1590646.173705
1580208.470250
1574000.244020
1591380.040780
1589453.184562
1598350.022848
1594315.318641
1588301.742208
1583065.790694
1591516.926207
1601182.644211
1608484.011538
1606608.160740
1611462.724408
1616396.511012
1612819.057122
1608345.545374
1606069.630698
1607383.297393
1611351.272867
1610425.728476
1620721.677228
1617128.866706
1615144.843819
1606741.265936
1610179.721425
1616207.098784
1624629.562343
1628264.617376
1631092.224921
1608738.042268
1607967.920570
1611026.833950
1612222.146814
1610606.601827
1604321.115526
1613096.132027
1605282.020134
1591552.453996
1601064.784875
1617645.703674
1631124.709453
1638929.337548
1649269.567647
1638782.228170
1644801.980424
1663179.957495
1664959.484886
1672094.059677
1677345.387237
1671664.913743
1664688.667868
1675967.773676
1674198.457411
1675637.018521
1672803.626044
1673503.171975
1666493.719609
1666572.249092
1653698.871769
1660186.610661
1652368.782706
1655495.099907
1638408.686975
1634699.325807
1623229.696047
1629642.160484
1630417.785760
1649886.876831
1642130.485232
1639749.745544
1642048.827960
1640172.028710
1649823.602607
1666216.999453
1677665.885758
1681589.873666
1694842.333317
1691245.140991
1700866.868782
1700095.524009
1704308.517275
1697182.923779
1690036.394338
1698009.578448
1706029.594263
1707081.203508
1704609.320228
1707384.229395
1712607.071626
1717348.040879
1737334.043273
1732570.149784
1732295.000614
1734882.535230
1737334.757917
1720611.331843
1719839.174880
1715678.628909
1679987.140921
1720224.877018
1724548.448848
1727830.436863
1724125.090772
1724608.558551
1730190.978489
1740599.581940
1728023.728959
1723709.732732
1729863.048678
1742904.512587
1737686.441900
1673876.720802
1653571.081932
1649487.125193
1611519.009256
1563977.722840
1611881.360816
1616694.395911
1642572.074527
1635522.003783
1591043.360252
1454976.395262
1464650.413296
1340144.209918
1369811.023435
1273295.770946
1289929.933804
1229422.944590
1250547.224575
1284808.223934
1255267.675228
1376334.218570
1424692.981021
1443901.721368
1399047.172226
1413809.971357
1457928.885213
1420667.945102
1427824.391646
1500589.255465
1484473.297382
1501447.619267
1483516.888753
1475884.577933
1512682.035182
1513201.022624
1469901.055379
1518117.152646
1541674.185668
1524305.405759
1544509.595898
1550771.148406
1585784.033026
1567275.719449
1540009.590807
1551720.880403
1571999.881286
1569286.527685
1553347.397430
1519119.792458
1524712.280814
1570762.552922
1559248.222237
1577508.513766
1568642.965585
1563761.461775
1560182.571835
1582984.402154
1586192.710376
1571218.780736
1602810.719725
1622643.230219
1642409.132280
1642495.606388
1675037.948967
1690356.215979
1672087.917305
1683399.177261
1626788.222687
1630041.164950
1621129.556483
1651613.230467
1651014.832329
1656871.528462
1666307.257516
1687277.367581
1655588.058483
1673525.482400
1663637.150740
1679298.965575
1709017.086094
1753692.571402
1757370.545569
1745789.810364
1731746.777013
1739901.885897
1757661.284437
1760430.055452
1779282.569994
1772245.520461
1771203.960742
1783027.921795
1797888.159633
1778741.592595
1768053.656654
1752010.048727
1765622.597616
1776345.433261
1775989.275289
1750803.542583
1741148.938971
1759872.883243
1784272.595439
