1000000.000000
999857.447760
996556.862452
991923.558314
983844.389158
977539.194045
978423.220676
978694.179794
987314.051611
994343.545092
993837.551071
993368.215492
994433.832379
998070.797716
997870.984781
1001496.321986
1002463.509979
1006591.119999
1009686.961725
1022994.849581
1027401.484167
1037622.705750
1041883.948771
1050699.347533
1040320.927143
1039664.067938
1044610.849430
1049885.200971
1052270.665489
1054402.249590
1073295.863969
1079159.580317
1082425.300683
1085784.848215
1084620.471859
1087097.334821
1092008.649491
1095635.005179
1098726.049641
1093303.714466
1089721.357315
1090939.881719
1089972.950290
1084324.823093
1084639.232759
1094018.074639
1095370.225288
1099872.624503
1104701.612271
1103825.358008
1095551.844716
1093608.149168
1086692.552473
1082614.820991
1079646.930005
1082294.991517
1078349.157412
1080997.861477
1091775.365291
1099626.950736
1109926.895265
1115367.540030
1120392.126199
1124556.850185
1123319.994245
1129623.319573
1134535.395397
1133579.569737
1141217.774877
1139370.892080
1141081.594937
1133795.917290
1127657.764245
1125191.664385
1133075.410051
1135963.687273
1136704.124630
1141178.355327
1146258.728954
1144944.481082
1140962.596696
1124979.941129
1110911.312241
1122039.399008
1127572.849975
1120214.684009
1116704.636327
1109895.112953
1119367.082100
1127454.806316
1128265.691278
1129868.061088
1135040.218804
1139868.457144
1139342.311453
1134291.952022
1130177.811081
1131720.773175
1125728.491784
1132394.313195
1134310.047313
1137428.694443
1132143.945360
1133910.243208
1139131.697014
1138456.703612
1135578.603143
1130862.213430
1123354.235809
1119155.929211
1120524.100529
1119022.771514
1117999.508400
1121912.505221
1142941.185274
1149725.659634
1152123.900944
1158095.850770
1160178.101285
1166728.487414
1167898.134048
1170284.771343
1164361.503089
1157980.548292
1162558.480508
1176414.843657
1181784.364782
1199968.076407
1198514.095147
1199540.401918
1203792.719139
1201925.497063
1209379.897778
1209730.639560
1211311.782284
1210457.876695
1210871.016099
1219100.940660
1222517.002991
1219471.768489
1211885.485061
1223877.398258
1227658.683462
1229035.623282
1237551.416185
1239425.884208
1239606.690621
1237349.925545
1236436.061411
1219401.961800
1208983.541428
1200656.433076
1198584.750776
1205344.964553
1206216.971328
1205657.024752
1212409.816673
1227020.735828
1225567.888747
1224977.889816
1218350.455824
1221697.052775
1229634.487599
1233055.006425
1233152.533086
1237696.397645
1235487.785420
1227205.094994
1229154.670291
1229797.707231
1233766.221325
1242758.163028
1247716.490608
1254251.215993
1260605.753589
1264736.087040
1272595.924950
1277571.540368
1283390.925679
1288063.438771
1296369.049741
1295282.821531
1306838.812059
1315623.813792
1331883.275752
1325509.864756
1315971.399284
1320603.124366
1309833.379436
1314852.267418
1308656.067147
1294000.048810
1273458.484408
1257660.962088
1236202.196498
1225841.263036
1230918.029179
1244848.337964
1257199.276329
1268384.188838
1273963.018695
1262972.580936
1251444.063283
1241471.808694
1234513.534960
1246976.613066
1252512.249055
1261513.429620
1247827.838217
1244366.935052
1242811.257396
1238998.043385
1227280.545973
1231561.000956
1228905.567295
1213977.109561
1194808.991964
1203663.713618
1195921.837076
1185876.417507
1189724.601021
1199085.401213
1209242.761415
1230744.048509
1229534.988308
1231937.264126
1228669.937393
1216367.735738
1219144.302283
1222715.480318
1223335.098430
1220923.771895
1220897.184488
1223910.430584
1218669.111427
1227389.575159
1238343.066439
1238325.603188
1234288.981558
1240732.346519
1261332.167701
1273524.133204
1278622.308514
1278356.407323
1280956.348115
1273727.961735
1268971.997740
1266138.928942
1269141.324379
1275972.845541
1273710.418258
1271225.615579
1271475.383272
1272826.760497
1267405.425051
1269222.039225
1277051.045852
1281870.461340
1292765.651502
1289377.840446
1294899.891015
1296193.602001
1293758.333527
1300510.717571
1309740.411825
1311021.294907
1315881.005579
1313001.352152
1300558.735381
1307758.374358
1298884.075912
1300922.439474
1279034.809966
1279609.238579
1272341.378284
1274649.465384
1281795.358531
1271772.076704
1268218.902141
1268422.373484
1277092.813764
1295556.249602
1299454.046438
1291304.549902
1306488.542378
1307950.512963
1295167.799921
1300780.272978
1299097.964006
1302463.412212
1316413.442808
1320616.227222
1325031.352869
1332560.013633
1337108.346569
1333805.523329
1335725.453077
1344509.558301
1339330.653439
1343040.545719
1349885.169694
1355050.984190
1375464.724689
1379472.901310
1383541.919531
1373106.927846
1365485.786005
1369729.303807
1356404.537076
1350080.741027
1358611.920269
1363703.051590
1370507.635236
1373604.629695
1385271.139398
1385351.457380
1379506.461353
1373078.486427
1371176.375689
1351431.968886
1342494.591102
1341385.888539
1340698.119664
1334640.539775
1342574.569459
1353289.468735
1342897.687852
1342309.806728
1349033.230064
1363665.128624
1369080.623139
1374652.675894
1380684.180772
1374972.637579
1324409.877239
1328769.190035
1316262.048383
1281741.186349
1298220.215442
1294985.185166
1312226.252687
1310992.482463
1300227.988802
1309974.062097
1298513.743993
1284528.147075
1302034.775413
1289352.618827
1289564.885469
1295080.613942
1317284.679340
1318676.470546
1322259.908069
1319623.510197
1317230.189149
1330247.984372
1313488.000252
1288190.072589
1293782.629187
1285628.076517
1298076.507696
1286178.655982
1275047.169874
1263813.964546
1260062.772324
1265548.678614
1267429.964253
1286149.057748
1285779.260154
1292889.893964
1311290.816306
1299451.574859
1274416.620957
1268505.436896
1267689.647753
1272586.414259
1281494.041008
1287095.232325
1275314.425758
1263080.706159
1257984.180840
1248549.639198
1231229.187421
1213983.322573
1202294.878526
1211846.742880
1228886.254791
1223024.426340
1208770.099081
1236014.391746
1240650.344987
1244047.332396
1251859.315892
1256122.281803
1257874.421874
1245980.460852
1265620.913022
1264375.329943
1264226.632247
1271292.775362
1259089.337278
1251681.043165
1258483.837894
1263415.671824
1244703.807770
1249108.890077
1269041.125999
1286465.503035
1288442.493387
1302137.707042
1305373.096764
1308036.171515
1305826.230931
1300029.068982
1306013.319289
1298060.748448
1307255.179045
1328574.457405
1315230.690908
1317061.288412
1316147.359985
1327523.659755
1328440.673346
1330749.381676
1323862.128523
1318025.829844
1333340.431989
1338473.590014
1346569.022797
1348883.039841
1355012.529947
1365463.771397
1370414.691001
1376085.840719
1366646.632571
1350126.852691
1359181.691029
1363835.149900
1374566.336518
1403510.007031
1410756.499277
1412112.407526
1407228.865858
1417240.538960
1414908.344233
1416537.461396
1409709.350949
1409630.026239
1408486.963720
1426685.256253
1425065.021794
1432378.236594
1430070.612515
1417654.415482
1412261.732358
1382483.370054
1372952.379232
1361812.675446
1369045.366449
1349605.163598
1355783.633250
1368150.459057
1376706.198576
1366906.186342
1369995.550920
1371569.405343
1366775.767404
1355909.872426
1362091.920580
1364293.925735
1355498.501813
1359174.275262
1348594.840333
1346348.378128
1356108.209591
1361737.250934
1389917.890885
1403101.835987
1390881.453012
1394024.581522
1389283.033625
1390312.575659
1403440.570523
1406158.680604
1421220.297892
1416178.052845
1418024.072310
1409036.585840
1411707.171018
1416319.116864
1414119.471414
1433114.596454
1436451.599167
1440894.449155
1437581.608100
1422496.768200
1421095.916430
1424628.716398
1428959.998386
1434373.165387
1441272.684105
1444396.657127
1443156.871008
1439171.056871
1438126.606595
1439906.965438
1444606.898735
1443694.907486
1433906.231927
1442298.486245
1453056.727164
1449097.706607
1439683.051671
1430772.893193
1414774.484722
1383339.873665
1382757.507451
1382860.570396
1405228.611812
1398884.197546
1404715.687198
1393012.076758
1400087.942352
1417489.353971
1411334.952592
1415018.990091
1408330.293335
1399540.161375
1397657.392252
1398135.142923
1404567.099742
1411958.932227
1407152.053000
1417042.827823
1426999.640316
1429297.379383
1428801.650329
1439701.559783
1444344.797115
1435926.031676
1431568.627804
1435727.617199
1430276.356345
1441227.747156
1443250.008364
1435278.218989
1438918.200298
1449308.182915
1446213.145042
1446060.087193
1433339.813338
1431384.972817
1439226.861352
1446096.213086
1451792.073647
1449320.388747
1460204.109666
1449983.437724
1449765.658346
1455961.276967
1476112.375640
1492471.155686
1490484.505771
1496940.367835
1496713.981178
1505605.520547
1519745.921391
1521736.156909
1527353.817102
1531713.575244
1526748.869285
1520659.923100
1519464.321537
1519162.238513
1520483.826868
1526454.208402
1529474.424393
1521554.526879
1524137.820927
1515343.411753
1531391.865717
1526133.810875
1535753.081666
1522541.074884
1515446.214895
1508329.958715
1513979.704287
1512578.413251
1521949.202268
1518427.689827
1519351.283226
1524123.476354
1530639.806897
1543462.978185
1559472.795539
1565907.477189
1570123.998282
1580936.677162
1584877.974306
1585007.713688
1585033.221522
1592033.596450
1583276.537534
1578377.607544
1594727.578837
1599178.354029
1597412.395793
1600247.214069
1605628.191459
1615378.724464
1617939.939776
1638884.619619
1634569.128137
1628693.336817
1629460.055094
1634248.825736
1627439.049786
1627428.764572
1622539.355091
1608087.692026
1644344.449376
1636668.260489
1648669.184936
1645282.754182
1652760.794786
1662938.342090
1670377.814122
1667372.302082
1670096.111906
1674618.862930
1695812.057064
1692219.336159
1631951.439939
1609793.684173
1613128.384431
1573471.410605
1540436.653599
1573445.757678
1571746.946697
1596551.847157
1591403.128380
1551718.830493
1458134.422268
1463501.327302
1357855.488934
1399829.720021
1307318.799567
1330998.673889
1284791.460270
1292186.713702
1311953.569672
1261567.342197
1347890.386225
1380230.296467
1405736.961302
1375613.535601
1379702.118525
1407889.477153
1362982.261090
1355868.098882
1428371.431302
1423676.130315
1440594.590024
1460545.200603
1472491.963250
1495380.093832
1494934.517007
1449828.234396
1486585.766084
1496384.540024
1487184.994494
1511831.103337
1511735.714773
1543864.763159
1540556.273675
1510182.643690
1516639.446839
1539114.105125
1532415.387312
1528754.174101
1507602.628132
1515813.191861
1530850.866552
1522989.366079
1538714.272074
1530657.075561
1520128.023612
1517636.457723
1536266.537052
1541027.417026
1540749.359885
1570956.598169
1580088.542586
1594723.227324
1588962.097011
1612591.202475
1622672.761924
1613492.886582
1632585.074789
1580360.643891
1582220.815400
1577151.883179
1598557.194240
1603188.589116
1609611.806476
1625749.014512
1639118.894258
1611993.709108
1618939.896390
1623712.029977
1644262.347510
1673901.005590
1743597.659002
1741483.467724
1739438.630527
1739208.054578
1739191.519514
1739639.159342
1734457.218775
1736203.769043
1725804.219011
1732623.073246
1761269.888703
1761541.760747
1753382.448872
1742048.349046
1721742.626563
1728665.402743
1730531.014929
1736776.636955
1719649.128634
1713025.217911
1724645.997709
1747059.194488
