1000000.000000
999953.242105
996654.102872
992022.900088
983944.486186
977640.446869
978526.498635
978799.277462
987422.264217
994454.312095
993950.060042
993483.110499
994550.750438
998190.008804
997992.211678
1001620.265476
1002590.176162
1006720.285960
1009818.293841
1023129.366895
1027538.718227
1037763.594637
1042027.490474
1050845.753589
1040467.765164
1039813.319136
1044763.168385
1050040.267213
1052428.207350
1054562.377713
1073460.872837
1079647.989766
1073294.402436
1078226.237251
1078540.513207
1079738.897674
1085882.189220
1078559.163606
1079428.390634
1080157.236593
1077737.416217
1076875.279767
1068443.999021
1066062.381722
1069757.750326
1081566.760129
1073784.045888
1073904.427038
1071366.713412
1071832.704048
1066841.865632
1063998.993060
1057617.211558
1052708.612444
1058925.843687
1059310.825699
1057288.976568
1059703.792712
1067250.087009
1069251.440305
1081980.379201
1083694.608149
1084712.569946
1092386.877207
1089041.772665
1093656.140778
1101723.714760
1097451.094477
1093257.543335
1099199.234956
1100670.342553
1094264.376964
1084322.325778
1081434.781856
1095608.248193
1100623.717686
1103009.967840
1109189.812226
1114581.785920
1116132.934752
1113864.020962
1093869.135850
1082835.384377
1090660.317069
1094465.744916
1087090.446462
1078108.715382
1073917.764699
1083564.598400
1086102.917890
1088670.163811
1091064.554140
1094162.149629
1100557.831561
1098576.043573
1092130.188395
1091390.528579
1096088.018551
1090448.127336
1096628.142850
1093077.917812
1095582.805578
1086747.319724
1088282.825162
1092610.144645
1096289.689930
1093101.115248
1089352.762179
1091606.349064
1089450.793181
1093924.824923
1099056.361583
1098705.860613
1104754.277038
1126790.802559
1134233.042624
1135574.180057
1137376.604477
1137240.674957
1142871.467439
1143061.967311
1144846.367145
1140205.977318
1139039.166308
1142641.815721
1134746.632163
1145434.891030
1166943.411291
1168607.421410
1174355.383531
1175845.625536
1184409.375980
1188740.880450
1191407.196753
1197315.936781
1199074.107543
1193819.205064
1190936.258703
1189996.176978
1185508.266416
1173700.108176
1178111.962621
1177894.583245
1179263.948641
1189865.299257
1192665.135613
1196895.609089
1189822.207616
1195334.403184
1175267.289126
1167465.475077
1166651.410046
1163295.381909
1166745.120906
1171906.595486
1166568.484492
1174692.634241
1189962.450053
1197251.447922
1195832.076980
1185256.354314
1193257.320669
1199140.718300
1197585.588622
1196229.634548
1208932.545094
1206722.813317
1204495.700173
1202892.987512
1205957.846585
1206033.383663
1213346.766263
1220907.822186
1225716.495037
1224357.520931
1228540.534590
1237112.684625
1244857.747412
1247016.083891
1241749.473737
1248230.291801
1245734.432724
1249424.585367
1254168.913613
1262378.948365
1252310.102693
1245099.971634
1247211.262073
1233465.361974
1231006.649550
1228485.651696
1211950.931590
1188905.055571
1184770.808712
1160883.289075
1151859.872252
1164945.976705
1176404.817630
1179100.121504
1189721.792064
1197849.722008
1189409.004839
1181092.534901
1173907.567949
1170409.577330
1180411.703709
1189591.804667
1192484.257340
1177262.218470
1170533.080885
1171471.009156
1177538.511898
1156338.804875
1162584.147601
1159241.460886
1143658.646540
1130976.385609
1146946.087281
1143127.330355
1141089.321489
1147988.161404
1156888.197897
1165046.459152
1182507.723685
1181307.399843
1186823.143966
1183902.627520
1171350.642140
1173992.251794
1181191.250515
1176428.194415
1177468.549414
1182050.863833
1186154.244092
1181914.915598
1195186.796030
1203864.861087
1214013.603544
1211779.229447
1224974.934716
1226289.401864
1249769.560379
1253903.131006
1252099.348012
1254844.341853
1255795.171516
1254465.088147
1254881.151233
1261733.299095
1269092.282122
1267522.525468
1258317.757260
1252493.772256
1249505.633769
1244489.852753
1253408.226849
1258113.718648
1262757.615324
1271532.626450
1266861.502776
1265759.407577
1269133.195884
1265460.090846
1269753.052771
1265652.168659
1262641.433914
1272168.797985
1256460.885070
1250838.732190
1253537.844699
1245068.593226
1259491.809443
1233037.727717
1239634.487053
1248584.118975
1258086.475307
1256145.460505
1250673.852304
1258320.293365
1256387.514008
1260732.890283
1276086.278544
1279045.494825
1260276.509794
1270476.516469
1272198.644159
1259367.041868
1260848.192156
1262491.810762
1270746.791697
1280249.650487
1282648.101613
1289236.595854
1293865.522928
1296276.879329
1292273.610199
1286934.346219
1297877.777031
1291728.555486
1287880.732040
1297179.647477
1300557.329678
1314129.197494
1319509.388299
1315259.642741
1304665.723019
1304478.414663
1307298.773361
1297503.033495
1297573.681988
1300273.278216
1296721.098071
1305055.271112
1306330.308476
1313764.758000
1310769.178049
1308282.683498
1300592.432489
1311866.747125
1294638.333137
1282866.424944
1279062.499800
1277738.885812
1282454.859275
1295695.201937
1300407.393553
1292251.819462
1290845.408941
1294175.861421
1313155.098448
1326420.066301
1326886.606910
1338105.253503
1337482.185982
1298938.840481
1307905.473150
1283904.720373
1252161.624094
1262028.595672
1260723.400532
1265048.438328
1269374.164715
1258772.466774
1263783.669936
1246124.597931
1227728.411995
1248434.162729
1233266.622415
1230109.731303
1241921.441954
1266811.123015
1250949.379232
1238516.417430
1242549.219357
1239312.302717
1255076.824095
1227695.259700
1202985.819352
1192125.696904
1180028.398216
1199837.131503
1186319.242902
1170846.031915
1156677.736876
1163836.913645
1165062.589942
1167781.033448
1182714.722571
1180205.849132
1180488.261821
1202340.469605
1191652.493057
1153340.182277
1151965.619324
1153875.314786
1160333.318306
1165989.878014
1167500.242640
1155513.264137
1141935.708708
1132704.754914
1125973.196379
1111759.238667
1099885.914904
1091282.984847
1093046.215325
1111273.506368
1112446.694619
1095062.811024
1123823.423672
1118888.318845
1122157.291057
1129103.798756
1134442.151914
1132990.523623
1125521.120415
1137992.066665
1134223.729525
1133845.559153
1151517.235446
1135195.412825
1128727.203174
1129351.050450
1131115.218761
1110464.893650
1120383.067599
1147082.961042
1158151.343996
1161579.748184
1188482.079303
1194456.131815
1199076.891419
1203424.497569
1192266.727625
1200148.957904
1194434.568767
1199774.407907
1210634.728308
1199679.129893
1195607.739148
1191392.138511
1201330.596290
1208310.880400
1213495.050493
1210766.640020
1203463.646273
1213746.870722
1219474.711742
1224509.983354
1228681.904925
1237703.532591
1252280.231250
1258408.642613
1260087.145599
1252645.419726
1243803.821701
1244777.518895
1243485.905492
1251883.706419
1272690.255588
1282946.114152
1283393.349167
1282845.674109
1301853.793482
1296895.873665
1298770.767450
1292060.911880
1292671.152866
1289833.114431
1295374.885994
1297898.286524
1317390.636059
1306190.610939
1301602.131362
1292461.119173
1260807.309657
1260653.041314
1250041.028716
1250068.006586
1237188.557173
1247165.487529
1259537.779907
1272104.277566
1270288.549251
1262772.384933
1267750.818878
1267273.006132
1248778.385994
1251643.708140
1248777.245048
1238926.422060
1242033.164243
1229481.007283
1228048.445203
1240695.994517
1253072.738174
1283835.069081
1291346.215170
1270824.855687
1269762.465446
1264739.027455
1263552.442115
1281545.027476
1277534.371450
1288003.614468
1288948.276718
1285540.163363
1279821.208761
1286949.169856
1283796.253256
1282144.395847
1302126.128063
1306751.662444
1307213.681820
1302367.358460
1299067.137272
1295521.452321
1296954.181638
1296539.637652
1299571.945399
1305757.359842
1307193.597345
1294936.505131
1295953.133578
1294865.702857
1301368.321243
1309746.520532
1304139.658147
1300380.414883
1304356.711821
1315942.210987
1318944.246061
1310483.424553
1310793.664040
1288161.231643
1252576.085247
1250327.085527
1253493.603622
1267613.236243
1260468.039011
1264821.949409
1246677.139691
1249625.122873
1269940.817470
1259989.146145
1271568.984266
1261988.673471
1243746.797482
1236747.373100
1246040.942524
1260129.990202
1260445.389271
1262420.081429
1273954.988145
1281688.110368
1279853.707955
1279346.007888
1298280.852238
1297242.709074
1296891.690361
1294969.282389
1294873.693595
1296880.523105
1289401.880248
1283680.659628
1275188.966278
1283379.658314
1287158.038455
1288953.553547
1296459.098435
1275563.082363
1273028.359971
1272211.181749
1269741.890595
1267213.140918
1262466.770979
1265340.879221
1255670.595293
1258218.622165
1268890.525464
1278650.118159
1281225.012340
1264599.706962
1274014.322306
1263751.006833
1278150.761396
1298068.083613
1300743.919604
1304268.866843
1307721.743900
1304288.491151
1299432.227216
1298516.593842
1295227.382025
1294943.331451
1296504.795444
1297704.408299
1289567.960942
1292364.597387
1294251.432969
1306098.598278
1297758.327124
1303071.465854
1290562.612499
1282687.155009
1266066.339305
1270708.879059
1265913.901135
1282711.326619
1278584.628319
1277364.659105
1277400.614762
1286837.268164
1289789.270785
1308707.693287
1318652.073325
1321871.551649
1330151.895606
1334122.907366
1338554.354664
1337233.810635
1338891.878256
1332251.438356
1326285.241060
1343352.303999
1355672.931499
1363098.317039
1357362.514975
1359618.880920
1364259.178131
1367237.731682
1382641.327133
1376678.014445
1375275.786459
1379287.378090
1383030.766453
1369968.625914
1360722.042766
1360147.817784
1320014.047060
1353535.399928
1366884.967960
1369590.675703
1364419.243907
1365723.957690
1371733.745733
1379318.705452
1362095.196630
1361919.011968
1355588.268560
1369866.612304
1367985.821204
1305942.286147
1281311.533661
1289736.627083
1246037.943986
1221795.687349
1257883.262999
1252147.325224
1281125.648234
1268527.959861
1227965.962400
1118400.310692
1120695.031905
1015550.168795
1057664.241720
988152.502019
1021100.920043
976502.683684
990243.263764
990900.310379
975609.932709
1084169.093513
1109639.660418
1130713.317434
1074885.457194
1102496.587010
1126317.928456
1090911.162145
1095875.447631
1135875.979349
1132333.862230
1141563.016715
1112246.174848
1109504.522332
1125999.512098
1127010.755846
1091244.055113
1123070.307093
1135791.727258
1125772.833923
1138634.526185
1147867.420276
1176558.438634
1153378.565466
1144185.855227
1154410.093002
1169720.423204
1168473.708137
1147712.788643
1131699.793982
1139867.741936
1181035.703961
1169672.271850
1182846.760985
1168404.533085
1162228.968457
1162303.571929
1181031.796039
1174492.753774
1158536.116465
1172710.557772
1194761.702921
1216035.812892
1208543.388169
1247357.967738
1251750.032029
1234799.385197
1239150.758931
1182378.363326
1187130.437278
1179820.246533
1205614.143221
1202874.217622
1204213.959753
1210730.981033
1224418.751455
1194705.228771
1208209.334472
1200224.893473
1204368.029549
1222612.781839
1249615.449163
1236161.202167
1232206.189916
1211946.711812
1208038.349903
1213950.260670
1225471.057069
1234129.592928
1231730.087316
1225188.647943
1228574.241897
1239597.863497
1223865.890229
1210511.950328
1204751.514901
1202822.506603
1202065.646870
1210193.426617
1188641.477515
1181720.175472
1198142.646611
1223251.249195
