1000000.000000
999953.242105
996654.102872
992022.900088
983944.486186
977640.446869
978526.498635
978799.277462
987422.264217
994454.312095
993950.060042
993483.110499
994550.750438
998190.008804
997992.211678
1001620.265476
1002590.176162
1006720.285960
1009818.293841
1023129.366895
1027538.718227
1037763.594637
1042027.490474
1050845.753589
1040467.765164
1039813.319136
1044763.168385
1050040.267213
1052428.207350
1054562.377713
1073460.872837
1079597.990193
1079887.196921
1082129.179918
1082752.311947
1085236.559483
1090642.237864
1093964.698752
1093700.282999
1088768.352862
1084642.948008
1085931.073782
1086096.915811
1079213.635449
1079858.647982
1089746.952022
1089883.949054
1092903.046556
1095941.458337
1096688.163656
1089238.228249
1088097.103523
1080125.412322
1076495.780642
1072880.858051
1075431.004203
1070214.553255
1071711.483579
1081807.253273
1089212.319501
1099281.471787
1105447.380464
1109835.371281
1113895.293264
1112289.376108
1118832.263465
1124962.792008
1126172.824555
1133087.126725
1130444.115887
1132993.889148
1125325.542355
1115671.656397
1110230.538063
1117255.029878
1120142.933379
1121307.860207
1125295.880160
1129910.753760
1127626.802449
1124055.344714
1110567.267080
1100107.310890
1110758.467898
1115806.978558
1108351.471279
1102421.381996
1096637.363847
1103579.805001
1110926.671641
1113012.561902
1113947.418652
1119247.641580
1123215.457818
1122223.020853
1117874.962695
1114009.629029
1116582.002038
1111295.571920
1116972.818346
1117607.398754
1121284.710757
1116141.861382
1118735.485856
1122647.779136
1122113.848671
1118507.507833
1113028.306732
1106491.229361
1103346.361814
1106295.939870
1105299.583565
1104249.813344
1107975.611309
1127641.934466
1134566.158247
1137398.669402
1141589.535000
1144824.754342
1150961.155014
1151575.724912
1150925.110626
1146815.500119
1143593.077329
1146435.063010
1162186.710140
1169680.040124
1193377.664809
1188838.415442
1188804.251760
1194111.537344
1196266.208953
1202741.218667
1204008.524716
1204663.728832
1204522.251592
1204918.187468
1211735.284855
1215869.015152
1211990.478761
1207039.390659
1218565.705978
1221297.972976
1220710.252008
1229412.694690
1228638.438000
1228184.591760
1225276.845248
1226366.579592
1209453.374095
1199486.640478
1194138.932590
1191492.390244
1198019.987668
1201065.288993
1199753.418034
1206666.012264
1221054.485827
1219997.194542
1219410.463297
1212443.719053
1216573.719634
1223622.820956
1227011.613679
1227473.188662
1232247.465292
1230526.118998
1223357.425800
1228212.034396
1228939.525832
1230379.627168
1239765.474258
1244185.327301
1250861.787457
1257641.705839
1262595.329733
1270486.050233
1274822.351503
1281411.585918
1288799.636195
1296339.739340
1296675.887325
1308015.312030
1317741.706136
1333892.850872
1325990.660679
1319732.944664
1322978.126770
1311068.385765
1318012.836396
1311326.775769
1293299.978297
1271635.460347
1258208.428026
1235839.550940
1225996.284485
1232496.924107
1243706.591008
1256843.512527
1270247.096276
1276249.587946
1264660.672605
1251964.530685
1242130.992238
1231088.664762
1243485.431344
1249426.002591
1258109.635478
1243645.975871
1242710.983428
1241155.780306
1235749.788489
1221992.881913
1224060.209973
1219475.466649
1204543.686817
1185611.660022
1197450.537809
1188941.978013
1179725.426854
1182977.043293
1193919.236318
1204462.732047
1224886.054123
1222841.650038
1225880.629965
1222623.182306
1211500.413819
1213575.631663
1214507.885876
1212932.982845
1210718.905777
1211563.434160
1213569.189181
1211200.357353
1221513.816722
1232777.048463
1226955.753042
1224575.201663
1229889.603728
1252001.117065
1264385.675671
1268998.676588
1269092.821075
1271295.272987
1266000.733512
1260046.277441
1256305.129712
1255894.940050
1261679.006053
1258710.861393
1255741.790540
1257945.247880
1259808.850616
1252888.574244
1253880.064771
1262637.763050
1267739.691393
1278388.854220
1273197.938920
1276687.436222
1277757.151451
1274977.855630
1281815.762167
1287675.202349
1289471.518959
1292986.292098
1289683.872969
1281554.834785
1291124.474569
1286639.388680
1290128.170455
1267411.977282
1266690.145911
1256808.417735
1259445.915707
1265637.023055
1258439.022542
1254462.357636
1254415.566938
1262831.703973
1280036.051890
1282837.750669
1275370.199617
1290301.368670
1292723.237653
1280350.532101
1285438.193128
1282956.102127
1285109.859000
1301574.801664
1306405.216006
1311068.819542
1319120.764526
1326165.215148
1322922.157202
1324916.173726
1332713.302128
1326472.973526
1328432.594956
1334886.926142
1339962.706893
1357354.266240
1361054.929369
1367644.640844
1358192.769738
1351614.005448
1357062.706196
1343907.885874
1338862.161450
1344753.970172
1348501.318988
1353100.200315
1352132.581785
1365694.792788
1365846.325269
1360494.112852
1353732.433644
1351958.956555
1332902.441538
1324445.821823
1325161.687698
1324708.630119
1317532.468791
1327442.439805
1335079.206501
1326264.486935
1326233.232999
1330730.939173
1346280.741003
1348857.214309
1355290.874704
1360984.536448
1355670.039859
1308197.870266
1312008.495366
1298594.718160
1267618.507250
1282289.603419
1279695.319440
1292408.625664
1293118.033270
1283751.435411
1297377.394919
1285910.206412
1273010.818188
1291305.638547
1279239.342020
1282433.235455
1277462.297341
1300811.935198
1300903.476520
1305010.112985
1301611.472869
1298835.277745
1314572.591937
1295749.107566
1265296.947673
1268587.178322
1259768.797456
1269945.019168
1259662.629939
1250028.517869
1237589.410706
1234600.096337
1239157.438386
1240958.266044
1261554.683287
1262015.396627
1267204.074369
1287795.760494
1277323.761420
1254439.213327
1247918.795118
1247620.715175
1251574.836369
1260608.964464
1264396.969204
1252065.891900
1240835.567420
1235288.590751
1225580.005204
1209491.375170
1190106.014368
1178505.719086
1189662.129316
1209049.962722
1204529.070223
1190795.185977
1218245.514862
1220536.444992
1225980.164590
1233612.748355
1236475.836949
1239347.964911
1227536.460016
1248017.136819
1247112.779966
1248676.060207
1257364.951659
1245087.089789
1237448.177462
1241421.913828
1244580.747451
1226384.222876
1234459.798381
1257878.339854
1274717.317196
1274810.500222
1288374.507867
1290243.969935
1295189.124944
1294020.684261
1287618.823748
1292985.416463
1289119.748375
1298755.486557
1320486.908216
1307560.473362
1309432.760742
1307912.391396
1323286.911850
1324996.017153
1332260.565255
1324375.588827
1318056.270443
1332839.724493
1339021.459783
1343698.874196
1346715.949973
1355878.618250
1369436.298207
1373281.442254
1376324.719171
1365298.435315
1349358.830148
1357765.098759
1360904.126813
1373092.457457
1400291.833557
1406323.839559
1405530.107658
1401474.191632
1413537.139433
1412289.566931
1415077.229095
1406995.853636
1407721.627128
1407548.116750
1426718.975603
1425057.305836
1432401.615946
1429684.581685
1418760.739785
1416110.396361
1380602.008167
1371837.379115
1362829.627462
1370166.056436
1351640.115374
1357245.046469
1370531.511668
1380353.733653
1372765.074780
1375952.362455
1376796.526766
1372640.111540
1360594.496664
1370366.461719
1371463.314343
1361292.072062
1365735.447056
1354014.413437
1350489.482257
1360861.001524
1369926.493131
1399598.272729
1414390.829032
1400121.152900
1403088.978336
1399143.793923
1398484.987263
1412608.517399
1413610.095572
1430813.760809
1426278.318445
1427716.619261
1418582.949118
1421179.620008
1423310.046676
1420449.277060
1442409.836939
1445439.652910
1448703.701401
1445713.644428
1433822.807367
1430129.424367
1434480.177861
1435666.092216
1441277.863764
1448024.812536
1449424.722604
1446205.902908
1446758.137265
1445662.169133
1448777.879591
1453362.640855
1450866.781502
1444657.358364
1452142.225441
1466373.281271
1460344.415824
1450702.933624
1446388.009361
1431676.071814
1399704.959327
1401318.610248
1402392.988186
1427715.561727
1422463.664467
1427613.034802
1417125.358397
1423213.830006
1439801.778146
1432880.435959
1437611.056571
1430611.238777
1421574.704353
1418699.768195
1418695.018901
1425807.507819
1433995.118718
1426749.894572
1435364.086060
1445225.929933
1446807.602681
1444766.769519
1454426.173261
1461686.201933
1452677.837209
1449303.599662
1455831.186219
1450187.474009
1459634.304658
1461528.643448
1454637.027690
1463049.672588
1475035.934198
1471701.803417
1471516.334598
1455937.938359
1452993.768216
1459504.446843
1466154.128269
1472794.196594
1469433.285489
1477819.250882
1466235.712157
1465049.969608
1472637.008927
1492336.695950
1506934.640867
1510342.570263
1515098.499826
1509485.598014
1518050.910007
1534615.545035
1536466.774951
1545225.556674
1549986.466583
1548520.771257
1545303.222377
1545746.791112
1548722.241622
1548333.010192
1553133.375034
1554446.263459
1547106.353622
1553157.598411
1543449.754800
1556885.012432
1553601.385894
1562754.489688
1549844.611640
1543699.244353
1535409.609209
1543194.288223
1542785.273016
1555096.524863
1551797.877664
1551980.265876
1557322.594277
1560799.876748
1574541.830153
1592035.322868
1601759.980544
1607055.395358
1616780.735310
1620587.530331
1621188.353703
1621118.549011
1628763.960132
1620679.064503
1615199.913517
1629055.898452
1633480.108547
1630799.099507
1634392.317446
1641786.916344
1653297.271584
1655628.830275
1674519.195825
1669667.362608
1665607.275116
1666658.990440
1669065.078686
1659649.214483
1657744.067905
1652885.984362
1638963.218698
1677427.144959
1673692.383615
1686256.662437
1681977.609054
1689079.736814
1697998.833900
1704698.277922
1698683.771424
1701540.715579
1705963.337818
1725109.977082
1721529.669322
1658346.342794
1638132.274002
1639388.259678
1599522.639287
1565733.893890
1600309.410558
1602787.990552
1628432.440644
1625022.290721
1583303.303594
1485881.242625
1493001.890749
1382342.305758
1428702.513314
1329402.097573
1345266.871026
1298464.051397
1301586.789441
1319867.018249
1264802.373022
1355523.890983
1388609.012078
1421849.469515
1392499.302170
1396621.552233
1427446.623930
1389803.792316
1384659.565443
1459607.668975
1453389.256234
1475435.140844
1487535.510416
1500804.347204
1530764.785705
1525872.250523
1475060.187522
1512348.063061
1528430.747032
1518663.972111
1544050.392330
1550789.152842
1585721.655391
1583590.499915
1548339.032587
1553822.073652
1572771.996234
1569106.564899
1564303.581930
1542039.449756
1549701.908889
1563360.573424
1556480.134821
1574037.358675
1568563.261774
1557181.068979
1556540.475435
1581631.749619
1587596.913462
1586255.731728
1616085.751116
1626613.329804
1640501.835693
1632465.912872
1654957.792366
1663096.868963
1650516.491132
1673070.310743
1618530.254433
1621699.156801
1613287.898353
1641904.195501
1645203.722577
1653265.649480
1671707.639324
1687196.939116
1654186.822524
1663847.281684
1670786.691445
1693367.632674
1720836.645600
1784479.324027
1789064.874985
1784260.961103
1778743.531790
1776150.226839
1775831.131876
1769281.187028
1770661.940239
1755809.427423
1762303.035525
1788168.375419
1794174.110998
1787372.777551
1775062.335169
1752022.991849
1756142.190481
1759825.777184
1763956.934463
1747455.829998
1736216.861776
1747999.375224
1769502.614791
