1000000.000000
999857.447760
996556.862452
991923.558314
983844.389158
977539.194045
978423.220676
978694.179794
987314.051611
994343.545092
993837.551071
993368.215492
994433.832379
998070.797716
997870.984781
1001496.321986
1002463.509979
1006591.119999
1009686.961725
1022994.849581
1027401.484167
1037622.705750
1041883.948771
1050699.347533
1040320.927143
1039664.067938
1044610.849430
1049885.200971
1052270.665489
1054402.249590
1073295.863969
1080467.263828
1081412.267115
1084623.304408
1085286.925579
1086751.452000
1092150.027648
1094084.551526
1096562.222531
1089442.398007
1084546.842737
1085207.897353
1084317.331938
1079271.619088
1080001.067611
1090793.889077
1090810.669272
1094596.576854
1096676.984067
1096124.042947
1087770.062322
1085876.814666
1075877.642794
1072433.885394
1069686.907593
1071982.297246
1065667.176648
1069294.299076
1078653.203756
1085653.623783
1096237.404057
1101387.114130
1105791.810412
1110955.153661
1108733.253412
1114825.002670
1122986.298757
1123291.446352
1127799.059748
1124505.732961
1128452.371580
1120717.365429
1108297.101824
1098541.981254
1108464.280863
1114691.169880
1119875.200451
1125124.983805
1130739.105940
1129392.737847
1127283.541151
1110201.969660
1098045.786724
1109219.311301
1113983.201187
1105285.126041
1098260.530110
1092999.924647
1101106.581229
1107191.171398
1110426.979504
1112238.011253
1116172.390814
1122077.504747
1121660.502557
1115233.578626
1113659.655502
1117080.840078
1110831.472841
1118314.778195
1116045.743590
1118705.757081
1111374.957653
1116278.769695
1120596.675751
1118055.168085
1113234.139752
1106635.534979
1101823.900618
1097617.028040
1102430.697120
1103335.090667
1100557.155818
1104968.955812
1127082.091037
1135869.980068
1139001.640994
1141805.430248
1143495.189447
1150309.236405
1151723.901890
1155974.176318
1149139.378386
1142902.123349
1145078.849772
1147508.006031
1157926.704958
1176761.757616
1175272.613451
1177059.241293
1178632.664104
1180024.961042
1188225.606546
1188907.135079
1191885.945638
1192422.895158
1191606.641417
1195446.554838
1199439.993133
1194451.350016
1186031.226996
1196110.772994
1198642.596438
1200834.870480
1211619.515997
1212195.964126
1213129.555020
1207936.245858
1208075.316099
1186971.163050
1177967.464675
1174018.262736
1172121.943656
1178321.181191
1183629.515826
1180435.872409
1184947.540365
1200335.215947
1200539.477555
1199745.032376
1191108.389098
1196283.355963
1202872.319825
1204351.201589
1202915.067877
1210100.925250
1207779.246527
1201231.898103
1203032.298294
1203494.192089
1207956.342890
1216187.658682
1221835.972083
1229392.621124
1234358.903354
1239119.670370
1247493.347192
1254706.321815
1256547.163529
1260233.456907
1267054.533379
1264314.682945
1277660.008384
1282332.770804
1297665.684088
1288251.990327
1276740.077359
1280227.824458
1268510.893634
1272139.413356
1266437.057078
1253523.241845
1230991.311463
1218605.491461
1192639.552105
1180539.978848
1189784.909141
1204034.498665
1215093.163014
1227541.530959
1234056.281286
1224082.773032
1211297.729499
1201729.857211
1195836.909767
1206537.045345
1212386.973193
1220114.273491
1205991.720560
1204431.500977
1202737.379959
1198750.653601
1183543.311516
1187413.958587
1180177.299935
1169362.155837
1153047.105832
1160878.366063
1153101.454964
1146304.984510
1151993.017051
1163314.730792
1171554.936355
1189965.542936
1189001.159477
1190247.926116
1185670.362003
1172760.876949
1172704.278891
1173832.666767
1165725.758028
1162251.064883
1162953.057234
1165910.357523
1165584.894135
1176102.657812
1186981.769335
1189776.179793
1186409.777880
1194089.982131
1208731.664712
1223244.745077
1229515.898946
1226387.935137
1226503.701284
1220870.049533
1218156.665863
1215644.198631
1221701.931719
1225537.164779
1223021.150970
1217994.528787
1218306.263157
1221125.188523
1214439.937855
1215970.403069
1223948.541271
1227528.287700
1237352.043112
1232371.522781
1235842.653277
1234361.688376
1231837.869883
1239567.602603
1243925.936346
1244313.391700
1249758.145711
1245433.208216
1230494.362003
1239974.527369
1233774.848160
1237496.114527
1216491.453954
1217486.308204
1215379.684710
1224548.046475
1226917.737260
1218151.095137
1216910.876939
1215737.053888
1223487.870607
1242416.109972
1246251.383701
1234612.076077
1248027.156343
1249874.600043
1238212.530796
1238809.398545
1238071.992402
1242752.289357
1257001.970048
1257095.689554
1262262.593612
1269556.354648
1276947.121833
1271487.665442
1270992.212278
1281661.644083
1280050.291174
1285942.240619
1292421.508712
1295033.035932
1314476.141285
1319085.286031
1319877.145797
1310868.120911
1306690.449752
1311535.884373
1300722.204702
1295853.148404
1303558.021066
1305529.426502
1309134.512912
1307666.563278
1317200.857641
1315370.006396
1309367.796225
1302702.280598
1306827.712418
1288785.496634
1278940.346633
1276484.940128
1275385.625260
1270041.227205
1284037.322961
1291637.136702
1282703.169204
1279937.332430
1286141.618829
1298570.097490
1302972.563352
1309023.075111
1318120.810780
1313423.781661
1263143.028361
1271915.407644
1257034.700738
1223952.377010
1235180.635385
1233711.348790
1242364.627915
1247936.268128
1234467.749089
1245818.592793
1242152.702428
1226758.052664
1245971.964388
1235314.634974
1227622.831601
1228037.093106
1245598.775391
1248212.428758
1243938.996535
1241394.369754
1237605.483747
1251660.349833
1232084.231424
1193662.718858
1191566.132541
1179635.484241
1189561.704700
1173533.663655
1161961.865401
1150581.050384
1145735.982498
1147534.963419
1148954.752214
1166666.189373
1166862.119451
1172020.073443
1193028.534449
1179667.504689
1156021.783929
1148257.005373
1151539.836592
1153655.639100
1160645.811341
1165005.637116
1151843.608038
1140174.435054
1132463.632558
1118873.039871
1104108.292341
1088035.647733
1076459.026343
1082655.283866
1102074.958234
1094800.931261
1077897.089488
1105682.892880
1106153.556069
1109614.418875
1116636.634202
1121434.804215
1126007.785879
1114542.050229
1130553.555494
1128177.195182
1130741.787280
1138298.680109
1126154.372619
1117341.633907
1120676.667329
1124992.885577
1107436.614202
1116480.304295
1141092.266229
1158961.827280
1163609.137627
1178585.474527
1182530.478868
1189410.613500
1189842.137402
1184624.935784
1191603.802886
1183665.692392
1192500.568690
1211394.433042
1197928.328503
1197801.976745
1194736.534032
1208062.120032
1209076.486790
1216742.096075
1211041.219727
1204839.874682
1218984.871533
1223626.262995
1225354.105959
1229239.907257
1238271.097152
1251363.413587
1256299.674527
1260415.652587
1251307.445527
1236290.238548
1241845.614951
1246506.845298
1256811.713221
1280407.583773
1287695.727326
1288539.587732
1285289.647135
1297155.165200
1293280.883985
1295659.275328
1287921.991206
1287091.757610
1285340.595207
1300057.905628
1297257.050082
1306954.470961
1301652.891693
1286616.988570
1278572.663937
1253657.002456
1246426.400336
1238239.259859
1240195.777106
1222408.062097
1229146.289653
1240391.853000
1246793.138138
1238182.548109
1235644.524204
1239346.360039
1232548.149857
1220284.552128
1224294.301185
1220616.923647
1210958.676399
1214472.959813
1201225.709376
1199908.272862
1214909.094695
1227237.192830
1255447.658379
1269443.490563
1253131.795822
1254638.955663
1248814.559050
1248831.264127
1261289.505463
1260204.499659
1271114.589705
1267179.106195
1267669.871507
1261273.642546
1266312.120371
1266489.548895
1264109.147874
1285504.783738
1288846.890044
1295493.812138
1292727.533176
1282648.009182
1278552.816332
1281778.109722
1282553.145275
1287845.321034
1295936.942313
1298878.594486
1295881.414870
1302777.743766
1301465.610637
1302779.458647
1307982.254985
1306025.049935
1295800.901103
1299308.532381
1312874.794340
1305372.419547
1297436.283950
1296631.091591
1279960.537527
1245810.208820
1245281.109321
1249009.606601
1270146.223374
1263873.389368
1271526.942868
1258174.717271
1265615.938917
1283256.041958
1276729.726538
1283565.987105
1277138.588999
1264975.880202
1254605.677242
1256457.372199
1266474.714340
1272654.670341
1271421.819567
1279065.269202
1290794.614097
1293289.873537
1292163.444544
1310667.220687
1314111.049556
1300548.330410
1301467.590417
1304811.878321
1300810.678986
1300272.993795
1297905.103159
1289083.083836
1298639.115124
1305626.451794
1304312.730213
1311382.251033
1294858.869966
1295079.036836
1299454.145875
1304367.233449
1306576.565166
1303621.462740
1310150.208443
1300352.509370
1299401.379157
1306355.979487
1326362.185912
1336222.759472
1333174.561160
1337685.645351
1333202.234431
1344741.389601
1359662.642368
1360921.580753
1367952.787631
1373114.765987
1370512.987395
1366719.179733
1365868.637048
1364599.597009
1360248.988397
1367630.311117
1370398.151915
1362354.834842
1370202.044716
1363837.396305
1379430.670014
1371771.843291
1384207.671071
1371885.720948
1365134.738867
1354426.742651
1357085.409029
1356658.888298
1370010.582955
1367106.210937
1368861.106167
1373484.121993
1377917.613426
1389666.707103
1411079.301927
1418942.467764
1424750.011350
1434242.990001
1437226.367736
1439277.642264
1439690.442786
1446350.603631
1440114.320401
1437042.286778
1452191.899515
1460561.509198
1464186.436928
1467964.868735
1476558.234260
1481698.663077
1484421.645979
1505132.760257
1499468.894902
1494103.316486
1492829.983246
1497227.727352
1488796.115970
1487548.816142
1482890.513106
1465450.086863
1501097.403107
1495219.976914
1506334.634115
1501010.545346
1507497.946005
1515905.644846
1521269.204909
1515787.331294
1518091.670862
1521267.084448
1542653.744785
1538551.519621
1478690.767569
1453917.006585
1459085.266002
1420097.313115
1390942.039865
1424262.863875
1426396.976927
1455260.102074
1450946.910429
1412788.097150
1325827.643204
1328705.119527
1226248.950552
1265280.229254
1183280.429627
1210826.710699
1168954.994055
1176766.583191
1181986.335868
1143440.890118
1231962.024515
1256893.396170
1284582.451207
1249230.483882
1257744.244974
1285207.475701
1253781.374237
1258708.466900
1316940.800030
1314865.245946
1330904.155175
1346957.439717
1356286.210291
1369830.519680
1370587.100731
1329285.682222
1361367.051901
1371710.075831
1368491.388378
1388955.546699
1393858.276903
1419693.997704
1411946.806436
1389629.252146
1397091.142382
1423985.849646
1422580.700670
1411642.197579
1392685.183093
1403604.905528
1426343.579007
1417964.302884
1433617.040091
1427985.024616
1422110.783036
1421444.537938
1436827.584372
1439777.411494
1434752.280734
1460091.759541
1466308.729317
1480049.184184
1473463.986446
1492151.890596
1498467.392232
1489783.605486
1511506.781573
1460881.871809
1462496.680096
1460973.760811
1487735.150851
1491439.057090
1496659.950983
1509164.841256
1521770.163159
1494470.175903
1506723.745970
1508360.969690
1524571.238727
1549225.989751
1610717.826731
1605522.084357
1604277.922484
1597260.462496
1595142.709418
1599064.068544
1598960.447103
1598846.212499
1584217.439997
1587220.125903
1606368.201100
1604961.527526
1599608.726418
1586837.659415
1570067.624718
1579592.868748
1581970.047853
1587854.374213
1572151.115333
1567230.031336
1580580.507529
1601806.042852
