1000000.000000
999953.242105
996654.102872
992022.900088
983944.486186
977640.446869
978526.498635
978799.277462
987422.264217
994454.312095
993950.060042
993483.110499
994550.750438
998190.008804
997992.211678
1001620.265476
1002590.176162
1006720.285960
1009818.293841
1023129.366895
1027538.718227
1037763.594637
1042027.490474
1050845.753589
1040467.765164
1039813.319136
1044763.168385
1050040.267213
1052428.207350
1054562.377713
1073460.872837
1077263.069359
1071795.965074
1077878.722826
1077312.740456
1078039.589320
1087220.279640
1083070.395361
1077618.510834
1079642.564443
1081253.786366
1082785.331053
1079890.960313
1071101.116801
1072717.296361
1081529.371598
1076967.749818
1076032.323676
1077170.377504
1077803.669110
1075143.158144
1071825.934437
1063481.082589
1061130.943039
1063495.509973
1060970.947291
1055742.467197
1056027.097395
1066736.964305
1074539.664818
1080620.101631
1083293.150587
1082833.256117
1085804.520660
1086172.462946
1091646.989461
1098835.800102
1100721.213816
1105068.509796
1109528.795054
1109460.818664
1102190.006306
1104065.405696
1104747.082743
1108423.003582
1112466.916945
1114950.845455
1119018.265046
1121925.375017
1124734.795125
1125032.907741
1113383.587106
1106339.474547
1112715.326345
1115462.811903
1113464.750787
1103583.416539
1096420.654524
1101858.170740
1108993.618890
1109993.858711
1110300.663231
1114138.717881
1116942.800473
1114925.359089
1112127.196034
1108915.617600
1112813.297640
1105334.817181
1110582.202138
1111400.178671
1116907.611428
1113580.702289
1112043.174326
1116344.062332
1117835.772837
1117396.018064
1116040.821564
1113303.966013
1115373.727471
1118218.039946
1116501.332651
1118132.763912
1119762.059901
1139948.445292
1146895.587287
1151237.761193
1157822.016244
1160627.325532
1166177.699814
1165789.463458
1168655.246936
1167320.382069
1164089.269273
1165763.569950
1162464.435414
1174196.286472
1196954.228653
1196228.086766
1201143.083998
1201314.219283
1209470.472548
1214681.867771
1221653.929296
1223611.676506
1227291.124703
1226070.097113
1225275.264750
1232126.796212
1226458.318586
1220068.810255
1228411.296799
1222107.133935
1219859.936499
1225602.387646
1221623.943910
1225646.601099
1219420.654326
1233459.949337
1217643.731353
1209825.024714
1204570.626972
1207930.335069
1209438.548270
1211684.116334
1206491.242978
1214236.204356
1230236.350012
1235383.278323
1235627.830396
1227704.770065
1234301.062384
1238148.189718
1236510.150100
1238839.225045
1246856.295514
1248514.744998
1241148.730994
1250853.474453
1252964.955105
1250145.897007
1256994.647293
1264897.746638
1270077.118405
1277414.114268
1284434.915270
1292074.113439
1295956.080020
1301904.879901
1303162.287594
1307175.600335
1308071.841186
1312497.922772
1328529.090963
1336855.624733
1330477.620610
1324601.117782
1325505.744153
1314108.740114
1317076.256585
1309992.145830
1295335.438585
1275067.827977
1254822.504465
1239999.500749
1227695.864676
1241297.105437
1248175.321517
1266519.262725
1275126.111272
1281118.026167
1277055.089856
1271695.169269
1267077.161085
1256640.624232
1265289.303526
1272184.924761
1277964.021537
1258788.024847
1254548.837168
1253078.552872
1252174.428582
1241167.198842
1245532.684833
1245697.152535
1232906.043106
1220912.841667
1231615.624434
1231545.299187
1220829.706768
1227053.877568
1239077.406415
1251463.092788
1269196.108943
1272871.651280
1277482.356547
1278132.587223
1268804.230177
1269187.902252
1277334.360086
1284180.847143
1290745.792238
1294728.192104
1299945.434241
1298338.213923
1304427.479566
1309752.311084
1315543.648299
1311376.613118
1319839.538581
1331920.995561
1349297.989435
1352070.576991
1355853.839711
1360985.224267
1362975.171922
1359005.743394
1360311.750331
1362578.820413
1371948.693418
1368036.981463
1354633.764071
1353463.641584
1350043.383952
1347317.936560
1355690.658949
1362302.998697
1364725.420228
1378918.741981
1373002.676811
1376150.732726
1382113.403880
1381094.493538
1387189.424635
1391918.285020
1391226.696908
1396629.389737
1391176.102432
1381695.846198
1387802.921356
1382252.221553
1392879.592969
1377169.994819
1383332.318453
1383958.160096
1384945.230127
1391388.689246
1383736.039725
1384219.064287
1380725.142667
1389471.376847
1404793.419965
1409378.729469
1405220.567866
1413897.575802
1421494.304115
1411870.263869
1415516.941933
1414447.825805
1421672.954057
1432885.995557
1433475.646896
1437782.839466
1442052.335574
1430339.799391
1429302.404235
1423848.485487
1434563.189268
1429836.207399
1426790.350021
1431539.932935
1434083.410046
1450837.173771
1452321.814488
1451760.216485
1443695.061636
1441183.616254
1441021.520741
1429643.608089
1425672.164280
1428525.851871
1435751.526517
1446534.444446
1448706.959422
1464140.716669
1460368.340403
1460079.305435
1449639.376231
1457548.120878
1436650.713247
1425553.221864
1424479.631213
1424157.060344
1426919.340708
1434129.561317
1438554.028447
1432249.596167
1439471.376184
1443158.741439
1464515.572594
1483542.168464
1485742.421296
1493743.182172
1489051.144574
1437883.432348
1447506.175122
1422460.695169
1388120.148839
1399965.731293
1406015.549608
1418294.557712
1415040.181239
1410353.712151
1413825.437583
1388823.567860
1378465.819948
1390785.199858
1377313.449443
1384038.285727
1373075.377690
1404067.992490
1391473.109643
1391932.562313
1390202.708845
1389077.245000
1404195.741053
1387588.403066
1375054.851102
1373641.454730
1357559.035215
1373335.756713
1376949.743703
1373625.319347
1354412.893147
1353449.710485
1349211.572772
1354684.761228
1377555.782460
1375684.285437
1381681.814873
1404555.524561
1404122.771479
1368304.398723
1374190.440292
1366760.015854
1377105.476691
1384484.846364
1390104.199345
1380963.814846
1367265.218272
1354751.237143
1348914.011757
1333378.673632
1315651.730854
1306917.407996
1315514.160699
1334668.936628
1340744.791069
1324473.218904
1344204.944223
1348616.907011
1349628.790407
1359701.336165
1363790.745704
1360395.740817
1349807.011369
1378287.514544
1374642.551655
1373717.337528
1387979.924725
1376705.928925
1364264.766616
1369180.069232
1372347.538940
1361378.290559
1370258.879244
1386935.275466
1407446.911100
1414718.712947
1442912.934614
1443505.849638
1442568.421006
1441075.815541
1427127.082919
1432754.698886
1430024.021744
1433795.961861
1451962.719686
1443482.195384
1444371.907402
1440823.811927
1449985.806713
1449818.402668
1450793.983995
1443789.462418
1435402.466185
1446924.802972
1448958.600712
1457143.888359
1464906.320152
1472442.516371
1486649.343100
1487709.229842
1492370.738491
1485050.747244
1472488.185479
1475844.018763
1476575.130621
1490195.293509
1518857.301780
1526512.621632
1525744.505751
1519793.892167
1546962.552319
1543568.343508
1548729.664178
1537891.908955
1535316.876672
1536083.898805
1548560.419974
1555524.106182
1573923.790314
1568268.138005
1563541.054057
1559483.283481
1520743.234967
1520589.946623
1511354.698652
1519363.438067
1507484.156930
1514063.034328
1530925.849414
1543635.671442
1535691.904217
1533833.530493
1533336.747275
1529300.860004
1507603.705500
1515300.101759
1520256.054349
1519135.374851
1525664.580224
1519517.101587
1522611.028280
1522984.994981
1536422.039371
1566136.884800
1579894.394881
1569503.183434
1569431.202413
1569252.605249
1569352.250180
1583763.698084
1586403.579650
1604768.469233
1602513.117584
1605778.025993
1598960.793088
1599083.350997
1596405.195097
1592200.708218
1613836.349859
1618931.684779
1613834.241455
1605627.420609
1598440.482855
1594208.008419
1598713.460721
1598250.363166
1602214.720220
1616022.957812
1614376.720299
1606653.235688
1594949.281785
1597090.234366
1606163.180707
1611326.449602
1605993.124255
1602016.941319
1601733.487459
1619361.770043
1626124.826574
1619014.994684
1596488.099026
1582811.373546
1558823.251658
1553921.622031
1555428.896066
1581986.561979
1577226.348517
1590959.397396
1580519.638590
1574310.189861
1591693.408981
1589766.173334
1598664.763550
1594629.264845
1588614.504242
1583377.521686
1591830.321363
1601497.942701
1608800.747784
1606924.527601
1611780.047211
1616714.805357
1613136.647009
1608662.254354
1606385.891514
1607699.816891
1611668.573723
1610742.847077
1621040.823267
1617447.305263
1615462.891690
1607057.659007
1610496.791584
1616525.355829
1624949.477906
1628585.248740
1631413.413086
1609054.828537
1608284.555190
1611344.070919
1612539.619159
1610923.756045
1604637.032031
1613413.776474
1605598.125857
1591865.856148
1601380.060157
1617964.244004
1631445.904015
1639252.068966
1649594.335222
1639104.930621
1645125.868260
1663507.464249
1665287.342057
1672423.321760
1677675.683391
1671994.091320
1665016.471711
1676297.798555
1674528.133883
1675966.978270
1673133.027851
1673832.711535
1666821.878896
1666900.423842
1654024.511545
1660513.527977
1652694.160567
1655821.093389
1638731.315869
1635021.224268
1623549.335955
1629963.063108
1630738.841117
1650211.765964
1642453.847008
1640072.638514
1642372.173656
1640495.004834
1650148.479281
1666545.104249
1677996.245022
1681921.005627
1695176.074899
1691578.174228
1701201.796691
1700430.300028
1704644.122900
1697517.126260
1690369.189554
1698343.943711
1706365.538796
1707417.355119
1704944.985086
1707720.440677
1712944.311370
1717686.214195
1737676.152152
1732911.320577
1732636.117226
1735224.161369
1737676.866938
1720950.147753
1720177.838740
1716016.473491
1680317.957278
1720563.616830
1724888.040040
1728170.674330
1724464.598598
1724948.161579
1730531.680785
1740942.333857
1728364.004489
1724049.158767
1730203.686399
1743247.718381
1738028.620173
1674206.333920
1653896.696544
1649811.935609
1611836.343142
1564285.695086
1612198.766054
1617012.748914
1642895.523258
1635844.064242
1591356.662155
1455262.903401
1464938.826405
1340408.105763
1370080.761150
1273546.503262
1290183.941654
1229665.037645
1250793.477339
1285061.223237
1255514.857524
1376605.240807
1424973.525872
1444186.048727
1399322.667007
1414088.373169
1458215.974745
1420947.697358
1428105.553122
1500884.745507
1484765.613934
1501743.278334
1483809.016972
1476175.203228
1512979.906486
1513498.996124
1470190.502423
1518416.094212
1541977.765991
1524605.565891
1544813.734558
1551076.520066
1586096.299284
1567584.341123
1540312.843343
1552026.439080
1572309.433223
1569595.545319
1553653.276394
1519418.931459
1525012.521066
1571071.861209
1559555.263168
1577819.150441
1568951.856492
1564069.391436
1560489.796754
1583296.117119
1586505.057109
1571528.178862
1603126.338810
1622962.754642
1642732.548926
1642819.040062
1675367.790749
1690689.074173
1672417.178178
1683730.665502
1627108.563326
1630362.146145
1621448.782840
1651938.459547
1651339.943575
1657197.792985
1666635.380085
1687609.619500
1655914.070270
1673855.026352
1663964.747522
1679629.646419
1709353.618911
1754037.901538
1757716.599957
1746133.584319
1732087.785671
1740244.500426
1758007.396076
1760776.712306
1779632.939210
1772594.503969
1771552.739151
1783379.028531
1798242.192587
1779091.855284
1768401.814717
1752355.047547
1765970.276965
1776695.224108
1776338.996003
1751148.303822
1741491.799065
1760219.430381
1784623.947271
