1000000.000000
999857.447760
996556.862452
991923.558314
983844.389158
977539.194045
978423.220676
978694.179794
987314.051611
994343.545092
993837.551071
993368.215492
994433.832379
998070.797716
997870.984781
1001496.321986
1002463.509979
1006591.119999
1009686.961725
1022994.849581
1027401.484167
1037622.705750
1041883.948771
1050699.347533
1040320.927143
1039664.067938
1044610.849430
1049885.200971
1052270.665489
1054402.249590
1073295.863969
1075005.873293
1072733.597136
1076415.984032
1074731.815308
1075876.382487
1079298.990308
1081346.235861
1082698.347704
1077256.178062
1073898.698940
1074515.652614
1069293.191117
1061945.183835
1064655.213972
1074770.562935
1074355.498841
1078921.912215
1082927.549832
1083779.065404
1070885.206856
1068607.396994
1060623.057921
1055372.771334
1054035.271209
1059416.344462
1060941.909947
1062744.922248
1072453.275745
1076548.382940
1086167.916477
1090746.969760
1096023.957451
1100759.742546
1100821.087584
1107796.516988
1109801.411598
1105391.545990
1111553.614075
1106627.788408
1104848.799086
1100609.286257
1099611.863092
1102892.592466
1110789.211668
1111900.851962
1104451.197621
1108583.228885
1114422.537847
1111817.144375
1106764.349846
1089364.121803
1075824.621713
1081895.392374
1088973.180382
1081422.285247
1080435.204244
1074450.104018
1086977.622408
1093826.328796
1092712.427362
1094855.008043
1098506.505240
1102764.267841
1101489.200893
1097880.943718
1093438.762058
1095593.459010
1088853.267718
1089973.001823
1093732.551518
1096524.672185
1089670.083454
1084472.482601
1084154.058872
1086814.799720
1089708.834944
1089400.104797
1083973.221144
1081048.240968
1082644.417400
1083356.597257
1086283.597671
1091474.186800
1108995.591865
1110585.342994
1114401.059618
1119562.264492
1120784.457301
1125059.762247
1126028.838052
1125042.733813
1120131.436449
1114668.057386
1123201.970192
1160399.026492
1162594.867996
1184921.889291
1186099.889152
1185263.256891
1195228.366048
1196569.179178
1205725.416064
1207035.623501
1208170.787223
1206845.266126
1206956.942317
1218384.650151
1219333.758999
1216940.562271
1207166.687287
1221158.677824
1223751.390591
1222962.185007
1231884.090443
1236319.864137
1233926.606184
1235809.985172
1234564.102968
1218068.315885
1205401.486050
1194001.823315
1193474.508007
1202632.382238
1199450.657419
1201324.268307
1208699.897930
1221457.258210
1219473.921607
1219158.552942
1215244.581569
1218737.571629
1229275.862656
1233484.390298
1232231.234169
1237047.886695
1235879.668865
1223921.708482
1222133.815155
1223281.202319
1229214.554502
1237444.003729
1244921.197772
1250790.367321
1251598.584477
1255176.421871
1258391.027158
1263009.109414
1273830.016170
1275652.975541
1284444.966000
1282772.332736
1291297.102407
1301361.101225
1318186.357445
1316119.929505
1306599.711290
1305013.474128
1296711.905538
1300042.288140
1293870.095959
1269121.181208
1246400.285803
1224698.972153
1204355.750384
1197024.188100
1201756.287628
1211182.262125
1225380.130899
1237159.810522
1244038.939464
1228295.647449
1218378.724411
1205528.800760
1204318.883524
1221434.879445
1230311.435037
1234174.672030
1219340.377748
1218516.985893
1218366.205887
1214117.261258
1200858.775890
1204038.678651
1202733.789775
1180412.435891
1159125.020363
1173258.322618
1167741.319688
1157851.067880
1160841.725052
1165946.884528
1180649.931927
1200902.683815
1195200.138950
1196542.364321
1192474.470942
1184476.716499
1192436.746190
1196678.921597
1204532.318905
1198953.275555
1201352.105785
1193874.434009
1186612.884080
1190367.541827
1195572.570783
1197127.741102
1196542.412997
1206650.725804
1224062.833948
1240029.985267
1245483.054339
1247846.973299
1254478.501855
1245830.574809
1238107.537243
1237398.734864
1237008.260977
1249436.424232
1250246.415799
1250087.705276
1249579.365853
1246716.668019
1240301.159462
1243864.615582
1256751.746719
1265289.134935
1275838.555376
1274813.081232
1276336.792981
1276268.705721
1273556.938878
1279691.877621
1289464.094670
1289772.500410
1295504.416205
1287744.766711
1282504.181058
1284825.343697
1273394.690534
1282181.613105
1256995.612219
1255876.533273
1247344.746423
1246549.158383
1254796.408971
1246294.892580
1242303.537845
1246113.420750
1255846.854183
1273759.900538
1276156.565481
1266782.183481
1284437.728452
1283871.128455
1269479.005794
1279782.412975
1279124.969993
1281216.324499
1291569.708771
1301252.188426
1316501.286051
1325158.670506
1331248.031035
1324854.455847
1327424.597003
1329644.047077
1324134.997196
1318927.826542
1324041.480977
1332959.355838
1348284.594525
1352187.036106
1361081.906888
1345736.929198
1335342.477472
1337589.385146
1319621.208762
1321307.357129
1331142.400238
1334138.512649
1340379.130043
1346550.995966
1358425.380151
1364770.994570
1360022.505996
1349537.639327
1344781.755913
1328641.936624
1316927.634138
1315047.022330
1307514.249547
1309352.486761
1308733.681831
1320454.022134
1307630.489140
1308656.541573
1314149.287267
1328571.100865
1340808.193884
1340848.596901
1347763.284432
1348215.516908
1306343.556657
1305509.817202
1292942.122784
1259997.561663
1277869.242129
1272689.232247
1292535.289026
1286044.624207
1280233.030553
1288297.853198
1270359.510818
1252289.110782
1267566.821947
1251200.404707
1248250.626162
1258086.308490
1287905.250522
1284551.387858
1284763.671141
1283979.590791
1282440.169265
1298660.610190
1277410.730868
1261651.208625
1260728.272781
1257106.835645
1272821.935579
1273315.492673
1259012.036481
1247184.752565
1254056.393052
1254376.473613
1255203.550071
1273432.751677
1274196.743004
1280161.358712
1295213.425231
1276563.018662
1253033.057872
1247271.665262
1244102.391127
1254502.376196
1264270.503889
1269021.443457
1256805.120360
1242684.629664
1243218.693912
1241311.699181
1224430.927858
1206114.362191
1201443.784526
1217765.767063
1226972.862884
1228576.431965
1214709.002736
1245521.427057
1244816.545677
1252613.251269
1258019.894980
1260203.456752
1254898.441913
1242725.152861
1265129.279060
1264743.509309
1262393.157737
1273579.169076
1256218.423381
1250377.477082
1254867.961611
1260662.370943
1245812.261284
1247598.243573
1268039.061400
1290507.437159
1285541.565286
1292807.645994
1298335.666442
1296824.583295
1287631.655818
1288746.374457
1293292.693507
1284775.065512
1294744.435456
1313723.929326
1302464.389460
1303430.053110
1304414.947204
1321604.725161
1330965.673077
1331175.886851
1323148.500116
1314749.095248
1330797.348620
1338640.650046
1349773.311420
1351565.521489
1358978.642604
1368501.601833
1375480.474983
1385905.618425
1372696.527148
1356456.710277
1362841.318839
1365245.516546
1373795.360786
1404900.782413
1414868.630538
1413460.133115
1416241.997974
1420347.801337
1418401.865651
1419089.991653
1415624.876877
1418379.168183
1420674.762849
1434774.238824
1433433.188317
1448106.086757
1443298.965937
1436762.315159
1438680.849961
1388516.672891
1378184.866034
1368930.865419
1382949.658523
1364103.812995
1367787.912796
1390321.562678
1402217.781479
1395349.306975
1401252.406073
1401564.692295
1402501.421370
1389843.331785
1399374.376521
1406646.139600
1394061.562328
1398305.920129
1389101.384609
1372857.389426
1374947.310204
1368137.660379
1399238.357584
1409652.358491
1400128.454331
1404589.475131
1400112.800585
1399963.109888
1413082.561835
1416655.735581
1437503.371548
1440566.658399
1440843.154085
1427824.919431
1426838.401062
1430193.917004
1429682.291059
1449071.973174
1455685.487887
1457527.950202
1460334.042617
1439966.877345
1442393.296194
1446242.115973
1451996.343913
1455132.924467
1457443.269950
1460338.912265
1457145.451126
1447169.952576
1442030.064610
1443845.369067
1444843.127875
1440281.279720
1440399.379753
1475192.361860
1481507.968837
1473112.619870
1467182.508322
1448010.419916
1426555.112495
1394348.802777
1395821.241203
1390076.628568
1411977.698946
1403020.948399
1405153.879210
1393841.775845
1399400.743573
1412995.163520
1403281.512246
1405759.491459
1396495.396767
1386706.985566
1395761.035173
1398512.469841
1401381.373497
1402977.025995
1395563.908432
1409524.306139
1418884.726007
1419095.991221
1420210.298662
1430024.625320
1438619.878664
1437457.241475
1425883.118101
1432633.492241
1428282.841018
1446675.442003
1453382.422658
1440960.311658
1436316.069553
1441623.836615
1438592.210691
1429208.204124
1410593.364277
1405988.066794
1411571.062510
1415367.857608
1422147.344081
1418748.206248
1433636.313671
1426353.241895
1428734.839247
1439885.092780
1440122.960948
1455979.569905
1452165.452839
1461530.506878
1468783.130457
1481047.542930
1495348.374290
1500342.680428
1501750.037415
1507079.807557
1502386.863724
1494772.153097
1488387.096698
1488830.358271
1504359.880935
1504253.378579
1505473.592507
1495199.239476
1494318.178885
1487693.092579
1501206.376318
1499577.721452
1505418.775420
1492663.826633
1483617.421710
1478314.821991
1490535.695216
1489023.661247
1491750.134334
1486825.982752
1484398.989063
1485707.504987
1493936.537522
1506377.412700
1516231.859577
1522813.085824
1520454.940564
1527023.328927
1530080.026677
1527695.581498
1526294.101674
1535101.138772
1527156.466283
1521979.404825
1541297.962725
1541837.599876
1544085.461176
1541131.368485
1542887.284098
1555981.793810
1560446.844300
1571763.678960
1565713.901753
1563000.681824
1564999.705276
1571745.524940
1562191.257384
1560218.564434
1558100.759056
1509713.918704
1527457.497580
1532979.646214
1548850.343943
1546166.715721
1550605.541905
1560512.071685
1565636.568703
1559257.260254
1555227.806349
1554440.348639
1563944.748401
1567781.718420
1508051.326126
1489400.351955
1492773.441163
1453546.372306
1423654.625222
1450254.216859
1440584.562793
1462058.838325
1447456.860349
1408013.534293
1313340.922806
1310365.708305
1206370.281444
1262026.905584
1174486.270452
1192336.421247
1155176.531610
1156422.605591
1165926.654141
1125628.001740
1201802.668503
1223849.083549
1248128.898549
1213928.282529
1222282.015958
1251050.157342
1209917.391479
1198361.310495
1260278.665873
1256865.825837
1268994.340307
1268118.671177
1272561.819257
1299410.985827
1295320.372704
1257027.717088
1289041.673934
1300610.228490
1284642.695351
1295439.198211
1294079.086276
1342585.219490
1334525.062595
1304516.594791
1312456.653631
1323870.025272
1317464.844941
1312645.908893
1292854.803257
1297320.902477
1308322.279915
1299702.539458
1316092.004776
1306549.490121
1297324.217427
1299346.270477
1317193.924582
1319078.839930
1315812.971047
1340672.544057
1355316.181667
1371128.194200
1362566.067646
1398157.440277
1406760.496687
1396963.746763
1402728.197401
1350760.189141
1356345.482419
1344905.274537
1363893.080959
1364721.501068
1368535.246253
1382868.745950
1397927.819571
1369688.667600
1361202.019184
1360695.584945
1382739.311421
1404841.999644
1452263.901051
1447395.604746
1451348.256617
1453515.544514
1448558.068052
1446120.455127
1441489.967228
1442143.256942
1438244.064525
1440642.611126
1465243.615349
1470468.901542
1459433.599375
1448405.553278
1430258.246795
1429248.633454
1428025.222546
1436736.750212
1420576.689597
1411658.128426
1418380.180435
1434052.032910
