1000000.000000
999857.447760
996556.862452
991923.558314
983844.389158
977539.194045
978423.220676
978694.179794
987314.051611
994343.545092
993837.551071
993368.215492
994433.832379
998070.797716
997870.984781
1001496.321986
1002463.509979
1006591.119999
1009686.961725
1022994.849581
1027401.484167
1037622.705750
1041883.948771
1050699.347533
1040320.927143
1039664.067938
1044610.849430
1049885.200971
1052270.665489
1054402.249590
1073295.863969
1080159.419902
1080612.700469
1083362.088857
1080542.396822
1084178.361219
1086376.329583
1086162.054589
1096532.848955
1091535.788687
1090328.771512
1089234.289245
1083611.349959
1081415.637666
1084697.841843
1098173.153335
1094928.700303
1096939.726354
1098126.870470
1093037.570361
1086845.500390
1088963.251688
1076525.181143
1069379.918559
1068081.402388
1072671.725553
1072399.722607
1077279.539015
1089842.521514
1096149.537050
1111846.119897
1113565.830558
1119085.818971
1123805.568194
1123621.785563
1127693.196087
1137040.253767
1133343.243113
1130465.439146
1132792.701622
1136918.251784
1129503.756940
1129271.951756
1129010.393582
1138451.565485
1142279.041209
1143842.947724
1147837.113392
1159528.682748
1158810.389479
1158508.435402
1136585.142101
1116164.379695
1135344.906391
1135290.421282
1128790.176214
1125704.888244
1121216.749623
1132931.118444
1140769.340254
1139931.507951
1142369.582573
1143405.042414
1151089.486258
1150485.833569
1144205.912988
1143879.079585
1146892.106956
1138786.659511
1147687.776754
1144623.022023
1147746.306269
1139140.815985
1146727.019210
1158028.858675
1160182.927484
1158034.956955
1149338.071401
1147695.793267
1141147.168094
1145007.734940
1147965.050321
1148529.527112
1156950.103624
1178743.670178
1185936.408646
1190653.473738
1196190.668041
1198926.519583
1206538.004175
1206642.275382
1210977.858723
1199633.281250
1188361.516995
1194844.882996
1190641.631061
1202508.771163
1220477.687419
1224400.651084
1232983.491763
1234278.868408
1239942.110613
1246251.223600
1248543.010193
1252916.512470
1252893.471081
1247145.903478
1254417.227000
1254186.808014
1253400.371391
1239061.212319
1240745.342493
1241957.814685
1248714.097603
1256334.812452
1259938.649819
1265830.748670
1257429.182148
1261798.424030
1234364.962685
1229964.152111
1221947.808713
1213791.253272
1219525.452836
1219418.265672
1218163.605530
1222167.916088
1233956.770840
1232943.584645
1226829.595930
1220072.707839
1229523.292167
1240566.856319
1239714.830321
1238199.611521
1245368.860620
1243094.465169
1242196.465008
1241239.146797
1239646.725272
1244972.424678
1264488.522951
1272117.131016
1277404.768236
1282542.829067
1285146.545435
1290830.617882
1295428.390418
1296348.955218
1290997.004411
1298570.411641
1298098.739776
1311438.228044
1315472.236653
1330929.283050
1321375.107851
1315299.030125
1321821.889464
1309284.671742
1312154.360191
1305583.599951
1293140.543258
1263798.631571
1258589.895637
1230985.437995
1227802.129184
1234278.912809
1251387.788549
1252840.620290
1262384.260696
1271059.435237
1261690.604885
1251753.445193
1239205.730937
1246769.263332
1256649.964162
1264136.373549
1268222.906952
1255471.166605
1252270.556393
1248394.993964
1252647.790592
1236240.953260
1247986.843172
1246122.177079
1233741.630266
1214704.979038
1225876.391561
1216082.585225
1214171.185616
1218730.118934
1225021.175493
1227111.164267
1251376.943353
1251370.282515
1256963.049904
1252447.831736
1241350.281996
1248233.350553
1257779.965627
1251204.034000
1249191.866225
1247143.141858
1254364.238388
1245524.764106
1255455.638151
1267408.390649
1271411.266339
1275248.497163
1288319.309620
1307064.057987
1327458.761031
1335704.437279
1332797.294763
1337237.036869
1328390.491172
1323054.376643
1327794.513265
1335542.724895
1341684.667420
1339134.555850
1331997.374048
1325366.727529
1322637.909408
1318716.399103
1326579.024071
1328299.730895
1335131.964848
1348015.037757
1345198.331149
1340357.235886
1343643.442705
1339082.646075
1341784.578566
1343065.616667
1339233.556581
1342808.788201
1333201.410055
1323068.578590
1324963.692702
1314957.058434
1323332.005024
1295542.675602
1301002.121875
1302584.992145
1309966.772732
1309928.177694
1302912.809771
1304648.170277
1307480.335415
1315699.268960
1331586.543842
1338547.071552
1319460.007568
1330284.500547
1329980.823984
1316616.795908
1322360.055052
1322773.745216
1335111.445503
1344480.236884
1343631.789376
1347684.931285
1351573.741650
1349695.226428
1350085.417189
1345407.886285
1353450.006313
1347118.898982
1342280.058736
1350157.299014
1357325.545940
1372974.404002
1378765.572466
1376370.779239
1364042.485412
1361302.625327
1366279.476900
1355166.972567
1345246.673353
1355686.908347
1360697.990656
1378136.520349
1387481.291093
1397967.060203
1397662.033239
1394114.148557
1387892.329245
1397451.097446
1378493.529552
1363420.888274
1362441.523533
1361788.714657
1364400.147275
1367589.453858
1377359.249399
1369352.520070
1369622.657778
1371266.331163
1385700.021105
1396243.714237
1398251.557337
1405348.045985
1417853.655086
1368618.648736
1375233.357776
1350455.410405
1310218.192925
1327871.132634
1321226.594705
1338123.881955
1335979.483082
1322447.462075
1328643.915043
1302708.531801
1277834.073915
1295045.169856
1274301.631864
1260750.923475
1286620.324848
1309491.459168
1304323.363838
1298465.934728
1297304.814700
1293203.566110
1302018.322709
1281993.222619
1259916.856182
1263908.798411
1252872.838414
1274864.371250
1234847.212883
1206566.655824
1202795.583048
1202216.032186
1204344.310722
1207249.460107
1221689.557960
1218764.515915
1227186.435604
1249923.546142
1233230.386444
1202459.133070
1197365.034790
1198392.523331
1200630.737959
1205599.795056
1208461.612596
1199324.780394
1186141.561913
1181977.466920
1167624.066299
1152504.775308
1138309.875711
1131506.956963
1130492.747008
1146886.031853
1152347.927067
1134463.756151
1161865.895396
1168919.934957
1164981.511951
1173154.034479
1179808.435749
1183525.185960
1177161.987791
1187628.843080
1179986.868628
1181006.481676
1201261.426655
1180420.090197
1175450.581726
1188249.782960
1191515.798445
1153729.299093
1153791.577989
1174452.526867
1193134.808159
1200322.705977
1220888.214657
1231993.569483
1237785.822825
1238782.788159
1234965.009952
1243185.914933
1235751.182582
1240269.897796
1251240.860334
1239277.144925
1231225.650983
1229218.727084
1238502.948184
1247026.097105
1241833.845171
1237181.958735
1230790.238958
1248439.921610
1255037.056647
1267616.488825
1269428.786261
1280986.527089
1290913.295509
1300977.935478
1302715.710728
1302512.733871
1288444.441748
1294907.905817
1295008.973940
1302353.315565
1324188.370471
1332137.636034
1339214.941625
1341490.565340
1358401.473401
1351459.950137
1354294.985710
1349645.958527
1346193.762293
1337316.434484
1350296.741923
1353286.816630
1368925.100720
1363468.836240
1353592.305118
1337073.013701
1311450.141733
1312841.812020
1299851.494689
1303289.897895
1285458.027451
1295633.169933
1304034.776810
1313343.487774
1307615.292722
1301210.638199
1306451.272980
1305963.764411
1287125.821978
1289115.019307
1287827.645872
1277268.251097
1279546.314374
1267088.713616
1266623.077815
1280173.936841
1286594.836272
1309553.484700
1319602.799199
1306321.903026
1307668.941204
1301506.205368
1301306.324708
1321644.954707
1320409.077461
1331860.249200
1329037.166801
1331000.367647
1324661.086379
1336551.910728
1340055.713966
1339989.606320
1354886.399940
1355249.150009
1356283.667623
1350385.353458
1339618.434193
1338873.325437
1342609.937362
1351507.836190
1354778.709247
1356819.526747
1360401.611815
1355974.392946
1350956.517268
1348301.598091
1355076.053871
1363847.699798
1362544.387682
1351954.005023
1357741.117233
1368780.146996
1372294.345914
1357252.294685
1341892.594624
1319185.310940
1283996.782022
1279384.697238
1282103.217904
1298148.762685
1289742.274048
1298831.135782
1284866.649516
1296074.619943
1325211.860708
1315513.295279
1326941.285619
1317102.031490
1299961.696842
1298104.033533
1304260.597415
1315964.830844
1318281.588245
1319782.738680
1333065.002421
1345857.338703
1344343.752520
1343808.748557
1352958.620662
1353353.575760
1347933.191336
1348128.111960
1346724.765384
1341784.701372
1334532.144189
1338775.678627
1332626.277043
1337630.253872
1342416.525645
1340156.429461
1341273.070814
1336901.392892
1335316.012069
1335646.951698
1336953.029327
1341844.288597
1338262.409057
1344766.824421
1332773.090313
1341694.098854
1345088.674832
1354480.281771
1365859.610429
1355092.601932
1360164.141674
1348402.109735
1359538.508277
1378993.039327
1382465.032208
1385688.979367
1386510.095296
1382798.983196
1374701.368354
1373773.407368
1369741.350572
1363737.518008
1372966.641179
1369207.071844
1365077.644410
1362830.180903
1365181.325736
1382931.183129
1375127.931719
1378059.926982
1368003.159569
1356525.443315
1344818.367361
1348678.490302
1343548.386800
1358553.815296
1356056.617705
1356997.919816
1359055.943992
1370480.420485
1373961.748209
1386728.426891
1385061.644405
1386533.633934
1399558.986727
1402921.659949
1406937.925870
1406133.513960
1407237.884189
1398042.239603
1396006.380632
1411099.833699
1415904.082006
1420202.659922
1416896.346460
1413321.035328
1419334.041141
1423094.931911
1438482.151206
1429296.912469
1425926.840555
1429144.947099
1433157.848999
1422834.628942
1418556.282980
1414613.236111
1364795.702392
1389748.929225
1403572.261143
1411537.431576
1405369.271685
1411763.761857
1422849.936694
1431357.976081
1415158.432052
1429030.600179
1432868.525495
1453261.298063
1449871.597138
1381796.960654
1353326.413223
1360789.780215
1325941.769584
1310266.916617
1343314.625427
1338324.644374
1368359.325129
1355631.495007
1316831.535798
1215930.986768
1215859.008322
1116511.588144
1151957.357901
1071310.387732
1117669.658234
1072577.659636
1096165.659204
1096125.370181
1087113.545298
1191120.088866
1213956.432237
1227691.829718
1186441.692220
1209986.799278
1233401.665658
1196400.086758
1203949.336684
1249193.985635
1245853.718962
1250529.454962
1236973.988765
1239942.017024
1255628.287610
1258461.694255
1222251.353458
1258753.799346
1264637.522367
1254093.140516
1269189.367028
1269925.214037
1297020.918266
1270647.666000
1258836.045762
1273922.102207
1296514.846031
1289146.912158
1276750.129346
1262099.169223
1279406.607893
1317286.692880
1307319.145813
1323424.597235
1306343.696960
1303542.499959
1298273.339879
1308219.349821
1311940.038856
1307763.277424
1320710.355136
1336522.179396
1355728.364480
1352360.936431
1384046.848923
1386864.903202
1377017.154989
1383564.162620
1332951.275894
1339462.054440
1336211.750876
1355662.204887
1360339.000498
1361764.801880
1374308.232889
1382353.160584
1355840.079142
1357760.107242
1350806.274316
1360233.314452
1378507.695231
1414398.404747
1404777.664727
1407292.736137
1399863.248012
1393493.772989
1397183.593194
1409275.329192
1410109.819041
1403964.477517
1405646.039879
1414340.928578
1420403.065676
1409814.878742
1412068.861492
1406615.499134
1408707.303499
1404052.481841
1417255.638772
1396073.089013
1387344.197682
1407652.124679
1435370.599863
