1000000.000000
999953.242105
996654.102872
992022.900088
983944.486186
977640.446869
978526.498635
978799.277462
987422.264217
994454.312095
993950.060042
993483.110499
994550.750438
998190.008804
997992.211678
1001620.265476
1002590.176162
1006720.285960
1009818.293841
1023129.366895
1027538.718227
1037763.594637
1042027.490474
1050845.753589
1040467.765164
1039813.319136
1044763.168385
1050040.267213
1052428.207350
1054562.377713
1073460.872837
1078187.852994
1079312.925144
1083992.010450
1084103.141453
1087425.842738
1093850.178582
1095450.690294
1098422.432201
1090361.228668
1087859.959288
1090331.717943
1089208.610701
1082776.262779
1081543.867917
1091092.321418
1092147.337009
1096620.806142
1096591.275241
1095367.648277
1086151.743994
1087686.634861
1082891.943286
1080049.245610
1078119.466286
1080242.385087
1076104.538312
1078311.356935
1091673.051183
1099535.768303
1108155.731126
1111525.055731
1114726.547457
1118207.921993
1119483.240505
1124429.086160
1128485.950812
1128882.159347
1135617.701601
1135574.818384
1137489.561803
1128465.045259
1124499.332814
1122500.870976
1129677.578439
1131413.500524
1131610.405219
1137052.028610
1140726.119335
1140146.165087
1138199.659427
1124205.108083
1113525.310158
1125417.403214
1129983.493049
1123464.535649
1117982.431862
1110508.580336
1119281.693210
1125476.735802
1126265.808832
1129299.719868
1134194.948617
1138436.619594
1137467.058345
1129461.168856
1125431.571640
1126872.103102
1121093.216774
1128168.255405
1130881.286609
1133266.302387
1128362.977703
1131997.215223
1138634.045261
1139120.599424
1135274.534205
1130454.645223
1124157.384932
1119245.483101
1120613.494968
1122278.008178
1122034.417844
1124898.002600
1144253.493717
1150645.445729
1154658.145974
1158291.497208
1161649.110636
1169257.360134
1169992.167801
1169950.588100
1164903.871294
1159900.221933
1163257.247628
1169475.407088
1177204.651863
1198364.528526
1195918.571644
1198477.867290
1201622.986830
1201197.887979
1207973.778137
1210196.118541
1214643.128012
1215587.661932
1215957.862372
1225476.555270
1227176.491980
1224069.433635
1217692.293648
1230217.146052
1229099.910536
1228292.945609
1235974.514067
1236671.797661
1238476.181212
1235186.101093
1235539.915915
1218954.159251
1212455.848192
1203960.948143
1202258.552175
1206490.237156
1207586.806592
1208681.340685
1215924.584871
1230322.352040
1227901.297086
1228546.141198
1222451.586592
1226623.479377
1234771.613108
1236106.488412
1238134.293526
1241696.588525
1241203.279793
1233569.333475
1238042.730159
1237907.916599
1241390.947757
1250534.455045
1255230.302346
1261126.945420
1269472.518274
1274152.689644
1284212.650450
1288829.738367
1293636.891055
1301627.411891
1309173.472255
1308544.903023
1317956.375674
1328221.277163
1341613.546301
1334367.171326
1327706.110246
1333748.635947
1323969.010249
1326538.896851
1321372.455337
1307383.823929
1284667.535322
1270428.610913
1251069.512858
1246259.719327
1252628.034292
1268112.869594
1283205.493662
1293311.203163
1297931.077169
1289104.992950
1279133.236152
1269710.463116
1264397.657327
1273946.249150
1281915.362308
1291309.352446
1275785.296830
1273655.340379
1273863.812027
1270136.190721
1258285.845772
1263696.102125
1259868.647248
1243653.221080
1225063.628077
1236352.974624
1225189.050737
1214300.944733
1218028.443808
1226748.432416
1231783.233126
1250754.192269
1250922.032307
1259186.512632
1257096.439440
1247658.865631
1252396.069924
1254126.313796
1256038.105732
1258036.958472
1257144.251928
1255107.500227
1252911.936060
1262891.901883
1268237.347669
1273219.596327
1270617.869899
1277490.071945
1296733.171210
1308573.664724
1314823.246365
1314868.012624
1316931.706501
1311198.608037
1309882.761866
1306259.065868
1308866.917398
1314558.890472
1312020.048092
1309609.207246
1311769.121013
1313877.496914
1307880.065697
1309555.973121
1317515.237451
1322647.256469
1334831.156954
1330836.975567
1335715.078351
1336829.073524
1334471.877952
1339336.173931
1348436.645539
1349772.013023
1353923.990541
1353605.265425
1341973.713381
1349401.391313
1340231.067669
1342216.379547
1323739.286536
1327149.948590
1317822.066130
1321598.203149
1327642.634375
1322455.462664
1317830.527186
1318942.517978
1327693.534842
1343008.956623
1344424.659085
1340917.781864
1353763.086802
1355932.412400
1348797.075990
1352364.595591
1349824.726160
1351179.602939
1361946.939280
1366315.501150
1372811.316076
1378495.813300
1380517.025037
1375407.696006
1372382.479382
1380008.402673
1377307.256866
1381540.903988
1387473.841742
1388650.558094
1405316.790055
1408488.314913
1413573.993323
1406896.220804
1402918.439156
1407167.660964
1394111.186547
1387506.194816
1391023.836157
1396049.306491
1404707.062228
1406568.489310
1418940.894466
1420144.189040
1416752.945459
1412747.339708
1411934.093269
1393596.824720
1382817.140080
1382461.971949
1381837.326181
1378315.109457
1382627.799515
1392891.134585
1383053.538906
1385040.210452
1391709.381482
1401780.401824
1410414.146157
1413471.160613
1420301.091429
1416991.547041
1371604.034006
1375464.991564
1354838.765924
1323211.048623
1339734.968433
1334499.891203
1349961.640278
1349055.496771
1336655.404252
1347366.291329
1330792.185004
1312675.306295
1331820.497086
1314889.445975
1314267.790517
1320089.999055
1345656.024879
1347028.799263
1348485.985915
1340634.767155
1340376.432196
1354796.941321
1338311.340574
1313764.018318
1322083.368193
1312998.568973
1325257.428265
1308458.893517
1293193.205556
1281997.846799
1277774.520187
1287067.381992
1289758.777955
1312345.196375
1309936.218760
1317247.254721
1340271.209145
1326318.292158
1305612.222004
1297809.407325
1296521.091787
1300077.158320
1310097.799696
1315355.147202
1304183.017344
1290974.012087
1288235.697564
1275521.397205
1261111.941556
1241206.998227
1230387.715676
1244565.322470
1258947.864204
1258158.480094
1239573.090928
1265063.491504
1270707.516579
1273412.338958
1280755.211199
1285253.695522
1285956.303522
1275979.004173
1296884.094555
1297466.216696
1298488.310231
1305807.203288
1292187.040677
1286273.855583
1292587.910791
1299335.195573
1279512.120404
1282617.252918
1302568.562982
1318976.010370
1321199.758928
1334675.971101
1338467.537189
1342502.717209
1340729.518817
1330218.749662
1335427.360616
1327072.949713
1336191.728240
1354934.127210
1345282.669452
1346294.683177
1343352.437576
1355182.860390
1356462.326725
1355789.803469
1347669.561783
1343033.815828
1359455.228792
1364131.878254
1370794.409652
1372477.531968
1380380.412390
1388183.427860
1392754.176408
1397874.832007
1390548.358690
1376757.356213
1381109.272711
1384193.786830
1393615.414898
1421940.109277
1428980.297467
1432038.371987
1426992.447139
1440979.516580
1439880.713307
1442822.859096
1434880.252255
1436239.586638
1435093.591828
1451796.768131
1452092.133311
1462554.724091
1460758.565377
1449928.107637
1447058.576193
1415303.022789
1408893.524249
1400546.082718
1405120.824690
1384826.689524
1388373.212732
1400391.569905
1408685.580048
1398200.086448
1395182.206040
1397164.906013
1391457.878274
1379015.576005
1383725.446427
1387502.598135
1382019.437790
1385154.960066
1375193.378769
1371540.864335
1381393.671818
1387952.836196
1416553.462128
1428326.617572
1417165.078380
1420263.527311
1415009.367963
1417497.305174
1431897.650480
1434650.131247
1447429.097101
1441912.844238
1443453.298535
1434580.159155
1439041.473506
1443987.293312
1443198.701977
1460519.069883
1463902.754089
1465980.313995
1461170.266520
1448275.959653
1445232.552851
1449206.157535
1452610.509060
1457458.825009
1467898.075993
1468750.404239
1468555.684047
1464712.997199
1462517.757822
1465334.770965
1472566.588594
1471223.965599
1463890.156001
1473680.582507
1483025.981389
1482495.694009
1473966.296300
1464591.252435
1450388.648941
1421925.554143
1423984.168307
1426930.792021
1449346.102258
1441800.556851
1444206.340451
1432022.789384
1439997.955866
1457846.479148
1454093.414821
1459197.285613
1456662.571657
1443943.760794
1441492.631118
1442338.580130
1452874.272088
1461122.644583
1455376.686519
1465380.819764
1477199.389998
1477463.280796
1477355.159464
1485884.898829
1490752.198837
1483514.867237
1480670.192057
1484922.784597
1479770.394118
1484019.119455
1483662.874406
1480078.402509
1488919.036469
1494285.561515
1488949.306842
1491400.881597
1478643.733967
1477539.755617
1489150.986248
1492720.174567
1500875.267846
1498092.221438
1506769.165838
1497464.435393
1491509.400815
1498520.692684
1513078.485501
1528527.753500
1527175.147247
1532819.767822
1533005.990613
1540094.700562
1555271.510674
1555756.971389
1561571.264930
1565688.697609
1559582.994995
1553883.517472
1553635.330502
1556159.376087
1555072.303304
1560300.287067
1559481.574951
1553230.288145
1554523.065762
1544518.453624
1559810.310547
1554833.986962
1562727.883050
1549769.058640
1540302.449782
1533797.801142
1542467.366424
1543183.087433
1555119.258289
1549821.565971
1550104.606681
1555960.418740
1560556.506584
1572200.847833
1586892.729509
1595088.554363
1598016.594031
1608311.299321
1610566.021570
1613013.053332
1612297.318209
1618932.302149
1611422.824710
1608080.251486
1620583.796046
1621657.121964
1621204.262586
1623099.374568
1628913.474636
1637970.965473
1640858.371587
1663317.545549
1659417.884990
1655636.149803
1659049.361405
1662763.050145
1655169.880770
1657240.679107
1653655.475190
1642600.022251
1673557.807014
1671070.248866
1681728.725446
1680841.113957
1689700.339728
1699146.007451
1710822.440882
1708214.798145
1712233.657547
1713152.016064
1733383.990716
1727324.553088
1667941.498997
1648074.708907
1651802.668545
1610820.554042
1585216.348179
1618469.702963
1613114.520483
1640951.124553
1633589.135302
1600928.726957
1515780.621024
1524506.160981
1421320.131013
1466799.990814
1370898.992170
1396699.595755
1354744.212911
1365343.753239
1384782.091349
1339108.809558
1428540.370920
1448669.045535
1480537.710703
1450920.803930
1455811.426234
1478259.299101
1424771.786074
1415310.432449
1493593.849404
1491555.181799
1505645.858459
1529811.315689
1537336.096348
1558318.598862
1556927.719619
1509079.450110
1543534.529055
1557394.451931
1546967.442872
1570091.312119
1567928.193899
1600323.451385
1600847.937382
1568761.911290
1576616.504973
1601326.861522
1595093.200642
1588975.851781
1573000.548511
1581325.747173
1600688.922732
1595511.202754
1610257.657158
1601808.103449
1594074.284411
1590050.949378
1608224.596062
1609111.298907
1609139.196779
1636679.706851
1645342.548514
1657977.922635
1653523.794991
1674392.141459
1684187.578896
1678223.063433
1696037.066433
1645098.385089
1646191.145430
1642065.970260
1663505.946882
1667609.753656
1671575.223955
1685599.261907
1701453.221651
1676187.958222
1685397.653258
1692153.462772
1706755.157827
1736947.495491
1797166.465651
1799319.186066
1797022.703962
1796871.984256
1800370.200499
1799540.286377
1796340.023055
1804780.073066
1798485.487020
1800640.704481
1828079.151052
1828135.982425
1817560.215004
1800051.283598
1783498.180902
1793243.189576
1796005.707298
1805478.384650
1792219.459486
1790558.826250
1797785.899398
1812282.525421
