1000000.000000
999857.447760
996556.862452
991923.558314
983844.389158
977539.194045
978423.220676
978694.179794
987314.051611
994343.545092
993837.551071
993368.215492
994433.832379
998070.797716
997870.984781
1001496.321986
1002463.509979
1006591.119999
1009686.961725
1022994.849581
1027401.484167
1037622.705750
1041883.948771
1050699.347533
1040320.927143
1039664.067938
1044610.849430
1049885.200971
1052270.665489
1054402.249590
1073295.863969
1079108.511182
1079178.588249
1082231.101269
1084191.422638
1085963.471232
1091789.576596
1094621.329491
1094062.860145
1086119.898063
1082153.153980
1085389.586773
1085224.207143
1078743.532180
1078028.638187
1087388.764958
1087883.063629
1091387.695828
1093856.838604
1095368.140926
1083557.667927
1084048.826676
1075427.816031
1073461.506638
1070176.791541
1072371.156585
1067560.138474
1070658.825585
1082070.948453
1089509.588622
1096863.232638
1103281.378169
1108354.567998
1112804.344909
1113290.925285
1118445.775413
1121394.784433
1122319.514090
1131024.027182
1131285.186688
1133342.388850
1123277.163587
1121205.490927
1121344.652200
1125011.478369
1128144.780984
1126867.630478
1130776.081421
1134594.883697
1134342.367807
1132016.206900
1119200.480778
1112459.232720
1122918.370074
1126855.691471
1121871.713688
1113424.586287
1104599.030637
1112903.901192
1121110.948951
1121475.748327
1124224.678156
1129643.092174
1133191.824532
1132141.512144
1127163.272581
1122807.645786
1124767.654589
1117459.062591
1124227.918232
1125957.528011
1130473.042480
1127864.386236
1130155.257007
1133101.235555
1132734.259150
1130019.034674
1123585.272057
1114143.354936
1110700.924295
1113482.458512
1110695.610724
1110501.359146
1114567.835801
1132276.229461
1138696.078514
1140822.543953
1147631.866951
1152087.023069
1157280.091045
1157702.023117
1157447.535128
1150763.487888
1147568.036046
1150547.042505
1170242.241092
1177958.074516
1201953.186754
1201868.086450
1204863.885862
1209448.539898
1208117.057878
1216170.653719
1218684.181976
1220076.199499
1218970.411750
1219742.323417
1227134.261226
1230131.972405
1225796.545628
1220365.975562
1235455.834298
1233985.607431
1231574.006281
1241648.166339
1240675.901728
1244953.840647
1242939.303919
1243617.794059
1228015.394173
1220270.523443
1210937.840128
1208048.919589
1213507.130539
1214863.910869
1215815.805897
1223368.150103
1237481.849010
1237391.545969
1236041.959398
1231875.117703
1237890.184789
1244336.915002
1244103.183235
1244779.616914
1247980.515129
1248459.974007
1237847.011087
1243199.179863
1241353.789156
1243730.351386
1249955.192854
1255650.854466
1261330.559924
1270587.288340
1274658.885137
1278867.340454
1282773.303219
1292146.520180
1298308.008317
1310605.555123
1311072.545019
1319484.281568
1331376.833776
1345772.095059
1340068.520546
1333123.564732
1335582.353239
1325673.238854
1333461.615799
1326301.199758
1305484.534506
1283263.492378
1272172.272386
1251744.918700
1244412.649573
1253250.975766
1264768.803280
1285429.037904
1298488.673557
1306442.727577
1294760.708303
1286633.446135
1274732.081589
1265333.787869
1279795.227758
1287398.021588
1298795.142043
1284271.319545
1280832.990472
1279178.293092
1274438.241088
1262182.310299
1264823.671439
1262306.542794
1244854.228057
1223654.788585
1242187.892894
1228485.159449
1214377.050699
1217985.448939
1229742.784759
1236927.285517
1257665.960705
1255059.863257
1261624.861335
1261072.374576
1252349.294011
1257057.504163
1260245.095737
1263064.903519
1257637.523437
1257275.065627
1256060.445159
1251438.892493
1259920.053550
1270422.242852
1271914.222150
1268096.453295
1276668.524457
1300732.663822
1311353.492075
1316348.427123
1318052.123800
1321045.752738
1313669.635824
1307020.341251
1302403.668582
1300770.703245
1310556.968144
1308318.012401
1307889.051223
1311574.924509
1311893.726414
1307599.075603
1309138.461746
1315616.794788
1323508.184213
1336256.303158
1334125.507633
1341633.631821
1343376.448574
1342714.664026
1347243.233282
1356907.944381
1359093.739990
1362376.212107
1361725.339545
1351069.768837
1359970.102674
1352635.775847
1352574.291366
1334717.169127
1337057.885289
1326262.367590
1327261.624823
1335422.967242
1331215.952701
1324253.208404
1320896.367087
1330259.075441
1346212.357992
1350535.040278
1345239.504903
1359908.726914
1363538.381332
1352841.356526
1362681.471870
1359422.362323
1361748.667007
1375323.229812
1379907.005445
1384859.440047
1395933.583308
1397057.129505
1393318.430980
1391738.848240
1399513.927779
1398882.441697
1407623.712102
1413565.503961
1419840.046802
1437312.032467
1440267.245341
1448141.849119
1438931.113214
1433947.910147
1439257.681438
1427156.416277
1422099.365737
1425499.858160
1432155.430434
1440387.781955
1442380.355430
1459746.169532
1462304.175785
1460052.202901
1455385.774649
1452485.911980
1432478.583043
1425136.606602
1423636.103332
1425806.010001
1425389.569542
1429213.764647
1440376.809638
1427880.253950
1426482.569528
1430952.251150
1443643.958182
1451957.461945
1456418.178644
1462587.545362
1454752.988163
1406910.858025
1413227.696789
1392657.661037
1361174.066319
1384113.920536
1381331.613978
1404025.712943
1398779.198770
1384481.080728
1394228.050227
1381201.145499
1362141.739603
1384115.216425
1369314.749745
1375967.917148
1373925.123850
1403944.550879
1402432.202630
1403723.971872
1398465.784851
1399901.592650
1418599.899739
1399679.382268
1377409.553249
1384550.441092
1374108.197620
1390098.812256
1388617.440544
1375170.944080
1357093.108950
1352573.815909
1357102.076201
1362327.664144
1389230.991261
1385606.198005
1392171.691595
1412514.547521
1401236.223101
1380335.612394
1372274.296505
1369394.760851
1376213.786368
1385418.970850
1393604.499758
1379678.498935
1364627.057405
1362091.273904
1352155.763351
1333109.718614
1309438.094080
1294158.674504
1317749.831240
1331800.425384
1332231.935673
1309559.284541
1337747.215802
1345352.723735
1352218.701815
1361668.733628
1364106.030788
1363292.328533
1352097.862526
1378961.926544
1381146.312068
1382224.880182
1387132.205808
1375579.857674
1368922.550785
1374483.489925
1380621.045462
1363125.542134
1363634.327869
1387997.497524
1401910.101669
1400513.031513
1416129.904042
1418798.612659
1416201.062007
1414515.577756
1408502.980304
1413534.881889
1411001.669761
1419431.509880
1440578.114576
1429837.680249
1432701.004450
1433648.904695
1442720.529357
1442845.209508
1444612.784893
1436360.036232
1431636.841538
1450172.452477
1455826.465843
1466880.198615
1470421.008745
1478438.000647
1488404.238956
1492432.832549
1499654.577760
1491516.213038
1475920.493448
1484256.166673
1487274.873487
1499120.196693
1529614.087668
1535116.611857
1535965.842230
1527713.926854
1541846.582080
1541153.900108
1544185.336395
1535182.970393
1536064.691868
1534096.922621
1551323.139465
1557821.857896
1566594.585902
1566224.915222
1558241.407840
1558689.789895
1524150.999541
1514730.888387
1502783.613700
1511831.835704
1486289.427719
1493569.034501
1507655.973177
1520911.674365
1508836.588888
1510718.121618
1510158.367356
1505711.228566
1493419.076899
1502975.124871
1508879.873462
1501382.436711
1507156.995471
1496425.181244
1488629.863773
1499334.451965
1508395.422667
1539901.499013
1553868.712936
1544122.884376
1548286.917675
1545355.541867
1546744.735235
1562582.320064
1565202.516541
1582990.605784
1580412.085724
1582416.706418
1570899.893146
1573270.777607
1576213.777713
1573095.155102
1592482.725119
1597359.923206
1599770.902832
1593757.675679
1579022.232034
1578748.572441
1585810.039257
1588100.532395
1595473.695312
1607142.979850
1607195.724096
1605342.596729
1597038.044180
1592970.772741
1600331.522791
1605154.125384
1603861.609741
1591711.611363
1600175.029472
1612609.911913
1611120.037773
1602244.948999
1587530.311804
1573999.478005
1541334.056707
1545276.393167
1544846.408916
1570845.755290
1565192.048152
1574612.560291
1563404.499816
1571829.219546
1590442.999851
1585673.944521
1588583.342271
1580773.161926
1567707.925701
1575614.647165
1578331.588723
1585316.659025
1593696.530377
1583786.630223
1593353.459487
1605040.164149
1606214.019337
1603548.853639
1608802.233771
1615445.483375
1611881.288691
1606584.414911
1614289.729655
1607960.063883
1616994.609431
1617860.303851
1612870.539211
1615944.403727
1626942.428908
1622253.316686
1622919.660462
1612779.101363
1610685.417341
1622538.210616
1625864.554741
1631526.540814
1629149.104794
1639905.468229
1630144.447682
1616786.366457
1624566.988136
1644953.563685
1666899.784034
1670498.354926
1679004.003917
1682865.604949
1690168.300019
1706364.657941
1706012.948244
1714389.189429
1721153.351836
1719203.098746
1715541.585986
1716774.106256
1722709.937324
1728459.880970
1730478.333994
1734534.276674
1728284.911726
1728152.800936
1713676.113099
1727776.166962
1725433.086500
1731813.021338
1720256.457152
1713454.627252
1708437.493959
1718407.723416
1719513.427455
1731105.433325
1726819.613434
1726911.543279
1732733.689535
1735921.015820
1751687.824311
1767231.667122
1770138.354251
1773182.645173
1784265.220667
1789310.963897
1792329.605648
1790368.365192
1802683.056711
1793367.098392
1788667.047712
1804799.901188
1805177.414644
1802338.065194
1802262.011723
1809428.057256
1825386.525569
1827659.848743
1854004.097655
1848785.245016
1842672.640683
1848089.595862
1852715.256390
1846551.426149
1847950.329599
1847556.732292
1846886.781748
1895623.857082
1888757.969840
1903783.818885
1900248.677225
1909880.764937
1916375.700755
1925464.929024
1923652.037231
1925923.037685
1935862.364708
1955613.786641
1950278.596924
1877328.570367
1854234.691414
1851507.350215
1797915.124005
1761706.428566
1814731.741658
1809373.456412
1837663.247449
1825543.635656
1782603.179013
1668669.370253
1679543.952149
1557134.243869
1621060.041141
1491927.597613
1507680.352955
1455327.982501
1468483.479691
1486022.612212
1421177.505832
1520420.901194
1556894.233587
1594318.178283
1568041.593308
1571283.089226
1601027.110968
1546095.554327
1534023.391372
1627778.633059
1621949.595317
1644072.247976
1673833.538957
1688362.361458
1720731.326209
1719666.683677
1662734.253170
1708001.345298
1723169.248750
1713580.230305
1738325.213392
1733228.109257
1777199.216742
1790859.182587
1756629.422463
1763820.165910
1787800.245039
1777577.567978
1776599.211495
1752953.011451
1756141.351814
1768731.622147
1760765.482284
1779070.984728
1772614.946570
1763533.023763
1758386.820499
1786198.811067
1793325.384458
1797784.440971
1831022.912488
1845211.501732
1857856.537494
1851053.566573
1880263.268015
1895764.595112
1889371.667106
1916575.529418
1856044.369742
1857942.435781
1852825.766513
1880673.016523
1885202.149971
1898387.397786
1921604.638716
1939776.540886
1905539.907823
1911905.395758
1925376.240661
1950174.536547
1985607.062144
2053567.898069
2062096.148699
2060674.704488
2068020.268120
2071891.492895
2068769.366138
2061786.340952
2070542.810998
2064237.759883
2072058.050448
2116884.380113
2120848.608184
2117326.678543
2102607.348625
2080913.734068
2095149.838670
2093706.279983
2101231.276771
2089411.015388
2093087.948713
2112111.606185
2132691.214988
