1000000.000000
999857.447760
996556.862452
991923.558314
983844.389158
977539.194045
978423.220676
978694.179794
987314.051611
994343.545092
993837.551071
993368.215492
994433.832379
998070.797716
997870.984781
1001496.321986
1002463.509979
1006591.119999
1009686.961725
1022994.849581
1027401.484167
1037622.705750
1041883.948771
1050699.347533
1040320.927143
1039664.067938
1044610.849430
1049885.200971
1052270.665489
1054402.249590
1073295.863969
1075970.671399
1079084.604771
1086637.531677
1086598.097154
1088498.221720
1095426.073205
1095433.362311
1091740.736659
1086433.950817
1084852.639931
1088377.762851
1087644.251420
1078826.832495
1077233.382300
1082809.934550
1084135.817225
1088260.013973
1091934.544002
1091906.876022
1081070.172479
1081152.595127
1072953.351182
1070963.136909
1071020.767314
1068578.822976
1062400.402568
1063436.790493
1075952.931774
1085689.462377
1093761.173499
1097239.906780
1099852.711545
1103373.185780
1105703.667667
1111268.252394
1113053.838470
1113304.113770
1123135.317794
1121043.178507
1120403.771796
1111250.542720
1111470.416728
1110231.394180
1114442.935973
1113260.203640
1112793.472338
1119948.137176
1119304.903449
1120223.420923
1115623.955251
1105383.228489
1097603.752928
1101246.122994
1108140.850352
1105858.928040
1095397.940078
1084341.159295
1092037.969883
1098889.125335
1099512.149763
1103293.978483
1109126.898504
1112658.488982
1110561.296095
1104006.165641
1099365.138194
1102208.473265
1095647.474648
1101916.360856
1106598.868064
1108867.459804
1106782.464694
1106068.891323
1110638.788631
1110360.474468
1109132.264390
1107431.905998
1098987.769849
1097005.285126
1095060.039600
1094366.512172
1094448.679327
1094931.886619
1115669.603301
1120250.370321
1124405.428997
1130534.764049
1132338.106452
1139198.834373
1139263.029706
1138798.762998
1133098.043494
1123024.804885
1126469.492858
1132516.194779
1134956.259343
1153151.389599
1150978.097967
1152938.425949
1156274.169646
1151192.816676
1157261.808610
1159587.073153
1165380.858598
1168397.382959
1167383.835583
1171786.302021
1176929.227914
1172366.692066
1166149.345114
1178075.096241
1176350.896338
1174819.045813
1180442.214618
1184584.672918
1191087.516186
1191297.122316
1190750.587411
1177925.194019
1170284.607087
1160864.712374
1163622.684071
1167679.489154
1169712.343905
1171318.013570
1178480.135534
1190021.035726
1190173.240215
1190611.176029
1185401.571092
1189116.297537
1194416.010209
1194853.138298
1196483.780503
1199306.424250
1199336.345887
1192610.055861
1194790.199847
1198338.882772
1198549.377677
1204307.145339
1208263.777575
1215831.201780
1226611.269347
1228142.204235
1236850.430466
1242787.651093
1248463.122727
1256939.014882
1266122.191771
1265535.888552
1273309.909177
1283586.962406
1299353.879662
1301938.508316
1294115.930139
1303014.685992
1293484.751777
1292408.394606
1288607.887207
1278319.541457
1260977.529112
1237091.997416
1220616.541706
1210250.509858
1215326.843498
1222629.041626
1246695.413745
1255950.878510
1260021.784403
1250665.388226
1243276.584363
1234320.933833
1232979.657726
1242349.308119
1250063.185708
1260883.897599
1243756.974035
1238989.550328
1236151.705901
1231083.210004
1219361.945583
1224382.290299
1225301.370024
1208628.536684
1192835.747647
1200506.693609
1194558.786676
1185321.323477
1189928.230911
1199653.754229
1207525.877650
1225201.332021
1227967.099277
1235575.576222
1233759.431303
1223466.048677
1229053.507796
1235918.992550
1244353.506699
1250616.343299
1249467.251776
1244165.770926
1240043.582607
1252967.468526
1260843.745777
1262079.724374
1253301.128035
1260671.589125
1274370.941984
1286532.701648
1288635.265444
1290727.468128
1293469.883225
1288743.458819
1290249.814029
1288320.860482
1293215.550095
1301405.160846
1298382.182484
1295999.910427
1300103.483497
1300334.722713
1294795.918097
1298478.848725
1308826.821627
1312397.353549
1322201.833154
1316942.775527
1325667.541772
1328917.738423
1327643.785705
1334818.229126
1346502.286545
1348229.514453
1354842.558077
1359262.405564
1345503.521660
1350764.248274
1340336.956011
1341920.444847
1328306.338411
1332846.307249
1326166.415633
1330678.349768
1340130.515587
1334222.730157
1330522.119710
1328139.655469
1336529.938858
1352852.862581
1354510.912312
1356852.005053
1368312.078201
1372558.984008
1365785.818677
1368223.869084
1365014.018214
1364119.051054
1376579.649555
1382966.396414
1389567.905033
1396215.607929
1393656.583965
1387588.897496
1385624.438508
1395904.561196
1391295.432092
1398718.303266
1404693.763408
1406303.419267
1429473.310469
1431459.508919
1432760.758389
1425198.480658
1420435.613219
1422576.748121
1411596.189916
1407364.988813
1409498.225772
1412620.551822
1417509.964464
1422982.651713
1434042.291938
1434366.218821
1430895.895151
1427624.201554
1420135.522796
1398401.519066
1389538.520796
1387351.668907
1388428.936421
1384869.692161
1394090.243885
1400117.393545
1388815.790216
1393940.657005
1399750.036696
1412042.220010
1426201.295420
1426802.581357
1436652.538425
1424864.299793
1373369.612584
1376860.689728
1358592.685726
1325410.344083
1340458.884845
1341669.649109
1361603.608639
1362012.663021
1352702.647673
1359275.347276
1345941.764811
1335190.539546
1356882.913403
1339012.875797
1339677.665557
1348265.682009
1376317.885542
1371391.274894
1374863.365665
1371317.654170
1371518.147963
1389313.287878
1376804.258476
1363272.130423
1368590.053546
1360430.021384
1371451.876847
1371080.346086
1365611.094902
1352739.559385
1346627.724181
1355326.056077
1359733.477114
1386520.891193
1385134.833474
1395176.307622
1412498.671104
1405997.892018
1383522.283956
1382483.114397
1378925.552714
1387935.007344
1398542.334997
1407229.165877
1396507.172550
1378562.153813
1369544.105977
1362820.823214
1345907.494753
1324540.605504
1312202.399856
1330330.464246
1344929.342814
1342630.869736
1331334.701426
1354373.504773
1363464.848118
1365961.176118
1372783.396801
1375652.178750
1371619.959960
1360516.474628
1389586.873521
1389022.283463
1387790.587421
1387003.952693
1376047.441536
1368602.086809
1373701.483300
1379241.734157
1370274.317652
1375182.670777
1388518.842515
1408000.734200
1410444.802763
1423704.085125
1425297.963148
1422814.691590
1417763.419281
1405696.130321
1409554.999519
1400933.079130
1409622.840699
1435121.261582
1427215.796265
1430406.717008
1428005.360820
1436571.993428
1434289.796057
1430812.165822
1423192.061200
1415387.987177
1426820.944034
1428510.177973
1435296.422943
1436437.973418
1438123.426227
1443079.836909
1446193.688268
1456820.288386
1448148.819950
1433865.386375
1437919.265086
1440035.623286
1450859.519194
1480875.381771
1487748.871237
1488114.341739
1479739.566903
1494070.046476
1490537.740919
1490242.078051
1482150.437405
1483972.493803
1484345.445151
1500807.792941
1499415.818872
1508971.856437
1507210.042903
1498981.071466
1499220.838368
1466465.298894
1459016.665704
1452145.750346
1455324.715077
1442321.220988
1441447.387558
1455683.418099
1468844.361002
1457578.904346
1460606.300857
1457409.941647
1452045.317822
1440343.684959
1444483.223022
1453889.574958
1449102.922750
1454495.125796
1448849.886786
1445388.836472
1448223.352372
1456405.280875
1487647.536632
1496550.424056
1491102.491180
1495233.082780
1493366.945726
1497671.985869
1506639.544250
1510889.029202
1522077.946578
1516643.924427
1519138.306715
1505841.478840
1501605.918733
1504282.777769
1503574.726186
1517558.964202
1525678.856818
1528122.853143
1521746.028829
1507917.078267
1505510.542206
1508678.896911
1512026.600062
1517311.391706
1535705.927324
1539138.138539
1539861.145053
1528291.126452
1526656.675229
1525359.903930
1531214.264590
1531987.857939
1525455.783339
1537427.744631
1545932.104501
1549659.296244
1544325.901891
1527625.695901
1517102.065110
1495958.125808
1493522.755376
1496703.393869
1519312.709395
1515424.883003
1510988.875112
1499988.139584
1500097.161735
1513379.387386
1514428.088940
1518508.072421
1516850.671882
1509186.970460
1509135.290495
1512874.485746
1520455.825016
1530705.480271
1528913.045709
1537124.573834
1545057.944579
1544018.494677
1540931.178324
1542261.068133
1544670.119481
1542487.998620
1540557.764094
1544693.212741
1541611.553604
1551190.441479
1546613.683053
1543463.948854
1546346.766056
1553474.022807
1548243.942669
1549905.587660
1530842.730528
1527935.051016
1540995.606989
1546803.195037
1551249.323792
1550121.418208
1562295.577602
1552589.162821
1530623.957439
1541480.693067
1560949.085211
1577964.318539
1581762.285154
1593730.737194
1600617.023858
1604205.846310
1615904.488502
1617300.423357
1624500.312036
1626924.532203
1615189.367650
1605075.595765
1605912.399127
1607296.868829
1610614.085913
1611187.728417
1612077.106895
1601125.494955
1603561.140190
1586723.115662
1601375.210754
1596660.898854
1605278.102852
1591511.806979
1584259.987138
1582021.086580
1590553.934137
1591881.249811
1599742.016483
1594391.913436
1593897.809033
1598198.070544
1596811.722711
1608850.749751
1624657.586599
1631623.342399
1632655.429145
1644872.977415
1646274.126739
1650093.628011
1649355.316228
1658620.820118
1646910.971856
1641589.665595
1656862.680717
1663213.323160
1664781.646456
1664275.056919
1669702.274703
1675773.366051
1681370.766318
1708176.380471
1708550.603171
1704476.299797
1706374.420739
1711152.904952
1708420.559982
1711885.789839
1708173.978523
1721609.089208
1753748.679926
1737825.094683
1744258.750047
1747443.947975
1756149.780224
1761247.204372
1773366.735963
1776816.057267
1770834.652513
1783247.874486
1799888.241618
1791473.739094
1737726.694488
1721863.659158
1720250.213626
1680660.985110
1634162.374808
1673898.201658
1670340.052843
1695690.273298
1691274.690854
1655897.988415
1561300.680351
1561689.195825
1453569.829819
1487371.325008
1390390.139420
1410156.153498
1360885.756713
1376812.574954
1416700.031748
1359155.050095
1450394.012077
1478667.721815
1516275.293930
1486521.344801
1491847.734293
1523541.871378
1465583.314040
1453249.536895
1545019.750896
1537233.266617
1549486.705762
1590047.101198
1593507.580075
1612624.351931
1615726.105032
1570093.910166
1606332.749762
1622082.893081
1605796.876953
1629592.336742
1618149.162085
1656334.479961
1666568.468721
1619410.659969
1620987.664996
1646159.783179
1640527.079536
1636652.874468
1611258.821726
1614342.696650
1634059.509970
1626216.137059
1641331.105872
1635282.317876
1633001.971661
1625785.579013
1646101.085333
1651244.972434
1653063.411888
1685764.578193
1693080.360346
1702873.191061
1698725.758541
1714119.702572
1733525.464760
1729205.114839
1746027.246423
1698926.683859
1691824.234920
1686577.615937
1706724.101927
1713346.615231
1716161.109775
1725959.422226
1746655.051555
1723047.088806
1736630.574447
1743122.004765
1762448.825970
1798802.794712
1871278.492378
1875320.498525
1868811.634303
1871222.362991
1880536.998405
1883901.650196
1871206.415199
1891821.855983
1899670.063728
1903285.317902
1941951.056731
1937661.689289
1921201.041981
1901216.378367
1879413.971786
1900513.973189
1908285.979114
1911602.243151
1897210.673283
1890294.893419
1900130.609942
1909659.614692
