1000000.000000
999953.242105
996654.102872
992022.900088
983944.486186
977640.446869
978526.498635
978799.277462
987422.264217
994454.312095
993950.060042
993483.110499
994550.750438
998190.008804
997992.211678
1001620.265476
1002590.176162
1006720.285960
1009818.293841
1023129.366895
1027538.718227
1037763.594637
1042027.490474
1050845.753589
1040467.765164
1039813.319136
1044763.168385
1050040.267213
1052428.207350
1054562.377713
1073460.872837
1074292.167779
1071892.253679
1076626.654120
1072992.653070
1074450.077080
1075948.419542
1073198.767416
1069826.912505
1073324.719509
1070626.456951
1069835.642288
1066049.467173
1062422.253105
1066251.313694
1073162.301747
1069002.611794
1070754.125395
1068235.254383
1070475.361960
1066579.660541
1063184.003593
1057386.942411
1052091.283463
1058306.400929
1059886.119039
1058826.559280
1059885.381520
1063394.772475
1064819.510428
1073705.893384
1076408.400313
1076349.114355
1086169.681292
1083458.672660
1087790.246973
1094072.546095
1090584.092771
1087338.721235
1086598.748060
1090738.848608
1089290.319086
1079273.466236
1075472.628236
1087211.978988
1086938.942836
1088655.044484
1095292.103454
1097786.781814
1097616.522831
1093726.533652
1080614.034679
1069525.697844
1070463.728531
1074927.535932
1068961.119431
1068682.910080
1069424.894432
1075112.893336
1075024.645422
1074896.169506
1077671.793804
1080195.743867
1085077.456615
1083025.632679
1080228.338022
1081942.773901
1085674.114779
1082795.646656
1084747.473070
1083146.438515
1085812.279509
1078900.820432
1074558.832748
1077951.159269
1079782.167048
1079413.844209
1080129.776588
1081243.033676
1084829.410313
1085861.155443
1088611.209089
1088199.318847
1089236.945159
1105342.850306
1107842.463075
1111525.988305
1113120.178284
1112106.818377
1117509.775880
1118117.108962
1123365.305352
1120588.484772
1113519.777250
1118515.481643
1116640.192232
1122494.475327
1132630.653490
1134122.417863
1135447.929138
1142856.916251
1148301.284685
1148272.487611
1149857.017997
1156250.404651
1156344.111648
1154817.308708
1150226.479447
1151252.562586
1148494.715864
1136223.073650
1135303.052539
1137399.559044
1139166.790001
1145908.673065
1150884.289799
1151225.577888
1147264.438946
1150026.340622
1139228.826138
1130012.292906
1128591.375068
1130161.492625
1134023.213148
1136421.754940
1133279.802909
1139370.545809
1147080.602762
1149963.062753
1149720.724935
1142352.611751
1144662.371781
1148736.947911
1150673.783661
1150189.419779
1158261.726085
1158919.237921
1158572.789982
1155822.155616
1161073.009567
1162416.669793
1168827.221022
1179454.182597
1183960.597281
1180974.863469
1182744.050556
1193131.324168
1198287.691228
1198742.473627
1195509.701110
1197316.500638
1192454.275077
1202713.876670
1205123.668492
1216493.193452
1214130.918031
1210149.297894
1213335.873026
1201542.182487
1195011.383610
1192660.076097
1188056.274084
1174285.886730
1147320.286119
1127838.842802
1112436.813898
1120871.030383
1124851.330083
1126876.287967
1133308.657872
1140400.664602
1131757.215078
1120112.606382
1116297.321890
1114736.362080
1120864.455938
1126436.733639
1128146.525104
1116426.519479
1114739.249611
1111637.404115
1112075.821703
1100858.094009
1105152.679718
1103434.200697
1094649.985087
1082533.166455
1085836.078555
1088665.351110
1085247.060387
1088013.838139
1092230.523515
1105124.043595
1116115.501623
1118745.370941
1118942.522849
1114224.807202
1106720.778981
1110078.193194
1117627.025892
1120755.947350
1120661.615727
1122003.918369
1125911.805248
1123693.898474
1130248.003820
1135970.585335
1133286.153567
1132596.779444
1140035.457087
1143327.112866
1161720.775642
1165902.108277
1165747.697641
1167002.622227
1168716.241081
1167471.565351
1169806.364214
1187370.858416
1191858.097380
1190411.590370
1175838.849805
1171119.865531
1166471.586530
1159539.972778
1161158.038262
1172549.062015
1175059.155059
1176629.536351
1172671.609992
1170495.980160
1172734.308741
1169311.377170
1172081.295008
1172410.072149
1168297.891329
1172740.583013
1163396.926284
1156160.802675
1157551.269065
1150528.807669
1163676.517636
1147079.494949
1149247.546638
1159637.514619
1169188.613581
1169853.409390
1159459.688204
1163992.261178
1165843.977656
1168072.309324
1182508.583018
1187333.658396
1174839.728728
1184320.938336
1184138.418262
1172301.404254
1165317.245209
1165289.608955
1168673.789040
1177070.882800
1182500.471638
1192433.184112
1193401.710182
1196932.177762
1193606.083262
1194811.695447
1205620.463086
1194539.846025
1188799.026296
1195204.422034
1195613.666812
1213295.425691
1221233.230800
1217604.306517
1208928.027221
1205171.076841
1209163.161006
1194961.655356
1198560.957306
1208005.063580
1203687.452257
1204055.707747
1207326.168020
1209164.602275
1206064.310585
1202802.964756
1190998.765381
1192697.549449
1181032.602402
1174499.449971
1172824.296550
1168498.008357
1169734.816749
1181071.165104
1189624.017067
1185118.500281
1187855.194636
1196226.022926
1206517.187825
1216942.755791
1219979.444872
1228017.069457
1226683.305782
1191040.563883
1199020.653473
1193219.758314
1166209.538093
1171154.432705
1168553.958202
1171397.300258
1178819.653185
1165664.237618
1172623.041359
1160542.604639
1150757.865098
1160683.841653
1152609.555163
1147978.011274
1154022.760903
1169871.820522
1156901.109462
1155909.562425
1159120.550091
1157378.355268
1163766.351216
1148115.342982
1134032.333205
1123306.278037
1117468.146197
1126426.489459
1122161.873604
1118859.661850
1112190.083832
1116745.814996
1114514.781523
1112765.135220
1119744.840607
1122674.521312
1123225.159571
1140464.180735
1133344.238909
1107946.894944
1111194.410406
1110727.775138
1115022.125152
1122627.033106
1123130.179473
1116821.246568
1109566.474903
1100397.616337
1096456.784457
1087724.986555
1080449.554382
1078692.904050
1073805.324482
1086276.674354
1082819.952042
1081299.067860
1100433.404057
1095381.925108
1097349.433082
1099063.865883
1102163.362162
1099615.467712
1091061.355373
1100678.439096
1095384.465532
1093511.260425
1104684.965621
1093836.108776
1087489.175176
1086804.234743
1085904.159348
1076184.818050
1086929.977935
1098967.097152
1114140.374184
1118541.388177
1129536.579230
1134627.268344
1139342.888624
1137116.780463
1133877.305518
1137012.738590
1131484.133180
1135950.641396
1148347.725012
1140803.270045
1137851.663500
1135355.611773
1144944.553561
1151729.329951
1158927.388970
1157326.653171
1145362.173573
1150691.227792
1157045.142112
1156393.715044
1157432.568454
1159818.283239
1171295.168546
1175338.803923
1176218.845345
1165847.090114
1156044.993991
1156234.122011
1154121.954960
1157500.441676
1173601.464131
1178775.781645
1177945.513210
1179355.603680
1187233.964543
1184172.930488
1184010.643204
1180966.889720
1183144.654274
1183896.946806
1191574.438856
1188992.466195
1201085.488745
1191923.658297
1184230.967006
1179131.080142
1148344.276103
1145947.796406
1142007.190299
1143760.124655
1141399.473902
1143651.923984
1155054.824006
1162258.999176
1163079.800576
1164697.930184
1167122.604381
1166205.369440
1155631.214523
1156694.667519
1155930.866270
1147606.277443
1150744.603261
1143540.273428
1140428.948382
1142099.854366
1144576.787492
1162243.676571
1167328.143265
1154914.276737
1154666.937071
1150192.267457
1148813.899141
1153068.418849
1150640.296004
1158477.244733
1160725.163372
1157236.976545
1152445.761840
1153883.303823
1150572.396571
1149621.812273
1162739.640234
1166140.485593
1166488.613747
1166623.277377
1160140.715174
1156780.551158
1155095.766567
1154614.174993
1154058.994967
1154219.483499
1157060.998465
1149381.196576
1147588.622630
1147092.614282
1143362.234060
1147096.079323
1144265.256147
1143808.896725
1158238.908217
1164756.643240
1163558.287682
1159032.528461
1157754.368296
1141479.074330
1121728.157084
1116344.157471
1119899.069445
1129218.798243
1127077.970435
1126852.336477
1117840.829628
1113353.194639
1124599.849716
1118121.019139
1123895.701422
1118379.901908
1109834.362194
1104585.070689
1107487.520587
1113506.727036
1115850.007823
1116488.226416
1122412.067436
1124976.740510
1123753.472772
1126667.192370
1137216.685604
1135945.449149
1142467.945430
1139381.984482
1136904.892347
1137983.835187
1144878.309662
1145915.297029
1136478.140947
1138647.920922
1139950.471553
1141711.831040
1142551.853860
1120970.365850
1119190.963362
1117830.711119
1119237.287564
1118912.659875
1116947.433681
1122070.252271
1115510.588420
1123230.513686
1129650.162056
1135263.638642
1134816.984865
1126823.254076
1129562.381835
1116795.301482
1124893.087069
1134451.139349
1138813.379753
1139866.861835
1139337.655023
1134460.818003
1126452.868841
1123044.893056
1120616.903121
1118281.757883
1116922.179912
1116768.409794
1110049.230201
1116967.540389
1117474.921407
1126088.585572
1121197.048486
1124664.509675
1112974.260818
1109710.596827
1101198.947301
1104838.151175
1102651.655692
1110503.604747
1108902.408225
1108041.120192
1106150.740914
1109850.328494
1111703.459755
1123860.176784
1131686.516477
1131098.481202
1136371.264828
1135200.582130
1134133.306097
1134002.146718
1135711.125152
1131966.339151
1127477.738322
1138414.670610
1149475.296463
1163799.880069
1158823.970928
1163507.574780
1158713.978465
1159544.033077
1164086.283936
1161573.129785
1160261.421400
1159897.121797
1163273.857698
1154494.961124
1147081.402888
1141544.478683
1104260.700495
1113476.743107
1121856.283662
1126082.852864
1124179.331133
1123566.532853
1128536.730539
1135003.690425
1124445.229278
1120489.777513
1118756.441359
1125274.010415
1126023.277832
1091781.675871
1077541.324699
1081497.951148
1061158.373186
1039331.227399
1054008.780707
1055983.027605
1067905.840446
1064367.748144
1039222.757763
974875.038368
972698.400085
910129.560296
924449.027947
890433.379159
907374.985169
878511.664301
880975.955524
892285.013704
878375.138234
942707.838336
960373.089307
970886.048392
933234.101190
944647.902975
967922.743762
949706.495527
956363.289012
987052.971439
982566.110235
986382.544309
962943.145602
955425.425622
967926.329010
965937.599273
946253.793328
964682.552328
974522.366815
962777.186847
968808.120217
972124.699815
991282.347543
972418.004524
957465.212762
962785.443745
970885.616957
968683.077849
955116.006818
943845.414664
950734.633648
972199.869938
964642.137343
973093.600906
966608.118692
960183.569376
962681.539187
971816.597978
968860.829976
958462.160594
970246.580242
981899.297608
995874.358496
990406.034439
1008334.959468
1012821.184773
999683.108017
998313.539034
968901.931915
971346.441107
964146.180396
979533.683107
976925.038924
976603.006476
979622.138304
987931.907250
970432.243011
975197.737348
966662.912671
974140.716966
984958.438287
1012968.836863
1002987.823189
999159.053033
988319.401398
984778.379816
992038.949420
993503.901294
993929.210529
988249.410443
985861.273747
987458.762174
994308.085722
987476.529471
980313.088116
974121.184758
970065.927704
971385.194624
974733.311407
958757.090898
943801.579666
947871.081984
962564.855645
