1000000.000000
999857.447760
996556.862452
991923.558314
983844.389158
977539.194045
978423.220676
978694.179794
987314.051611
994343.545092
993837.551071
993368.215492
994433.832379
998070.797716
997870.984781
1001496.321986
1002463.509979
1006591.119999
1009686.961725
1022994.849581
1027401.484167
1037622.705750
1041883.948771
1050699.347533
1040320.927143
1039664.067938
1044610.849430
1049885.200971
1052270.665489
1054402.249590
1073295.863969
1072639.135024
1067727.099789
1077031.006840
1073987.529903
1072370.643828
1074992.962866
1084538.038161
1085876.872845
1084235.986158
1084686.642004
1083281.114460
1078137.268390
1068410.750032
1065314.320877
1073309.910723
1071625.746655
1079841.958439
1091098.118939
1094906.222492
1103283.960016
1095803.289438
1093713.939454
1089863.537993
1085274.446237
1089459.436599
1087042.134155
1082184.132786
1089754.905337
1102203.432648
1109700.915648
1116064.459229
1121049.230457
1121925.981859
1118429.454448
1127787.827801
1131795.271976
1130460.033220
1141363.353837
1140386.629602
1138027.257140
1139014.264620
1140088.045016
1139111.288616
1147675.702779
1154010.528449
1143731.862344
1144788.770703
1151912.535419
1151660.109095
1150423.663235
1138864.020942
1126353.100298
1137104.479899
1145020.491909
1138927.049825
1136579.227012
1130273.576532
1139475.702051
1147763.782233
1148433.051507
1153871.843238
1159481.065676
1159216.699637
1159579.480609
1157027.843550
1150092.263824
1146982.754088
1140693.561450
1144551.254374
1152456.964636
1154125.124347
1148618.416403
1149277.465226
1154373.689547
1158681.960114
1153850.770257
1153949.244806
1150348.360718
1150164.476243
1148902.973179
1146555.106503
1148959.444541
1151253.931340
1173682.223267
1179054.471862
1181457.085772
1186167.739862
1190867.157717
1203607.512505
1202855.055451
1201651.060937
1207048.976950
1199154.483716
1202763.380010
1214043.641579
1227218.024185
1265365.779638
1252841.516703
1246626.894134
1252652.562018
1254425.685437
1262747.881546
1265431.681092
1266190.966841
1270191.877729
1269680.790723
1283914.326380
1289462.662943
1288049.357376
1283606.470330
1301125.981197
1301631.761142
1305557.949337
1308486.819208
1306393.129283
1296360.192332
1291462.047158
1296236.370427
1289266.239732
1279971.928995
1269005.673568
1273917.501084
1279925.892775
1275702.315320
1270092.789242
1282813.680325
1299498.641177
1296678.537881
1303734.109139
1301458.611334
1298066.823227
1307784.445278
1316452.556958
1324193.086456
1326211.388580
1324316.255675
1311579.761340
1327439.275325
1325925.466641
1330529.290877
1340837.523144
1348284.716520
1355852.906819
1357293.295476
1368961.717794
1378485.098751
1382978.495897
1395315.426857
1392391.162103
1389586.865991
1393004.752952
1394743.368594
1409176.397059
1423886.633491
1419253.725318
1413974.794294
1404639.554082
1397876.849215
1412560.799202
1412439.797331
1393473.915578
1376296.358469
1341014.718735
1330719.933492
1322371.910854
1327590.556205
1349266.690694
1362692.296616
1371409.506677
1374572.745923
1363297.681587
1350812.750848
1351247.803180
1338963.821549
1350951.580437
1361301.613895
1362706.152786
1349957.661500
1349756.902777
1355204.129259
1350791.376252
1349231.055292
1352110.728424
1351189.669373
1334094.103072
1312220.948188
1321456.957477
1314239.537567
1301655.436293
1305626.728951
1315606.159223
1323442.704869
1346986.749998
1347037.587147
1344657.106945
1337738.731865
1322078.623286
1320949.068623
1323937.389515
1333737.617999
1329075.799895
1331299.558678
1336293.504147
1333162.482148
1338062.838127
1340251.929764
1348722.453149
1345054.983137
1345994.280895
1374880.154072
1381844.188454
1388904.443106
1394127.083871
1410346.201984
1407049.890581
1404471.401426
1398981.266798
1411071.389436
1411346.512928
1410140.967419
1403810.708788
1396638.170194
1398172.005869
1397126.492243
1394688.168858
1413292.292358
1412688.557976
1431503.825654
1432481.423884
1431045.483806
1433404.625423
1425379.949640
1430126.104050
1443560.443941
1438248.935014
1439830.472988
1438165.105590
1423429.214802
1429307.875753
1424437.871669
1431558.740947
1412640.201819
1405311.147024
1387039.724097
1381273.712774
1398503.506444
1384762.993021
1376330.399578
1383842.766717
1394808.134554
1418002.199364
1416636.121751
1410209.597065
1427917.070589
1434236.085664
1427909.929239
1419059.432544
1412374.801680
1417480.156541
1440214.991379
1449745.806028
1456509.490988
1464846.794721
1464336.881679
1459458.550279
1457804.169145
1465190.080181
1457610.444703
1447029.235746
1446414.859175
1446885.377398
1465459.737826
1462828.609638
1476009.538973
1465072.813544
1452355.098601
1453983.585560
1430540.620206
1430069.479190
1436327.263639
1443506.783267
1448977.363169
1451950.426604
1474020.007516
1478719.593945
1471140.039017
1464660.633645
1462362.898689
1435707.374082
1424560.785325
1433315.403819
1424371.022994
1422719.211771
1423148.120567
1435593.304080
1423467.640606
1442867.140883
1448626.550784
1476247.282329
1478162.299901
1490791.869628
1496565.159431
1498990.184548
1452693.869252
1453283.999610
1434767.623673
1402854.827993
1430948.863071
1420640.185551
1434015.713377
1433178.487649
1432174.779746
1449311.970864
1411283.621671
1402805.362224
1410981.214517
1397345.950302
1382780.976537
1364369.485344
1398004.734541
1398498.170515
1420264.729071
1410104.844979
1403476.297554
1413946.299597
1394494.748036
1378989.094101
1385738.898293
1375683.926017
1388048.599728
1388745.388337
1387897.764138
1369736.971960
1374429.955109
1376022.812843
1373146.116792
1391214.794050
1390486.305747
1398819.998035
1435544.081319
1426211.394451
1402962.614496
1394972.094285
1388054.615679
1396908.117591
1406259.848627
1418198.197896
1403935.895798
1393459.120453
1388886.817158
1372479.275470
1354145.940008
1333564.681841
1326246.932932
1335131.536590
1354388.483613
1351589.277403
1338116.793475
1364540.346756
1365356.277020
1365771.046360
1379478.740096
1382789.631333
1390109.358397
1381143.321657
1411789.594815
1412643.157593
1405816.920026
1425961.946347
1412731.294095
1412534.364555
1420430.435126
1431751.608155
1422652.462796
1425738.469932
1433707.886715
1453468.112816
1455500.602346
1477667.497931
1476332.593411
1484986.801555
1474379.119757
1475676.146027
1477736.194418
1476570.133771
1488989.101197
1516977.700880
1499943.662488
1503663.158075
1507601.243283
1534912.047221
1529016.679833
1521936.578442
1504593.444838
1492850.050746
1507628.418065
1509186.145656
1520575.803966
1532144.040669
1534308.960900
1555921.006837
1550570.721264
1555522.814529
1552344.854270
1531563.863899
1534884.469109
1546705.655443
1558621.352992
1601816.519612
1607221.386506
1606550.475167
1618518.597737
1638099.858306
1632742.201225
1646054.098110
1638095.051091
1637182.733957
1633356.327025
1656284.323563
1656567.260301
1672033.655275
1674125.307115
1665513.533542
1656111.317190
1608600.075797
1598488.572780
1582169.105582
1607782.384805
1587303.865724
1587320.931828
1614803.712391
1626078.433209
1618979.405930
1614578.450777
1622831.754637
1618731.218195
1599812.161340
1610100.527806
1624404.370487
1624167.555907
1626130.963643
1614676.862389
1614816.799423
1611394.860007
1613266.475795
1642860.505549
1662319.098300
1654569.393429
1656411.144703
1654473.429073
1655375.989300
1669313.493084
1680041.866535
1712514.884579
1705102.399199
1708902.366934
1685142.495762
1680931.689482
1694524.455809
1691527.827292
1720603.949241
1721467.411756
1708418.243659
1713895.245150
1691867.344218
1686635.707365
1687088.738248
1696521.560767
1702136.038773
1705016.553334
1706010.674280
1702252.462306
1693707.153098
1699957.471454
1699677.824301
1701926.596351
1703010.256367
1715913.344864
1725560.263281
1727035.445617
1725860.502162
1720142.860966
1707836.309042
1693046.428150
1665522.615776
1667177.997309
1666762.058356
1695140.034241
1688170.529309
1702821.923824
1701230.531334
1708748.582514
1718232.036411
1720500.494911
1725629.137529
1731720.378179
1733409.568089
1720075.954398
1717035.602727
1721759.266006
1736921.784579
1727434.022378
1739842.981476
1755289.851285
1755813.654617
1751706.138569
1737835.526299
1747301.755246
1745965.215541
1741366.058421
1758879.216673
1754674.676055
1776841.504506
1774596.710552
1780790.231612
1781084.664785
1787195.836077
1784752.299792
1774742.187089
1764110.058143
1766405.363499
1791332.233505
1796022.038244
1808191.034279
1796872.079099
1808494.060398
1795570.284591
1787351.425924
1793653.082057
1796802.509953
1809557.090590
1809961.017462
1809872.260726
1815882.459433
1834912.042885
1852024.237241
1858304.952750
1862927.149031
1865264.178406
1856054.968063
1847911.301137
1850279.981556
1848120.503790
1855260.431500
1861755.517710
1863278.062340
1849295.305763
1849780.311173
1834141.240556
1845869.504325
1839325.769062
1853396.922969
1820977.439320
1817824.862718
1809433.974352
1817028.418598
1818058.372312
1833010.496565
1824888.615055
1825290.304447
1825927.707582
1824473.269533
1845815.687267
1844265.004962
1856584.659625
1856120.501102
1856963.236441
1855512.203263
1856736.501096
1860266.574717
1868256.974325
1868203.604804
1861723.760883
1872775.897504
1862664.755250
1860608.883470
1860446.899046
1855960.784275
1873749.057888
1882391.818931
1900831.968510
1891294.792897
1887062.200228
1891496.893013
1895889.453642
1879420.118576
1877178.653170
1865153.260400
1830526.195557
1859219.775552
1867566.282968
1882736.967369
1880195.757933
1878307.690579
1891763.706499
1906521.813878
1899385.509963
1897670.273215
1892457.440486
1905889.715983
1910506.092103
1854018.485161
1836185.194518
1843144.264827
1820789.883717
1783438.147254
1820289.535833
1815439.181573
1839359.043254
1855240.652761
1818153.875147
1730049.314095
1748815.833179
1663835.187425
1699473.964860
1600813.892572
1619756.351959
1569290.194532
1549089.444767
1594853.538342
1545627.922100
1643433.046046
1673503.110762
1707401.403317
1677120.197290
1694808.099511
1722401.293954
1677886.333780
1679769.658432
1752573.496092
1751675.786823
1751202.065360
1768057.911203
1766329.704662
1786892.259503
1780769.515134
1744886.491413
1783882.009167
1786567.346668
1777694.730899
1802829.573518
1800717.109029
1834083.926100
1828219.714450
1805391.907239
1809923.656669
1831556.876572
1821721.551531
1813791.235967
1796869.351024
1797451.621211
1816209.178230
1811500.341865
1827377.828853
1821142.442151
1803012.765807
1805287.467025
1815395.818948
1822416.922677
1824557.060104
1861435.458850
1872954.737524
1882217.446835
1877430.135702
1904870.179501
1911739.798885
1908689.155147
1916690.390628
1864814.091630
1871702.509031
1849207.089313
1873097.113865
1873839.021469
1874798.700041
1890405.996953
1913817.117691
1899249.927950
1905574.759074
1908084.948238
1930108.808031
1956365.735959
2038391.758792
2059034.660657
2057382.683817
2053413.791606
2045227.057404
2060104.160836
2047631.485080
2051462.557500
2028421.717232
2042014.513407
2065303.445614
2070224.915944
2054408.309036
2025746.519374
1993555.224245
1999798.277117
2013208.313558
2023842.960695
2009814.776456
2018671.586315
2030713.995327
2054887.197179
