1000000.000000
999857.447760
996556.862452
991923.558314
983844.389158
977539.194045
978423.220676
978694.179794
987314.051611
994343.545092
993837.551071
993368.215492
994433.832379
998070.797716
997870.984781
1001496.321986
1002463.509979
1006591.119999
1009686.961725
1022994.849581
1027401.484167
1037622.705750
1041883.948771
1050699.347533
1040320.927143
1039664.067938
1044610.849430
1049885.200971
1052270.665489
1054402.249590
1073295.863969
1077171.678697
1079467.193194
1082411.138750
1080619.499796
1080408.492078
1083070.713439
1088068.502466
1088428.211177
1088780.867298
1085410.595666
1086728.548858
1082930.879660
1075643.673930
1078489.534022
1086385.533591
1084286.820198
1087477.514044
1097145.974901
1099800.602187
1099339.319556
1094892.767100
1085769.276460
1080091.147711
1075923.883001
1075531.717581
1069530.988901
1069376.722494
1075421.576738
1083326.135928
1093506.307279
1098613.709973
1102878.521976
1106596.814170
1104709.102753
1112329.813377
1119657.137654
1115339.358086
1121604.243261
1120825.156521
1121210.412521
1117176.871635
1109844.524599
1103609.346743
1112191.618469
1115814.825012
1115050.238966
1118055.887251
1124175.908288
1125416.344718
1119279.884659
1104382.635389
1094423.914242
1104025.245332
1108459.561460
1101174.246431
1098506.493389
1094983.052476
1103997.693171
1111729.578497
1111632.660535
1113656.863281
1119402.495375
1123008.603806
1121609.671864
1119506.070708
1115617.752865
1117362.588088
1110594.977103
1117607.604701
1117686.531014
1121557.619004
1116744.248899
1114229.584421
1117506.171620
1117961.181759
1115472.774821
1112565.242721
1108031.884039
1108233.402306
1109560.658569
1107863.608891
1108233.469727
1113448.444919
1132062.739631
1138160.184199
1140459.252839
1146469.984858
1148097.244764
1153818.373899
1154534.426959
1157107.586040
1153128.260701
1140434.262851
1143579.507711
1143142.678833
1149671.738976
1180826.247745
1177556.795168
1178034.772519
1180377.588832
1180441.987595
1185878.480458
1186891.167285
1188838.459668
1191557.227059
1187839.497168
1187627.448576
1195241.980077
1191597.935045
1184657.512276
1191697.099874
1195588.346194
1198524.168852
1205615.425375
1208314.473468
1206960.135115
1205059.345421
1208258.374202
1193327.860524
1183198.119401
1178414.797093
1176625.828455
1182664.110822
1182674.965567
1177239.494138
1186348.480082
1200551.701409
1202503.490588
1203675.078549
1196268.710467
1197592.342631
1204139.610732
1208414.519690
1209275.664165
1215258.213704
1210239.755288
1203827.422385
1210504.022147
1210340.113605
1215809.103003
1226077.560209
1232825.897298
1241215.952003
1245614.555354
1250124.051092
1256255.619268
1260373.715960
1270578.943032
1269615.192778
1272629.163161
1274152.066497
1283220.729382
1291491.037737
1308228.420710
1301538.882592
1297668.330397
1298304.919039
1287608.754372
1297036.596906
1291790.738781
1281837.693946
1263518.760836
1243170.045937
1217304.107552
1198979.089504
1208295.964513
1222610.519354
1236287.751924
1247485.128347
1256397.445463
1242146.976051
1229012.619417
1223120.502813
1221317.480064
1233533.079325
1239214.654864
1245131.383830
1231878.631096
1226645.804217
1225732.402307
1224194.867587
1214186.761572
1217506.590761
1217655.602281
1202271.461729
1183606.287945
1190099.597671
1184509.444800
1174852.150366
1174366.695904
1188370.705161
1198970.909801
1223833.821507
1222003.157369
1218793.774280
1213453.875330
1198972.318902
1200916.712802
1210471.562736
1215546.438424
1207756.417620
1208075.101361
1216641.458686
1207266.914029
1217262.420181
1233020.770889
1229563.521321
1224942.475699
1231850.439972
1254599.909724
1267802.309156
1271498.483474
1271216.706186
1277773.836326
1272488.531875
1265865.406172
1264794.628314
1273618.173151
1280768.742447
1276345.680090
1268910.927065
1262513.367092
1260628.416107
1258916.188152
1260456.818240
1268815.446325
1273706.661981
1286169.779464
1284517.572819
1286597.084769
1288648.423375
1282910.519310
1289328.175332
1295045.577656
1292295.662731
1297887.392985
1290590.580177
1281920.033047
1288272.531181
1280502.427800
1285745.987619
1260475.366649
1260248.041883
1255761.585680
1258240.301608
1265932.022999
1250799.042562
1246684.704897
1247189.340810
1254745.889651
1275022.324234
1279324.421891
1265486.627193
1280888.111503
1284260.075561
1268435.723979
1271243.984544
1269723.464450
1273813.673749
1290286.608250
1293972.455208
1297645.661044
1306000.371559
1304061.379197
1304132.409164
1304104.973720
1313934.077317
1302621.929610
1303371.949893
1307688.687827
1314378.201744
1342159.518003
1343561.918555
1345460.312196
1333887.864532
1325799.053335
1329300.586108
1313420.031618
1305770.407892
1315421.230251
1321160.372589
1323659.477003
1328232.582788
1339777.955612
1340960.821090
1334451.696100
1324582.332955
1327706.956888
1304754.445258
1294892.170916
1294205.727057
1296357.351645
1294197.007918
1302812.254725
1311202.089564
1302752.963879
1308506.368975
1316462.736287
1342465.758977
1344916.628861
1358061.876557
1364032.342389
1354512.698388
1303093.521259
1312488.558885
1297718.160520
1263583.849829
1282130.421296
1279930.129587
1297458.748976
1299286.103623
1292686.044834
1306895.223119
1292742.885858
1281926.933687
1301672.766905
1287704.440591
1281329.220113
1273146.191272
1296377.362726
1293068.534984
1303052.246743
1299934.974856
1296422.562420
1311393.170994
1294835.184365
1276752.041270
1277112.783655
1265309.307533
1280707.691296
1278897.423991
1273936.496996
1261553.053493
1263977.530381
1263695.695770
1261738.530170
1279437.451625
1277927.196244
1285768.390152
1304809.400369
1298985.788573
1269340.623303
1265765.178619
1266757.577729
1273213.461205
1279303.452531
1285501.376881
1270267.596312
1255570.709715
1246403.186440
1237992.190993
1218516.683800
1204393.722058
1191632.719662
1197552.428235
1220592.571056
1216264.939273
1208534.620405
1237935.076751
1242666.436950
1245952.957038
1255235.202514
1258099.321078
1261535.794829
1246703.378507
1268831.127475
1264611.864458
1262627.222308
1271405.634289
1256109.795666
1250319.424478
1255030.859173
1258172.985832
1244387.099316
1251475.519476
1270800.422618
1283232.578752
1281973.180576
1302625.328135
1306773.103442
1312434.395002
1308766.435900
1311301.692711
1313158.781568
1308528.532041
1316156.734926
1340417.698708
1325835.933268
1329618.859638
1332348.678304
1345314.221808
1345279.824909
1346607.569025
1337005.522341
1326683.094806
1338026.596645
1341277.128028
1349426.716034
1356061.503043
1358291.333802
1376341.012440
1374959.631288
1380347.170866
1373362.177159
1356394.601003
1364310.397495
1368937.157105
1379326.798718
1410059.212056
1414209.246403
1415188.927374
1414358.387184
1430742.856030
1425509.332064
1430865.212827
1421297.710202
1419079.949771
1416828.186182
1437894.316238
1436742.429131
1447552.211961
1440122.994730
1431901.518379
1422428.420396
1390585.473444
1384850.725209
1369664.283516
1381725.550329
1364584.989805
1370173.438892
1389060.097983
1400935.625846
1390808.354040
1389072.625623
1391233.734560
1389663.008323
1376470.024099
1384147.370555
1386538.013902
1379159.447598
1381499.386884
1368728.154339
1363301.482040
1370008.438253
1379985.051321
1409163.471699
1423489.333834
1411575.546939
1414420.254924
1413974.894845
1417044.827511
1428233.244589
1432030.536521
1450847.297974
1448038.192099
1450894.194602
1435773.475621
1434422.169251
1439099.715505
1435428.837016
1458712.568334
1461547.054357
1461937.282202
1461074.502884
1449560.923654
1448061.500245
1453043.418962
1453952.226089
1459972.837613
1461686.866967
1463636.030241
1454830.261855
1447934.866289
1452048.614025
1454482.477314
1458986.887873
1458563.721086
1450713.457583
1455986.598190
1468299.261298
1471378.214397
1459869.824275
1453323.111314
1435203.947650
1404963.932538
1401875.708013
1403486.653785
1422354.627757
1417641.237934
1427461.373344
1414501.405484
1418309.025401
1435503.642330
1429506.170065
1434796.715726
1428723.479785
1421533.668725
1418953.456264
1421408.180404
1428505.064842
1435994.107155
1437573.929949
1445110.297062
1452842.733879
1453475.652067
1449444.954058
1448731.096036
1455517.049635
1453026.457314
1450720.756913
1455084.897870
1455434.477795
1460367.567912
1462332.587925
1451969.456911
1453863.701910
1468777.340456
1469209.885363
1465100.973200
1455748.141993
1451388.184051
1455318.486389
1464248.815990
1466179.038811
1461197.377935
1469480.227250
1453462.604109
1460012.319465
1464363.992346
1491692.139655
1502046.401218
1497782.853068
1501876.064040
1490293.923873
1501210.731261
1515592.755783
1519244.833037
1525539.570766
1527451.953900
1526599.521468
1518809.510056
1519613.097040
1517497.508716
1516582.699209
1520105.253863
1523063.452054
1510955.664142
1513901.358318
1506401.002134
1517758.461372
1515300.310030
1521742.736400
1505046.433032
1501266.096979
1492327.310186
1495072.803606
1491636.442293
1507286.546684
1505619.498548
1507915.127969
1509129.687666
1512454.804801
1521491.003714
1537520.154038
1542605.230378
1547567.745492
1555141.325174
1556938.924963
1559357.118888
1561504.607568
1571384.273450
1562986.790943
1556358.913794
1571720.671364
1577273.406092
1584248.440337
1583669.829202
1586213.335449
1593113.155122
1594277.146212
1611134.196234
1605897.871700
1600643.394478
1599745.439555
1603300.570874
1599570.996491
1593213.985026
1582643.229392
1580635.377955
1622233.807562
1611720.471860
1620374.550642
1617656.012841
1622368.030505
1631261.528705
1634839.326417
1623558.963733
1623387.052855
1633318.253705
1647911.568836
1647929.752258
1585557.842026
1560335.608308
1563544.026118
1526930.531535
1490594.353846
1539124.131118
1539367.489730
1563026.660366
1563163.744891
1522097.287530
1421270.796615
1428764.989123
1334854.596341
1358665.492124
1278709.595993
1304024.050573
1251166.443864
1263996.450034
1278559.328828
1245698.987887
1333735.576840
1371166.379777
1388734.227791
1352115.681037
1368687.484991
1396031.792720
1365867.662659
1370146.525594
1425511.103497
1418723.536544
1434538.032350
1452682.645957
1465804.357749
1490361.365138
1489206.477087
1448181.552377
1482604.197085
1491626.623751
1481965.540655
1506393.078708
1505011.201505
1537371.190917
1528283.174788
1512323.217121
1515107.672592
1529206.116624
1525000.806135
1518066.330609
1496770.169662
1500642.812259
1525137.433209
1516946.774674
1533476.819961
1524708.021927
1506860.208782
1507581.061582
1522948.740411
1530950.199228
1529171.770513
1555453.632310
1569144.640083
1584448.571503
1573926.965544
1599961.003047
1612189.888986
1602327.037431
1616260.549509
1565143.021213
1564523.234400
1554317.637196
1581310.127621
1585499.548674
1589153.553778
1601242.513582
1616091.349198
1587957.433403
1595576.019461
1599343.152249
1625020.867440
1653046.345578
1729345.605038
1729816.777946
1724206.911258
1717012.013300
1711074.163879
1715401.868515
1711853.577477
1711562.905639
1688599.647486
1696337.070173
1725919.747847
1728936.742021
1721767.120689
1709442.220842
1681719.148335
1686138.695771
1685806.171080
1691419.211800
1670528.736194
1659681.758964
1680419.628227
1708790.089272
