1000000.000000
999953.242105
996654.102872
992022.900088
983944.486186
977640.446869
978526.498635
978799.277462
987422.264217
994454.312095
993950.060042
993483.110499
994550.750438
998190.008804
997992.211678
1001620.265476
1002590.176162
1006720.285960
1009818.293841
1023129.366895
1027538.718227
1037763.594637
1042027.490474
1050845.753589
1040467.765164
1039813.319136
1044763.168385
1050040.267213
1052428.207350
1054562.377713
1073460.872837
1080753.728617
1086337.859088
1092835.534278
1090971.688492
1092677.898607
1099338.584190
1100391.946762
1104182.619048
1100441.671668
1100877.178182
1102240.632017
1099452.740310
1091680.976601
1094644.047079
1100816.972979
1103995.016497
1110179.157684
1111722.049891
1111978.002927
1099421.894450
1097617.265070
1089342.729595
1084584.654253
1082093.523364
1082980.608038
1078268.584006
1081608.543399
1091191.215731
1099626.545007
1109369.253550
1112699.655442
1118582.685492
1124099.016842
1126298.738965
1128982.706978
1134806.991075
1130471.724100
1136599.274325
1133959.224244
1135912.623150
1129741.020986
1125472.969877
1121851.456616
1130015.171398
1129938.958876
1130818.368909
1134704.606156
1138099.116727
1138924.494675
1135542.043486
1119385.074600
1109249.938734
1119063.941793
1124850.217551
1121196.340043
1113831.836581
1103100.626022
1115298.547752
1123428.962085
1123856.654918
1128133.207027
1131256.660294
1135745.851913
1135571.502139
1129519.261270
1125533.710382
1129677.763064
1121954.883952
1128300.437839
1130517.537433
1135168.121661
1130858.105492
1129685.204510
1135227.259271
1133306.975301
1131479.178504
1126049.886345
1118461.042232
1115321.785296
1116713.495423
1113453.014018
1114181.048188
1118326.154784
1139529.885689
1145171.951380
1148443.802799
1157568.464054
1159039.099782
1163720.592595
1165380.361276
1166731.594356
1157779.456231
1147139.461801
1151982.896336
1161255.956091
1168188.277652
1188981.075006
1187551.303092
1192150.859026
1194729.818569
1190570.609059
1199015.774388
1199045.146528
1201745.503872
1201752.895983
1204008.985914
1215439.324549
1219501.978202
1216298.413236
1208439.048842
1222988.033357
1224868.009993
1223271.267201
1235180.824138
1233114.803996
1238075.263085
1234937.145652
1238622.338166
1219323.740025
1208759.977305
1197149.647772
1199252.939654
1205182.404707
1206927.969056
1208173.923691
1218979.667448
1232633.898040
1233483.203423
1230982.193226
1226095.029902
1232816.710003
1238023.941487
1240869.267624
1239663.289375
1245176.820559
1241875.300363
1232017.038742
1233908.576001
1232416.777452
1236568.778458
1241893.345874
1245246.337977
1250089.442696
1260186.783038
1264562.446439
1265846.538159
1274207.024481
1281549.234596
1292669.870429
1300924.091422
1299189.616961
1308178.162052
1313065.280970
1328183.411975
1320477.854996
1312792.227532
1318814.585068
1312017.247641
1315286.196868
1304685.706845
1296729.991032
1275318.635511
1263677.102250
1240772.604609
1223533.058321
1231849.959866
1246013.766080
1262107.670510
1270693.230587
1278917.459961
1269741.805473
1259468.117370
1249493.830453
1247581.993277
1261899.841952
1266336.269242
1278781.363157
1265256.209060
1260464.142253
1257716.790533
1255712.464578
1246366.109130
1252058.152056
1251295.207648
1236334.645792
1218425.822683
1224534.915566
1217940.329728
1204311.938619
1204602.122785
1215862.249070
1228808.801608
1250428.237822
1247937.478986
1248720.087799
1246776.078219
1233876.658260
1238961.904749
1247190.240332
1250618.443956
1248608.980202
1248282.633515
1249456.461731
1241739.320729
1249674.624769
1261850.481854
1258319.708201
1251029.962133
1258289.002558
1279453.959529
1291207.845111
1294414.139091
1294868.476030
1296968.227992
1289442.540484
1286882.032615
1285427.696745
1285319.601111
1294136.470563
1291529.077201
1288460.332231
1288393.555341
1290152.009886
1288540.342260
1293472.477569
1299649.144178
1303003.422689
1315090.566289
1312584.495826
1319254.672002
1322651.356070
1320667.988593
1330533.340537
1339620.330412
1340073.249394
1347980.037776
1346677.389148
1333235.363534
1339015.404972
1329266.950330
1332082.122223
1312434.401787
1317275.944165
1309796.029735
1314290.016153
1323349.343576
1312278.651151
1310687.358439
1305274.275024
1312867.673133
1332215.241503
1335433.435433
1326730.778539
1339449.093537
1342608.827786
1331541.501713
1339372.778662
1337629.407981
1342962.213550
1354865.000405
1355590.363416
1360389.976642
1368628.472256
1364252.852255
1363775.902955
1364160.003255
1373876.381126
1365955.893707
1375619.090653
1380907.945417
1386208.104723
1409517.254429
1411301.130157
1415280.595851
1404845.752655
1400223.873167
1402407.579027
1390900.817444
1383061.980040
1388764.712291
1396423.344365
1408975.531859
1412128.929003
1421552.236297
1421187.344190
1419226.525214
1414628.770988
1410456.385913
1386977.363478
1374476.696998
1373933.703578
1375485.937830
1373077.419804
1381655.171376
1388889.197670
1376420.681069
1379313.201176
1383116.683760
1394864.392857
1403809.162206
1406293.461636
1411131.153723
1401685.431738
1348183.434462
1352103.605260
1335635.931036
1300454.405765
1319943.158875
1320669.898606
1341374.698050
1341537.101702
1336595.255935
1346146.149572
1337701.304034
1326710.888843
1350174.422720
1331825.144030
1325578.394553
1334419.332087
1358788.491573
1359859.532850
1364848.916470
1362728.482427
1360394.508753
1378221.829419
1366618.983981
1345444.949217
1350061.388413
1343142.073485
1358879.123824
1349010.810048
1336734.732507
1324520.088467
1321110.715159
1325757.900691
1329175.551825
1350877.389313
1350160.128991
1358436.224570
1377861.632771
1368474.301337
1341188.568224
1341563.882730
1338813.348647
1344708.187072
1353975.905451
1363366.259171
1350189.336617
1330712.275006
1321713.471949
1314917.088244
1296030.167913
1277260.087185
1262238.979158
1275542.304346
1292484.952840
1290321.770971
1279550.666322
1305042.857491
1314736.283779
1317113.263383
1326372.895539
1331352.682699
1331952.196792
1319555.051550
1343867.728570
1340378.079622
1340131.598513
1341191.708373
1327908.199329
1317541.227445
1324540.735806
1326773.914287
1308549.965990
1312900.846188
1333112.352517
1354479.823051
1356129.070709
1370232.610717
1374256.156925
1371637.871144
1367327.196664
1365689.024499
1371553.840081
1363288.557651
1371251.399977
1395619.529825
1378429.208159
1376484.237082
1377530.575242
1385446.185899
1385751.786998
1383923.590018
1375964.487730
1370091.660532
1383485.508819
1386916.139432
1399726.410044
1403693.875577
1408737.407617
1416448.895514
1423052.184628
1434858.802699
1423443.830306
1408109.798003
1418127.774041
1422541.106375
1433195.626604
1462596.176278
1467685.330231
1468960.003989
1461716.498963
1474426.809698
1471860.839855
1475299.402982
1466744.657717
1465833.999909
1461502.124234
1481177.223345
1480135.037507
1492377.482390
1486215.860472
1473165.983585
1470899.986083
1448288.291147
1439450.838214
1428299.437206
1437447.701898
1419807.738447
1426098.018644
1438643.068982
1451303.495705
1439089.903359
1439969.031242
1437305.404574
1433048.025183
1419738.062731
1428228.202631
1433691.754989
1427223.680895
1429687.912629
1419116.986931
1415516.057866
1423223.680728
1434681.864323
1466206.445244
1479506.207085
1469598.509149
1473817.762706
1470407.022324
1474143.305316
1487232.113485
1491962.978455
1508153.908941
1503037.137571
1505593.857862
1496344.924376
1497524.450761
1500494.962252
1501767.509578
1519313.336697
1524502.339366
1530510.392219
1526844.154329
1512147.599588
1512347.919527
1519405.771021
1521543.452929
1527633.896810
1541758.822318
1546416.146889
1546495.260803
1539468.662718
1537303.462224
1536483.081282
1542342.133073
1544662.142793
1528497.390459
1533318.088548
1546326.779060
1546126.005521
1533098.837094
1515225.144531
1498566.993328
1469353.182285
1468876.041698
1470723.689845
1493452.890200
1490095.624281
1492189.858473
1479380.535226
1487268.722620
1506642.108957
1501832.713261
1507332.685728
1498540.113807
1488967.900946
1488783.062050
1492234.155360
1499952.782355
1508653.536923
1509511.774113
1516812.001219
1525419.090466
1527495.122020
1524509.160970
1530572.829246
1538692.285211
1528186.763128
1528060.877604
1531163.153680
1526145.273779
1534272.182448
1536690.761467
1528384.946505
1529732.925374
1539498.434617
1537784.638944
1534586.879537
1522227.224686
1519058.809171
1527686.709616
1532873.679232
1535088.182251
1535843.776988
1548436.646931
1534382.796287
1521089.158750
1527684.513053
1552502.424079
1566374.831616
1567085.518291
1575826.242898
1575693.923240
1585196.280897
1599479.880377
1599145.009500
1609784.469002
1611421.347957
1606381.069149
1599577.503330
1595769.292704
1595091.844618
1595301.558223
1600395.826941
1603746.002263
1594140.972073
1592622.604607
1579562.364479
1593962.186407
1592105.617008
1599093.674451
1586701.782629
1580176.425794
1573780.210257
1578630.580583
1574871.429623
1584714.671596
1581792.621275
1585024.794880
1589283.606318
1592757.180806
1602957.104360
1618146.145184
1618742.683852
1621719.459821
1633478.873367
1636264.305590
1640370.642157
1640256.078380
1652370.897763
1640331.694582
1636000.712294
1651993.785371
1658159.661895
1654361.576372
1656568.821766
1656439.412383
1665604.322474
1669077.127123
1700142.443448
1698323.354826
1691636.205542
1691477.255152
1696341.544050
1696533.705740
1695759.678576
1692885.161296
1708331.331143
1752085.320865
1733666.246136
1742273.142889
1741901.243353
1748929.093937
1757871.128227
1766710.234128
1763744.416449
1762570.347216
1777125.526301
1800602.216347
1795440.637609
1731330.288277
1708357.342476
1706192.223972
1663472.546896
1619293.887705
1663987.651398
1663618.552441
1689938.751483
1681122.948676
1636497.844997
1530600.454034
1531076.391100
1415252.628881
1444066.495425
1346964.768526
1375513.463543
1320636.204457
1345466.596600
1365682.327399
1317821.285978
1417237.055492
1451511.975986
1479859.837618
1445756.301567
1452375.246539
1486584.432415
1443529.719224
1437089.900790
1521629.104298
1513980.012547
1529403.667058
1570628.880637
1580487.263443
1601709.418743
1608916.829726
1560871.613013
1599229.514174
1608710.036619
1591613.519411
1617507.251769
1614027.283945
1647355.765231
1642137.434447
1595249.461079
1600928.936828
1626609.568418
1622923.061022
1619162.463005
1590707.842555
1598810.986411
1618782.207383
1609604.557965
1627961.818730
1614907.010193
1607548.359918
1606005.537051
1627556.480862
1637201.982544
1640078.577082
1670179.516346
1682534.478512
1699472.084249
1693022.756116
1715744.335601
1735852.383951
1726153.936579
1744672.581669
1693576.445515
1689917.798827
1685566.708477
1710514.897347
1718129.730388
1726725.271587
1740359.447633
1758253.919105
1725239.176017
1731873.987109
1738423.988229
1763821.367682
1798159.685015
1864482.134260
1859913.913977
1863341.958411
1866515.622872
1870693.249528
1874520.542660
1869699.973302
1880908.015952
1880856.654449
1887211.356384
1931911.434951
1926771.600703
1910248.147800
1904759.102849
1882275.093667
1896849.547651
1892894.614937
1899561.715411
1876624.075052
1867374.761429
1883454.432468
1903195.499517
