1000000.000000
999953.242105
996654.102872
992022.900088
983944.486186
977640.446869
978526.498635
978799.277462
987422.264217
994454.312095
993950.060042
993483.110499
994550.750438
998190.008804
997992.211678
1001620.265476
1002590.176162
1006720.285960
1009818.293841
1023129.366895
1027538.718227
1037763.594637
1042027.490474
1050845.753589
1040467.765164
1039813.319136
1044763.168385
1050040.267213
1052428.207350
1054562.377713
1073460.872837
1078496.924189
1080400.659578
1085684.477598
1084376.280134
1085144.831740
1088309.948729
1095198.139842
1097218.203547
1093378.676460
1090085.969160
1089457.669777
1090115.414149
1085360.653527
1085159.255750
1094274.653870
1096155.322329
1102071.930664
1109239.267232
1107336.754284
1105127.265841
1100139.351780
1097421.258965
1093353.334799
1090958.259701
1099384.959521
1098088.422053
1100627.063378
1113854.408342
1122623.977486
1132881.884078
1141048.720069
1145689.309799
1150495.670102
1147395.469811
1155625.756142
1158231.509172
1160696.567025
1171056.926954
1171841.371278
1172219.890270
1166026.601870
1163954.996829
1166726.044170
1172905.159185
1174809.158750
1169456.879766
1171349.012169
1176144.173199
1173101.943055
1169002.007056
1154929.703214
1137314.954275
1150528.178664
1155979.941345
1151526.928029
1146751.882646
1138102.130167
1146608.183252
1154762.938275
1154691.457083
1156752.269068
1164473.775087
1168926.106152
1169604.454468
1164021.432183
1159106.722373
1157578.562849
1151436.449174
1156817.655974
1162938.712076
1167684.503741
1161586.813525
1163130.459894
1170020.901275
1170472.846119
1167583.028562
1163866.904315
1155259.003881
1151194.207456
1150046.842542
1146431.639264
1146126.338816
1148445.906654
1176705.279754
1183322.680672
1184821.534463
1192647.270451
1196418.099020
1205984.591483
1205007.544967
1208328.224046
1206625.903110
1202783.860192
1207493.991923
1224786.753975
1232079.200720
1258559.898391
1254198.918710
1250767.307087
1257893.446642
1256432.249103
1264519.101430
1266607.761378
1264531.849514
1264423.073224
1266437.349703
1278336.648982
1279156.383481
1279305.299648
1272084.684636
1288842.980001
1290374.377358
1293280.570522
1297819.935860
1302154.496334
1303652.997309
1301610.225599
1301097.721676
1288043.298439
1277001.117250
1264385.295908
1263206.093102
1270425.643268
1267618.886516
1268309.847097
1274954.944320
1288654.457749
1283682.971933
1285986.694321
1281264.962810
1280779.381233
1290787.290488
1296502.664504
1299992.187487
1300975.216641
1300470.811981
1295079.908104
1302061.463620
1301250.544259
1303117.705781
1314887.287147
1321649.508036
1328946.708153
1335728.206370
1343715.977806
1354543.777486
1358807.790292
1367773.581321
1368583.516830
1373729.955574
1373613.592898
1383472.146539
1398260.905597
1419001.086507
1415112.893173
1407293.953125
1410690.903370
1401281.007415
1408022.264028
1399175.424349
1387023.583131
1369979.992392
1343997.866273
1333632.132126
1322337.333209
1326958.902123
1347010.756336
1357396.012567
1367051.868479
1369866.271125
1361525.989012
1353149.456080
1347737.380245
1332290.202530
1347066.422512
1353708.394603
1361478.611348
1348747.051837
1347832.775514
1347046.241886
1342577.091898
1334551.987633
1341889.767613
1339701.754964
1324153.649660
1301713.406264
1312528.540389
1309212.618858
1296526.601127
1296210.972637
1301637.656091
1311293.186229
1332509.741037
1334465.146064
1339894.405327
1334621.293042
1321615.274228
1326521.842979
1329293.096145
1335684.325913
1335201.495896
1336377.527314
1342043.468743
1335656.184273
1344579.633107
1357939.982115
1357572.848676
1355067.779105
1355179.577312
1381665.477955
1389273.903415
1396255.875557
1399436.904954
1407696.373816
1400704.639525
1395291.763604
1390121.831733
1397196.575779
1400804.775037
1402448.227190
1398647.541868
1399202.165942
1402255.909707
1397271.961696
1396329.702945
1408090.182248
1409523.611791
1424412.824692
1424777.847011
1426894.789982
1431095.484514
1428831.756849
1431224.132382
1445652.864245
1446781.440042
1449391.282326
1449782.999586
1430620.711079
1440069.433075
1431812.724806
1433025.776227
1411281.881488
1408280.834973
1392689.984074
1390641.659714
1406670.194878
1395530.354962
1394574.829153
1394745.975938
1406273.688462
1427658.690318
1432311.778668
1428909.899883
1450770.722399
1454824.329708
1446032.504977
1447602.651422
1443727.385125
1446986.871848
1466331.327043
1473959.537896
1478158.660360
1484074.227610
1484121.704355
1485869.599153
1488287.153733
1499195.073383
1491999.630879
1481744.920017
1487942.665167
1494188.412953
1509775.416599
1517062.257253
1527752.137832
1515183.288192
1503482.590578
1511194.511923
1495808.037189
1494102.227675
1503178.758414
1509772.523841
1518908.450914
1522813.019963
1545564.326198
1548587.573909
1540132.230816
1534208.116837
1535703.251705
1510729.246192
1502087.653837
1507783.318060
1498196.695857
1492197.430873
1496703.622049
1508060.840545
1492973.839759
1500061.915853
1504165.342404
1522647.112341
1529247.195586
1537012.593297
1544063.941280
1548350.186543
1481598.865439
1481005.919501
1466499.488237
1424442.264499
1449370.759860
1444996.013007
1464836.774372
1463108.319976
1450225.469620
1459541.832833
1425616.439315
1410407.654707
1421444.269467
1399579.015065
1402642.257304
1401069.725223
1428568.579743
1433228.101494
1447920.724016
1443067.538879
1439427.262999
1453694.654055
1437325.055865
1417658.636195
1431593.333962
1419634.909213
1432109.604418
1420079.760491
1411083.202457
1397637.622812
1393688.383227
1403313.307684
1406858.758381
1430817.315335
1431783.534013
1441261.449219
1465454.782728
1451903.722787
1422846.325696
1416155.396451
1408537.618294
1415561.857286
1428084.016281
1435959.030926
1424722.216983
1413553.077821
1411999.753342
1399380.599068
1382434.032534
1357657.134973
1347477.197115
1359328.651285
1376699.207986
1376505.227150
1361824.559034
1387841.975106
1394682.711826
1397376.387291
1407652.998036
1410895.333958
1413656.074147
1403792.599956
1431767.004759
1432617.591947
1428830.033474
1449553.660520
1439474.066239
1435215.754878
1445933.216689
1452744.055376
1432130.111990
1430901.821764
1443900.285550
1465378.304697
1464537.037077
1481172.771900
1483821.035787
1486664.940481
1482382.236064
1473173.837050
1480576.186911
1474574.745989
1483849.502900
1508766.840035
1493233.408384
1494215.727792
1494445.943897
1514676.372700
1516678.805151
1513289.592764
1501461.652736
1491295.496752
1511325.418753
1516695.512529
1527741.991914
1530919.401271
1538336.194608
1554723.087453
1559382.505365
1565256.537298
1557856.554852
1539341.341875
1549728.891631
1554508.034196
1568285.011583
1607596.575873
1614974.659181
1614622.729886
1616147.452424
1628348.671669
1625584.015143
1629390.948590
1624100.212855
1623378.905776
1618986.513350
1641123.274740
1640965.778654
1650835.553047
1654957.338832
1643547.993536
1643509.771309
1604777.079050
1591048.220471
1574254.996169
1587538.428923
1566891.185376
1572971.404603
1588145.173987
1600353.356383
1591397.840133
1601319.257602
1603957.803310
1603164.785878
1588054.171507
1598028.526037
1606520.824957
1599369.326764
1604436.443286
1593065.451580
1597857.475822
1598551.678889
1596857.434068
1627431.218496
1642563.688371
1635782.067500
1638042.873339
1632927.384096
1629988.195202
1644565.498239
1651088.835434
1673551.638740
1661874.903534
1665111.729071
1656013.646407
1657909.149614
1666337.979473
1661813.576782
1683127.350126
1688738.572183
1685497.977678
1681498.261847
1661315.884010
1663076.550442
1663288.431929
1671673.706010
1676223.868178
1683683.086890
1688609.072510
1688506.939220
1676478.692097
1674746.086455
1678224.068076
1681514.311856
1679830.780384
1681018.556837
1681119.354908
1685617.089567
1678388.233294
1665884.204083
1654663.754549
1639222.866788
1605369.237945
1603216.324568
1600377.530756
1629646.031260
1622842.347315
1638794.970444
1634486.750817
1642478.763856
1658350.964657
1655915.453315
1660370.353676
1655325.763096
1655148.742019
1650990.971773
1648241.635024
1651788.233168
1662743.477396
1655096.736341
1668781.705021
1678628.457365
1683708.394340
1681077.128577
1677773.181482
1682557.380373
1673413.439404
1666955.109445
1676593.312700
1667682.505017
1693375.628691
1691968.648084
1697407.211958
1695180.151200
1700848.741753
1697416.316145
1697526.445301
1683996.951841
1684620.483714
1701085.203782
1706186.342508
1716744.615541
1710909.923960
1725863.156299
1715814.485150
1707290.549797
1711219.527568
1720412.352337
1734504.722415
1739709.560851
1749060.787753
1755451.208508
1764020.773887
1777927.597233
1779311.446265
1780529.954739
1783606.221199
1772850.268887
1760304.741183
1760666.391888
1758237.599003
1759874.744438
1769573.901292
1775531.986464
1770619.870151
1769415.868497
1761938.456369
1781831.962073
1778515.202898
1792303.304716
1770384.132911
1762824.187217
1754474.954632
1759130.373240
1757346.247152
1766612.994277
1761754.306829
1759924.527205
1764936.685867
1769601.058234
1788218.425872
1793363.149646
1804156.534283
1804930.694374
1815207.801174
1818359.820884
1813776.084315
1811904.955632
1822487.097541
1817092.225074
1809279.359649
1823146.985430
1816286.911262
1805052.569254
1807080.985582
1804189.584879
1822526.636441
1826697.546671
1844658.202412
1836022.265379
1831374.389304
1834960.626238
1841706.722805
1824744.452603
1824186.474182
1815621.304287
1768822.444833
1802444.141892
1807594.562666
1820105.567103
1819680.649183
1826091.862684
1841057.114016
1853729.498557
1851237.567187
1853793.521491
1849064.740994
1869910.776627
1866530.791856
1809557.459756
1789463.879105
1795816.258481
1767558.712853
1725744.767982
1750289.232717
1747328.694826
1772702.720505
1775216.365802
1734642.546958
1643732.058833
1656304.706064
1549857.879064
1599444.699771
1505011.584903
1536684.455655
1495981.361291
1484067.669393
1530980.075234
1458804.429953
1540541.181912
1579960.278563
1608790.942377
1584957.810030
1586049.726092
1615748.407053
1559015.099757
1547622.175157
1636048.388891
1630965.677945
1643304.258603
1660147.691053
1677161.301405
1700040.228259
1703815.948722
1661324.054770
1705809.157570
1717111.646844
1708010.897275
1731173.213155
1726387.913032
1751812.441491
1761071.498103
1721519.830999
1730576.698545
1757040.653906
1740884.276905
1746570.498573
1718511.028056
1726990.061128
1737833.263000
1730735.302078
1746857.641108
1735102.477322
1721043.813211
1716343.506507
1733445.206423
1741326.362142
1742922.104249
1779666.455578
1787214.323358
1800433.759863
1801297.190649
1823404.171910
1828462.998596
1824530.192951
1839967.053863
1787149.812750
1794133.668180
1783460.606923
1803315.942333
1809887.397947
1819271.087266
1845481.726422
1863007.221748
1844782.698940
1848652.747429
1850582.176173
1873540.011481
1905725.330344
1990878.459978
1994348.089443
1992020.794165
2000414.879713
1996018.973878
2003790.888664
1988603.744597
1986779.607755
1978252.696151
1992018.725454
2023362.860762
2027164.083200
2015016.245005
2004501.769391
1989000.249460
1993596.641894
2005713.712206
2008706.543770
1993317.066259
1999629.187739
2002018.326956
2029538.434728
