1000000.000000
999953.242105
996654.102872
992022.900088
983944.486186
977640.446869
978526.498635
978799.277462
987422.264217
994454.312095
993950.060042
993483.110499
994550.750438
998190.008804
997992.211678
1001620.265476
1002590.176162
1006720.285960
1009818.293841
1023129.366895
1027538.718227
1037763.594637
1042027.490474
1050845.753589
1040467.765164
1039813.319136
1044763.168385
1050040.267213
1052428.207350
1054562.377713
1073460.872837
1076295.803662
1076809.230896
1084124.962327
1079455.009902
1079195.103163
1082969.894064
1083721.548502
1078783.855812
1082057.581955
1081718.234690
1080139.470834
1079609.514557
1073426.954018
1074956.860080
1081060.769210
1080684.999896
1082749.230269
1086118.049960
1084206.816824
1079406.518207
1073027.565462
1067007.797783
1063651.706056
1068402.252401
1070145.623277
1070356.279224
1068849.076961
1079047.679718
1083785.470946
1092115.426981
1095325.880403
1095649.212859
1103894.411564
1101630.394801
1106539.983813
1110006.635859
1110302.208763
1113288.073281
1116328.494157
1118403.819072
1115759.425574
1115124.826338
1122119.453400
1126692.006915
1125538.393575
1122059.963180
1128665.577628
1132438.983586
1129728.153597
1126932.628373
1115453.142634
1097832.930552
1100486.027533
1106511.417183
1106965.375096
1097636.558479
1089739.941743
1094171.319469
1100969.847000
1102203.483495
1103338.201120
1107482.714794
1109968.563349
1109622.844984
1105263.918534
1102967.301792
1104421.698715
1097287.243069
1099441.449994
1103389.409713
1107066.998310
1104649.292482
1101657.600096
1106840.647350
1106797.757594
1106758.322848
1106509.843868
1100430.021740
1103320.248881
1103050.097252
1096394.264855
1097593.541850
1097044.292935
1117373.275883
1120424.737040
1120732.527008
1125583.680970
1128027.080086
1136308.813375
1134587.427659
1134866.941817
1134661.760533
1130498.491218
1138165.414386
1170314.064434
1173803.555159
1182481.251110
1183272.251984
1180668.912887
1193670.529267
1195653.107556
1201402.125329
1208134.041096
1207668.211124
1205463.701848
1207547.381136
1216041.970508
1217040.864533
1213880.023294
1202744.185374
1212353.744659
1211058.956710
1209711.457029
1210851.131847
1213980.110424
1216930.361751
1213031.018941
1218459.999467
1208136.920622
1195645.955289
1186332.803485
1192312.497610
1195675.270174
1191742.910380
1191999.756455
1197891.303508
1208872.188191
1210530.238555
1208020.841161
1203440.389184
1204369.360120
1211425.978294
1213658.829152
1216947.782873
1221830.235891
1226431.548532
1222559.351459
1225329.986595
1229486.288154
1224949.216202
1233541.984690
1245711.902806
1249557.660623
1252981.699557
1256332.360125
1264244.518438
1269816.346500
1274175.076789
1273415.580309
1280753.315900
1276542.623030
1287536.494273
1294498.414958
1314118.880433
1317832.844818
1306538.818126
1310656.445264
1301702.539109
1296291.531410
1285676.407019
1281928.757587
1269609.971609
1235223.856709
1234019.014731
1213658.734182
1217553.908044
1217263.991383
1226271.915434
1230461.240362
1234177.715366
1227964.369306
1222173.450951
1217396.341029
1200698.732146
1213480.453758
1214770.690645
1220152.724219
1210122.215624
1209932.834766
1204788.949708
1203210.279236
1194759.733445
1202266.430061
1202289.432222
1191349.000131
1178824.104721
1185899.985022
1197982.942373
1187584.385250
1187185.989926
1189117.849760
1209133.022936
1224491.707596
1227433.223560
1229714.889442
1224356.416448
1214058.190299
1215775.300534
1223513.122147
1230917.356317
1234374.599178
1235977.920742
1241979.588291
1235089.547457
1238907.634617
1252158.809132
1250834.191340
1250087.877072
1253934.473611
1271617.098573
1282646.713256
1285020.739693
1290171.769472
1297189.389208
1296355.870283
1292367.615327
1295014.509033
1309217.703562
1315358.791276
1321318.937575
1310499.680482
1312160.786126
1308342.729347
1302876.425439
1305712.737462
1318861.391553
1315145.548211
1319360.741918
1316290.011061
1319903.859588
1326864.092997
1326960.598193
1328708.209936
1339839.698241
1340186.334505
1342003.131361
1337020.929743
1319689.953891
1322397.683544
1314791.172929
1327346.966549
1313374.812153
1316042.497038
1316735.811390
1318248.633798
1328900.042099
1319939.144715
1323090.124928
1319062.573289
1323745.156085
1341027.496657
1349279.072154
1341476.990947
1351612.293372
1352079.138565
1340972.842933
1337330.277810
1333420.357097
1337328.710386
1348967.369616
1358369.426929
1363597.722075
1365911.909804
1368614.720502
1371285.872712
1377881.567882
1388777.105322
1379515.353713
1370064.733025
1378438.565157
1385753.966259
1401286.846965
1410480.962351
1414831.416469
1400523.235225
1391685.275485
1396354.426704
1386377.944645
1394898.828116
1403009.176795
1404706.700285
1407732.896901
1409502.161584
1423752.675269
1423160.146315
1421694.490073
1412453.941098
1409104.899697
1392568.296063
1384355.701670
1385499.866336
1374894.131546
1373605.982978
1383260.375239
1394026.148653
1385172.607768
1387438.276295
1393819.786011
1402403.617038
1418061.924104
1417444.837828
1424554.070956
1426548.598942
1382797.254513
1388178.536669
1387791.522946
1343983.348765
1355332.674933
1357086.193185
1370523.249874
1369785.668486
1358876.336132
1363222.755174
1333288.302294
1326205.707339
1324819.041065
1308805.560971
1323896.855042
1326727.587384
1352843.162191
1345335.089981
1350648.865090
1356328.886628
1350686.052321
1358088.112386
1347491.965532
1338673.326158
1338693.925447
1329825.637282
1339409.817630
1337049.220689
1335976.354978
1323354.767166
1321052.842181
1319571.818540
1322460.594953
1335959.953464
1339141.777495
1343762.955495
1361830.505738
1359350.467098
1324101.713823
1332028.671230
1324663.586341
1334433.549031
1345954.917439
1354270.163065
1351673.101426
1343713.219173
1333689.859016
1331910.502381
1319021.348799
1303936.077050
1302193.536578
1298522.714908
1314509.392780
1317320.659066
1313318.837461
1328025.172730
1332298.331782
1336178.792521
1343725.352596
1347177.436648
1344870.953929
1336967.475326
1357400.501559
1353371.061641
1346077.936965
1358596.298790
1349037.171874
1338052.193647
1343472.631664
1340395.579352
1327896.789685
1333536.277644
1343707.335175
1368670.503105
1370404.694155
1386045.207679
1383887.926519
1381016.698966
1375296.271966
1368168.582286
1375509.291311
1371430.513018
1376559.418438
1393115.900641
1380409.843164
1377137.937100
1376951.182422
1389763.776741
1392341.884785
1393159.579275
1388827.767736
1375569.611995
1386856.395779
1390374.417364
1398499.769219
1400429.873739
1406908.444328
1419014.161914
1423815.720270
1427704.041029
1422054.634573
1406875.089293
1414322.578175
1417418.463264
1431842.770422
1456152.510639
1463161.913196
1457464.102172
1457747.171926
1470389.184313
1468121.154509
1468380.129661
1463456.544900
1462888.171699
1459040.319074
1471050.248069
1465294.221348
1477834.211073
1477413.782961
1465921.518944
1466467.321889
1429283.902969
1423036.223377
1417882.336354
1427379.632963
1423927.506586
1429912.555184
1438897.673732
1451734.911771
1452712.644099
1471050.766455
1466652.227609
1467220.636785
1453062.621428
1464899.857222
1473124.377427
1464772.907948
1472200.009108
1466954.521791
1476233.455016
1467345.098332
1463339.115351
1486162.515655
1496715.726563
1488804.949815
1489231.054398
1484457.552323
1480013.448467
1487455.377032
1489525.258724
1506421.493779
1503188.118022
1505751.311704
1504030.242072
1504542.228873
1505699.620327
1501954.536147
1515371.895520
1520992.925569
1515441.422465
1513186.576475
1495288.591838
1494762.548055
1490951.190319
1497363.589496
1497477.971508
1506035.090289
1512254.156910
1512714.772281
1496777.286145
1493045.091598
1488495.889766
1488244.084150
1486267.828303
1490553.882671
1492192.034973
1501888.337000
1496766.178842
1493143.970769
1469307.449347
1452421.680708
1432685.229774
1425609.138687
1423723.109885
1442120.159033
1440860.390843
1440307.744382
1441553.143597
1436253.500097
1445370.229818
1445073.656901
1448333.264701
1440161.850441
1441205.429804
1443098.938602
1445602.563954
1444149.288351
1452348.887219
1448248.333520
1457564.478846
1457495.573693
1457803.882453
1459025.290231
1456319.156152
1455656.266900
1464218.959753
1456874.497322
1462703.841644
1454438.543475
1485865.540374
1490743.553443
1489097.826742
1473349.757482
1476405.931938
1478508.117224
1474770.002782
1448337.605473
1443426.543721
1450825.854534
1449852.950202
1450512.943362
1444919.082106
1459521.689664
1455967.945233
1443850.772415
1454457.610327
1451146.543425
1467035.823198
1473493.421768
1485106.756798
1489688.259497
1495135.150784
1507085.268923
1510075.240085
1512396.455441
1511216.848047
1501457.074757
1491959.168434
1486486.031926
1483345.171902
1486676.752314
1489684.225531
1492445.880334
1486093.095420
1492365.791928
1484217.559874
1498171.968749
1492474.240444
1502274.747247
1484334.371950
1479319.582904
1470096.087693
1478120.467024
1475254.007937
1477102.704939
1471823.162806
1470226.886552
1469906.704225
1471056.449172
1482115.328568
1489814.318976
1502721.043428
1498996.061592
1507281.574365
1508949.072561
1507347.063648
1506991.206838
1514627.037834
1508479.335828
1502055.961351
1511531.907641
1516053.197774
1515698.022699
1508821.366025
1510701.269426
1516242.895656
1520489.175360
1532150.512273
1527054.479787
1523892.353373
1522798.841274
1523424.335764
1508285.846630
1505153.452757
1504297.176083
1447023.734730
1469099.053739
1476753.198518
1481198.042305
1480124.993965
1478247.800608
1487182.340131
1497858.921836
1493270.183142
1484843.096509
1487030.767964
1498396.901732
1499028.458215
1460103.855599
1448797.393806
1449837.075832
1432933.505204
1382027.273724
1397900.375297
1404586.657032
1417242.472627
1420455.855863
1380243.674452
1292275.834534
1288678.148165
1191436.672348
1216914.545206
1155014.203155
1163511.613946
1122898.688793
1118896.284619
1161426.649225
1109958.599792
1189259.074678
1228235.257319
1245765.065198
1217934.351295
1215840.789231
1255553.886399
1220998.112874
1216052.758955
1278617.236765
1265260.459693
1274943.694515
1257174.320759
1257383.394961
1279053.911001
1279742.833592
1250571.979486
1280070.083136
1296332.519435
1273235.103818
1285038.617382
1287286.740969
1305098.459516
1295734.447125
1252390.138365
1255653.222550
1263927.039991
1261314.645290
1262881.318096
1232717.057441
1237173.429343
1251491.237372
1242820.676143
1253542.763789
1245274.190943
1240541.025034
1237282.981057
1255742.916871
1259208.129435
1253807.965296
1281224.350257
1292430.442386
1308607.906220
1307726.269330
1331596.279723
1340754.834895
1328996.540602
1331931.558649
1293757.338483
1295797.456068
1281918.014260
1297948.187167
1298865.114893
1307461.840804
1320026.913336
1339313.989064
1315038.945898
1321208.413373
1311072.151179
1327218.190458
1343011.671370
1381676.022596
1383496.912669
1378659.342248
1379831.256017
1374902.641935
1388634.800668
1378927.823403
1388507.844815
1391088.572223
1396292.157423
1406199.563421
1416799.225978
1403063.566642
1401171.936818
1387926.221593
1386629.723757
1397718.907213
1395746.717820
1374703.417775
1372716.093044
1380091.573478
1395744.990649
