1000000.000000
999953.242105
996654.102872
992022.900088
983944.486186
977640.446869
978526.498635
978799.277462
987422.264217
994454.312095
993950.060042
993483.110499
994550.750438
998190.008804
997992.211678
1001620.265476
1002590.176162
1006720.285960
1009818.293841
1023129.366895
1027538.718227
1037763.594637
1042027.490474
1050845.753589
1040467.765164
1039813.319136
1044763.168385
1050040.267213
1052428.207350
1054562.377713
1073460.872837
1077877.030474
1079364.958903
1083908.772613
1080689.672981
1081683.137524
1086819.137090
1089033.507075
1092858.386522
1091569.791851
1089566.252346
1089283.563218
1087002.366800
1081121.317012
1083009.283797
1091733.295570
1092553.659844
1096705.528107
1099553.749279
1099670.152676
1094663.936810
1092474.290402
1086577.089603
1081073.675025
1079414.912406
1083907.945584
1081601.710095
1084411.128648
1093333.388310
1101905.288730
1110832.262624
1119262.305832
1125492.184385
1132399.771539
1130157.239680
1136319.693916
1141726.654289
1139376.816677
1145647.374700
1143952.253610
1145532.527545
1138596.039376
1135553.492353
1133823.007230
1143519.677175
1145732.127839
1145004.875261
1146156.562002
1151107.825426
1150891.100382
1146769.596464
1131635.955878
1117297.202480
1128127.193582
1130789.026410
1126429.405411
1124285.114958
1118838.058645
1127914.027264
1135564.823117
1134187.055068
1140533.514262
1144049.830689
1147695.646013
1147706.658644
1145540.903157
1142434.856319
1143364.039921
1138286.507647
1143355.772436
1144928.602616
1148958.697546
1142868.173940
1142907.949435
1149299.228135
1149214.793939
1147435.523162
1144171.596124
1139068.022437
1137998.628417
1139932.710891
1138002.665815
1137356.699466
1140930.016330
1163197.280954
1170178.512656
1173972.792470
1181451.468259
1183144.810174
1189280.443421
1190094.315735
1197058.899039
1192973.790533
1186102.869279
1189917.344080
1189345.487030
1197795.560245
1216142.084839
1216038.082942
1219939.825585
1222015.386402
1223769.504705
1229267.880881
1230120.624529
1233993.772225
1233563.932454
1234498.889182
1240656.353657
1244545.119495
1241342.103083
1231848.224720
1240726.001048
1246380.275983
1248586.321381
1258810.913415
1262692.929247
1263259.933492
1258562.681100
1259414.277854
1243203.788559
1232895.833369
1224763.887991
1224603.380342
1232500.703990
1230867.918207
1229036.478114
1236431.083038
1249344.566011
1245877.196116
1245787.280845
1238378.687894
1241509.307346
1248072.565250
1252708.917473
1253544.272462
1259030.408711
1256667.733271
1249139.284474
1252270.021977
1252032.089924
1258646.142870
1267297.789836
1273871.421229
1279468.724092
1285608.620224
1291588.587504
1301421.937897
1305387.930084
1311262.438842
1315518.788351
1321317.179182
1321475.640962
1332278.093027
1339143.316435
1354734.581736
1349577.973395
1343731.990770
1344995.257099
1331100.492309
1335451.288553
1329935.590947
1317932.976745
1301770.567610
1279703.103267
1255800.423366
1237379.606728
1245063.803237
1261311.979801
1274252.303765
1285115.600280
1291582.146680
1283005.057072
1270412.099501
1263948.720600
1257784.411857
1268796.532663
1274353.514708
1282249.332899
1267941.703828
1263678.969542
1262223.643128
1259382.833299
1251402.958776
1256708.360462
1254980.547476
1242931.278824
1221011.048440
1225361.899652
1220932.881390
1208616.926566
1210473.335096
1218432.009874
1228436.213016
1250627.222179
1252807.891449
1254013.586391
1250829.460563
1238155.349029
1240720.653013
1248024.306648
1251709.640323
1248305.460808
1249053.881436
1257924.628082
1250896.870396
1254833.612790
1262247.173576
1259294.589075
1256933.364513
1262526.588758
1282466.056980
1295887.364594
1301495.285329
1301603.843199
1305225.837036
1300649.574356
1293723.025927
1292482.276205
1299809.253883
1306267.923396
1302046.592096
1291058.919366
1288974.952923
1287933.483006
1284087.770481
1283330.935536
1292242.346587
1297526.609075
1310127.286634
1307274.795601
1308089.747446
1311568.190898
1306639.511541
1311507.512170
1317444.134998
1315105.452169
1321137.263461
1317983.032279
1300379.738657
1306670.773363
1298297.435850
1301750.314788
1280238.770134
1280509.145320
1275405.166014
1279352.604568
1287806.147805
1272218.424321
1273259.773911
1270799.961750
1281183.093762
1301750.016851
1306611.683404
1295355.807163
1311604.816243
1314634.841599
1301768.751092
1305478.888763
1304646.519381
1310689.188362
1326973.921154
1329853.428307
1335617.651770
1339851.736576
1335548.216445
1335628.218742
1337169.064934
1348159.864306
1337520.606867
1333854.495016
1339023.193568
1343372.119442
1365437.092162
1368464.641174
1372385.967914
1363177.118491
1356536.771249
1360744.841684
1346719.750025
1339751.082844
1350945.804499
1358122.903969
1368669.157877
1375441.552467
1386715.994011
1384641.219526
1379221.259919
1371980.300965
1378429.275291
1357030.311773
1348232.725094
1349517.808764
1347274.530320
1343150.483361
1349195.638108
1361848.841892
1352183.103583
1357227.658028
1364339.615754
1382315.614998
1390221.540424
1397381.013236
1402921.898980
1404084.621772
1345073.051459
1351231.871330
1336862.705261
1298573.564344
1317297.502849
1315472.181846
1330742.147163
1333425.602045
1323399.689394
1334249.131561
1314559.433669
1303979.825359
1318223.139717
1305341.171003
1301239.661128
1305684.840901
1327004.676922
1322972.610855
1330721.371150
1327030.139522
1324993.521594
1334153.352869
1317475.095681
1299375.554839
1303599.719702
1291447.257055
1305428.096748
1293925.801915
1286058.450085
1273553.930078
1269804.825779
1268698.065124
1270364.525977
1288540.563520
1288400.613800
1296326.498047
1317318.956210
1308878.183629
1279145.231421
1277862.366851
1273100.883480
1276058.481025
1284008.131490
1289371.353980
1278150.819360
1268361.271011
1259742.113098
1250118.523915
1233350.575125
1216416.047572
1206640.023250
1209839.546662
1226097.434894
1222763.754248
1212030.152538
1236204.478057
1240976.187418
1241023.959948
1249304.657398
1253527.288208
1255449.994596
1244778.382155
1265127.547168
1262360.246633
1262304.989163
1277075.608933
1265890.995498
1257592.225983
1265935.966056
1271089.004057
1252277.950070
1257514.826479
1271869.140209
1293319.019129
1298714.693271
1314463.822032
1318968.777035
1323344.854940
1319267.191326
1317139.481615
1322796.935392
1315345.163108
1323936.969369
1354549.070573
1339512.774713
1341074.347074
1339219.622648
1353027.740915
1355614.474819
1357671.800681
1348533.305885
1335461.579668
1349855.372695
1355562.480502
1364519.762597
1368228.914431
1373666.204523
1387323.015301
1392096.243733
1396995.425282
1386463.241488
1367320.689473
1374381.337610
1376575.178641
1383514.094530
1417439.673218
1422697.390107
1426019.161121
1424386.804876
1438138.696623
1434101.186575
1436949.443762
1429257.826693
1428253.926435
1426259.550486
1448240.305144
1448313.813315
1457514.246665
1452042.233012
1439247.221821
1430695.152259
1403355.650402
1393908.886723
1378488.459942
1388854.469682
1371651.456331
1376953.734522
1390795.152417
1398640.024479
1388528.393293
1389212.814709
1391725.140134
1386479.627653
1371988.373463
1377110.821645
1380951.731295
1374340.731830
1377241.771715
1368203.552330
1369662.592282
1375667.343936
1381936.569584
1407018.570706
1421563.801605
1411690.914020
1414027.814047
1410109.255194
1409881.048282
1422606.411087
1426738.582936
1445835.116970
1440692.466320
1441302.107925
1432527.103205
1436040.478312
1438067.180664
1436117.253383
1455836.448869
1457609.586042
1458613.380379
1454012.338680
1439350.293976
1438089.543637
1441848.192277
1444769.493796
1449755.186429
1455151.555232
1457228.023633
1452553.970600
1446599.343582
1447778.750036
1450151.588867
1455424.721886
1455191.580301
1449031.473019
1455221.554700
1465670.414480
1465600.978413
1454555.536253
1441193.835960
1424344.552219
1393562.458904
1388501.392300
1389019.651883
1411356.644252
1407678.764465
1420340.460279
1409565.375313
1413316.996260
1433861.519258
1427908.925359
1433779.332690
1428101.794531
1422772.240466
1415707.291269
1417620.730686
1424306.456828
1430845.939553
1429561.026900
1438968.243046
1448778.679779
1451607.475057
1451532.965462
1459182.190435
1463246.082501
1459329.125781
1454629.568363
1458485.450742
1453925.539630
1460459.749281
1457889.226903
1455074.674865
1459993.416860
1468373.814684
1467687.946392
1468385.397802
1459302.233369
1459681.418457
1468681.146795
1476946.625962
1480824.572259
1477988.059240
1487831.248235
1474163.222647
1475808.996634
1478794.149380
1498430.979646
1506091.516680
1505721.726320
1509099.626912
1499635.549202
1509776.535328
1523663.026339
1526469.453821
1530160.411884
1532710.807797
1526097.494581
1515382.514804
1517350.079175
1514976.760779
1512341.499429
1517161.148097
1519465.014612
1512677.746400
1512211.707272
1505685.242985
1520145.096765
1515120.095208
1519038.047925
1504849.049265
1499636.327690
1492068.219787
1494508.715936
1495037.948637
1507980.606179
1504966.354958
1505219.402896
1509380.525696
1512461.235776
1524055.628421
1536230.854199
1545543.231331
1548784.066945
1559498.317098
1559135.032302
1557732.680069
1557728.320177
1562999.360228
1557789.255188
1552807.078267
1565991.125777
1572000.980296
1572895.939409
1574603.572780
1574892.909137
1580661.858614
1582795.112392
1600904.567834
1596752.166846
1590610.666712
1590804.042374
1597064.556355
1585420.599326
1581209.084191
1569446.719977
1524923.525947
1558716.904118
1558550.523691
1567836.150222
1564293.081950
1567463.816195
1577881.396450
1586517.602952
1576906.698579
1581634.810633
1587371.790716
1605294.235172
1603864.868252
1546995.347630
1524104.254511
1526088.086963
1495193.098859
1460351.500482
1495166.432305
1496714.854272
1518878.833937
1515491.747562
1478007.222852
1379699.849071
1386617.689590
1291495.229163
1317708.836046
1237784.291247
1260494.576293
1211910.078880
1219100.211469
1242885.333653
1206370.101056
1296149.707669
1332894.411962
1349056.660724
1316723.914186
1323189.955450
1352629.071215
1318113.113867
1320226.329964
1384395.806742
1377451.229748
1389994.856256
1391827.218126
1395663.849550
1420461.910241
1420620.139285
1383609.702897
1420905.398920
1433090.519938
1423189.911681
1444514.291474
1445315.905598
1475100.346201
1464809.690777
1441549.817713
1449978.511574
1473054.196425
1463888.601934
1456186.025568
1433046.583218
1442650.433019
1467586.596114
1460268.556406
1475621.457819
1465536.018094
1453903.799356
1453351.560521
1467868.130327
1474537.997905
1468663.646327
1494582.587277
1508105.500787
1523262.625624
1520189.213621
1541245.582523
1550629.963649
1540387.811214
1550105.435628
1504237.426836
1508602.862911
1501829.434345
1523777.727424
1526133.981405
1531534.667587
1544771.610350
1554499.154322
1532520.898769
1538152.816335
1536253.162354
1555820.315271
1585620.824659
1659635.341673
1655523.382195
1653530.603589
1648349.442550
1643434.126647
1651320.170901
1647500.593499
1646208.176590
1635171.192479
1640169.461548
1664782.041443
1668052.510924
1660261.240668
1651066.354106
1633870.095889
1639263.579206
1641368.605548
1646381.736620
1626599.412640
1615903.073666
1626769.454941
1655652.550043
