1000000.000000
999953.242105
996654.102872
992022.900088
983944.486186
977640.446869
978526.498635
978799.277462
987422.264217
994454.312095
993950.060042
993483.110499
994550.750438
998190.008804
997992.211678
1001620.265476
1002590.176162
1006720.285960
1009818.293841
1023129.366895
1027538.718227
1037763.594637
1042027.490474
1050845.753589
1040467.765164
1039813.319136
1044763.168385
1050040.267213
1052428.207350
1054562.377713
1073460.872837
1078613.457528
1080960.613940
1093815.117418
1090697.174403
1087900.976105
1098574.343086
1098963.881539
1100947.756507
1100438.874311
1105026.335207
1103917.371683
1101761.849198
1093106.067166
1089725.526564
1093638.283793
1098901.202948
1106302.813249
1106029.057083
1106138.991520
1099874.133264
1093945.270996
1095313.067451
1093401.867012
1095588.471020
1097539.205255
1095337.615515
1092945.716285
1104858.791838
1114417.131548
1120427.234960
1125333.212895
1128986.490820
1135398.812216
1135535.118873
1138879.944280
1140146.726882
1138837.523284
1145866.630771
1146279.205353
1142844.433346
1135799.257458
1138871.607700
1144693.180644
1153029.681096
1150281.832487
1144347.416378
1148049.430540
1146898.031090
1147171.526410
1144036.653523
1134696.090910
1123202.133990
1130198.694192
1138418.777390
1143512.704135
1125071.626026
1108269.135696
1118531.761784
1127063.486345
1130064.873991
1138829.558626
1143369.493847
1143239.139985
1144419.569498
1133979.081585
1126895.007951
1126376.800454
1118666.319991
1121272.578613
1129327.252787
1131124.414962
1128303.653984
1128241.842313
1135952.453639
1136564.282280
1132628.014167
1132204.141293
1125821.022252
1125794.562146
1126599.172027
1121573.130335
1122706.670554
1123090.395073
1147397.380274
1153311.199540
1154750.335839
1159974.466176
1164122.201871
1173019.955712
1171400.358029
1170324.266665
1173210.390559
1173010.221796
1174983.136138
1184120.107687
1192812.273077
1207570.538952
1200550.546571
1201213.008284
1207683.940581
1205913.225730
1213522.296286
1217374.545759
1222392.879715
1223585.649160
1228179.961445
1246893.919922
1245499.270403
1242038.009090
1236456.099788
1261424.534270
1258056.082822
1253146.208667
1260173.523365
1258883.118874
1261643.412280
1256920.616746
1259093.273889
1249372.425861
1236565.950616
1223354.674517
1235259.897283
1238164.724420
1234324.334592
1236881.062839
1251160.738286
1265521.069911
1263835.327363
1266946.670888
1261473.333765
1263346.817849
1268673.188471
1274042.720072
1281748.258951
1285927.137171
1286345.120845
1274249.713346
1283654.270013
1283285.292840
1284304.546211
1287424.467925
1292011.538969
1295375.279701
1305777.042516
1314324.695375
1320784.142808
1329102.746556
1338209.880696
1354770.063013
1361904.123230
1360686.517641
1363182.038165
1369128.213730
1385201.513810
1379587.668850
1369698.101096
1369560.997716
1361571.043000
1358978.079334
1354002.067324
1344221.246180
1330212.797634
1299993.710598
1300605.078448
1278873.808319
1283984.787886
1297740.876486
1319751.730246
1325236.485080
1326049.933809
1321570.226679
1315984.656973
1314088.906343
1295490.210821
1311298.821785
1315868.386004
1326851.741799
1312878.779555
1310615.518177
1314657.064173
1312540.995402
1307416.423735
1312093.624324
1310380.831411
1293344.399955
1281158.923248
1284375.765463
1290300.525174
1276219.542095
1274613.890515
1280082.450377
1291747.009506
1309379.204496
1310251.499682
1317540.241649
1314724.410588
1297720.363814
1296764.440353
1299134.137620
1307263.000769
1315540.852886
1318991.745024
1321006.703677
1312245.822679
1315663.048812
1317406.349903
1324637.312525
1319129.286029
1320707.992451
1343374.597198
1348247.581130
1351981.233405
1356763.824326
1366058.272513
1364750.814008
1365419.201407
1360830.918002
1367426.882134
1370588.339914
1374372.133873
1366389.272127
1370921.869552
1374875.899037
1373250.260592
1372560.593130
1387999.909482
1384139.615484
1398443.868376
1394918.840587
1400933.475976
1407014.306823
1405169.091052
1409547.871395
1422553.516655
1422911.533351
1433273.233206
1437293.427168
1410363.741935
1417157.708842
1408869.670398
1414547.228937
1403765.759170
1405081.996157
1389205.339089
1388948.005618
1408546.369496
1398959.355085
1403081.005044
1391987.339932
1401659.786978
1421477.684989
1421188.402379
1418245.924727
1430258.066901
1435036.403359
1432796.492589
1429260.275341
1422608.003413
1424494.174939
1440863.957980
1450531.224155
1457334.744897
1459522.768587
1456032.075329
1455811.841023
1456002.173960
1468281.692447
1456932.523185
1449773.115117
1454205.874664
1453961.302602
1471907.737680
1470675.316368
1483228.067939
1475416.480711
1469776.998153
1471516.417176
1463679.246353
1465836.979884
1463014.029422
1470449.193373
1481184.817242
1479491.801575
1497613.529428
1495259.294455
1494313.060166
1492888.772097
1493476.419231
1470063.604864
1457756.087476
1464537.781914
1455826.576227
1451228.234734
1457030.906540
1465884.053569
1454228.802889
1464479.459280
1471349.297992
1482496.744359
1493498.335987
1494604.834494
1498914.457627
1499769.438425
1453410.632880
1453627.978726
1439432.008745
1399086.794987
1418761.795671
1421790.364456
1434885.768261
1439299.023174
1439595.696968
1450762.679744
1416675.401043
1412625.446254
1418169.412364
1398160.990768
1406233.067318
1406343.554981
1435622.329161
1429927.085294
1441489.277424
1437707.776747
1432931.608546
1445308.356041
1436549.712075
1426193.624159
1437128.673951
1425524.225982
1436881.922517
1431042.018521
1430678.727303
1412947.782037
1405758.419441
1409241.846360
1413631.174831
1438058.903097
1436097.959428
1445930.643035
1463368.837355
1463551.823172
1426813.316787
1432949.723790
1423789.679302
1431303.348509
1443569.846094
1459554.870913
1453614.615368
1439499.496887
1427526.405440
1423443.799563
1411613.060615
1391338.887850
1382710.421968
1389388.870098
1404533.967918
1403944.698332
1393769.772735
1409074.341300
1414034.714709
1415316.402045
1428883.147137
1433694.466968
1436013.178748
1429649.815909
1462157.493525
1463758.327635
1457720.154083
1468123.709757
1463871.830617
1453656.293250
1457818.411009
1460942.903844
1450255.417433
1455801.231424
1464554.931434
1487500.300355
1493406.496506
1517673.167393
1510796.361826
1512992.174265
1507121.831504
1497971.059568
1505468.517764
1496094.490454
1506512.838923
1541067.546187
1520792.947110
1519030.747198
1519229.727228
1539228.298622
1534811.655544
1529452.781737
1515777.259436
1501879.491172
1514493.701556
1515441.624417
1526458.353310
1532452.606818
1537465.073048
1546998.104382
1549348.865977
1560887.497407
1556795.535434
1539061.153930
1541016.091473
1549008.598510
1562166.587377
1602486.254814
1607866.912016
1605209.814203
1604490.741474
1623514.424022
1622720.321054
1629659.539376
1616949.610118
1618349.555392
1609423.940770
1629587.355823
1622178.952696
1638719.437891
1638314.528814
1625357.065114
1627880.633021
1589469.226139
1578165.280513
1568826.287480
1583845.542928
1571691.127229
1571759.727359
1586455.659766
1601576.635469
1592498.778683
1593115.397252
1589995.125098
1587339.238168
1571867.154559
1585222.571519
1599196.791802
1600299.438838
1603223.242674
1596309.552709
1608242.670308
1600118.785353
1604712.085342
1634451.238124
1649535.215530
1642739.885701
1644497.951035
1639081.017650
1639588.281046
1653866.057770
1664151.020650
1687386.867315
1676207.768641
1678894.039214
1673447.394814
1670610.804433
1675911.173874
1677470.746646
1697169.760562
1705613.931475
1699893.942994
1695089.438287
1674316.357670
1670364.639389
1671788.794856
1675958.463611
1680302.013362
1706006.054292
1711354.720200
1715900.245710
1705135.058068
1702799.834098
1697999.216860
1703786.346409
1705453.020733
1712626.089410
1714327.531730
1724461.207672
1724839.390777
1716667.565054
1695677.096475
1683821.924753
1661241.936864
1660547.505752
1662471.523105
1687820.098661
1686902.108277
1685360.775991
1685740.602595
1691253.569331
1702181.173823
1709077.352547
1714585.501650
1715787.684189
1718356.257946
1709281.658293
1711807.161928
1720341.069043
1735675.810694
1733517.751817
1745096.996599
1752034.387925
1757039.307898
1751475.889937
1742287.132570
1751189.960022
1748182.355700
1744529.631167
1755310.778501
1748605.769120
1772354.948383
1764281.942779
1779456.777413
1772867.528707
1773603.427713
1772320.784124
1774256.188021
1755460.053196
1754744.638206
1780847.744401
1775127.186274
1775401.046135
1768119.127618
1780762.171870
1770248.205459
1723125.909870
1736990.068325
1738410.978491
1749632.137401
1761834.055023
1774907.844023
1790668.654979
1799765.213104
1816380.253768
1810654.455043
1819766.105843
1822410.724023
1809929.199710
1800637.248864
1796985.111955
1797987.610129
1800427.481969
1807383.261540
1811539.510173
1802801.010577
1802460.154082
1781231.055426
1796924.438532
1793613.412217
1804403.622328
1782950.481863
1775278.258479
1768460.411083
1779944.557552
1782644.478651
1792590.136972
1785798.428337
1788833.376331
1793394.176233
1785940.015883
1803317.166310
1807636.837936
1825656.215409
1824641.072896
1829846.157294
1831630.091409
1832124.161574
1831436.851569
1840250.033008
1836984.112050
1830529.001750
1834969.063819
1831502.798218
1818098.377150
1815990.644021
1813130.595708
1829782.191675
1839431.403461
1876560.569681
1875518.365246
1872083.971660
1872119.731340
1879264.627589
1864816.859470
1866194.366353
1864437.615650
1833364.742958
1873323.066106
1864844.485245
1866440.410692
1869281.276856
1868454.279614
1877440.294519
1895371.238178
1896873.324162
1890043.645391
1889837.150701
1909280.097239
1905767.484871
1863298.208770
1850959.112126
1852133.000362
1829649.953770
1769650.431908
1805811.498375
1804118.676874
1830946.288121
1835692.980952
1795700.681564
1711791.002429
1715651.231735
1607006.714725
1634781.026575
1539833.181342
1552142.852731
1496315.275845
1492442.445836
1548317.975230
1465359.354394
1570168.212662
1606818.278668
1649598.159439
1625454.012708
1620722.638866
1655764.513866
1597262.366770
1580137.949835
1678904.974571
1670762.055541
1681268.218531
1704723.718517
1707969.885962
1726757.899790
1733424.550400
1690554.071265
1723765.015011
1744250.652934
1720952.578945
1745752.641450
1743123.638669
1765538.912889
1774400.222101
1722256.123263
1721096.259537
1746072.087165
1746189.751938
1749946.502660
1710299.044971
1710744.188824
1727895.856490
1722759.227313
1734549.476268
1723731.832250
1718698.295882
1714951.348743
1738744.456649
1745816.605514
1743818.034149
1776808.642510
1789018.234408
1798767.776747
1797783.771640
1813451.165416
1829588.916888
1823995.385120
1831318.051415
1786234.321595
1782371.435013
1766500.456669
1789724.431569
1794640.259663
1802841.703316
1813239.658787
1841704.395847
1817590.318868
1835277.130174
1836818.972948
1849777.196963
1885863.838947
1947450.479548
1964925.432888
1961127.507967
1963595.464876
1959299.499444
1977069.887904
1961001.564752
1993378.667996
2008454.965819
2016380.568644
2049529.080062
2047400.153570
2022622.438681
2003858.624337
1981630.807604
1994873.156792
2010601.815143
2008884.339690
1991984.157469
2000342.066015
2010162.442475
2017042.254215
