1000000.000000
999703.580703
996363.084727
991646.759585
983669.722604
977358.433744
978151.556128
978376.428596
986848.230492
993913.483178
993442.419887
993013.649765
994087.868452
997758.316933
997689.144965
1000662.183545
1001640.882000
1005852.266903
1008942.967369
1022212.284757
1026879.531054
1036986.130170
1041137.190445
1049716.056200
1039290.735001
1038749.457814
1043723.130167
1049017.128537
1051642.782693
1053944.043572
1073060.372213
1075875.507086
1084275.860126
1089277.017669
1086054.662806
1084957.073105
1092272.369744
1094979.758566
1100307.666882
1087994.474497
1084715.329304
1086718.336273
1087827.859952
1081282.281768
1080219.961487
1090256.724315
1091015.656013
1093573.756356
1095000.683638
1096049.059597
1086005.803714
1088059.248317
1078128.697521
1073950.546140
1069578.087485
1065436.362675
1058371.235550
1060734.740428
1071553.767805
1075513.808767
1084725.153336
1089814.877072
1094627.978191
1100665.424430
1101114.762476
1108026.697169
1114593.295698
1111948.521536
1122108.484619
1120342.386454
1119132.963080
1111972.386006
1099524.172469
1091765.270299
1101989.475535
1101970.546360
1099472.914646
1104464.098255
1110378.877801
1109607.604956
1107192.604372
1093290.704516
1075848.830515
1086673.466290
1086569.410361
1081242.341812
1077179.558421
1073623.119452
1082671.910104
1090596.208105
1088284.630040
1088755.952210
1091916.442247
1098954.774680
1097323.555921
1095186.817364
1088038.633859
1089517.951905
1085527.429367
1091309.787258
1094627.302756
1095659.634737
1089921.859804
1104311.593372
1108451.804564
1108520.383322
1107079.515533
1099465.869949
1092539.222606
1086260.532887
1086358.965803
1082591.417360
1080450.875548
1079528.653568
1098808.905686
1106358.379437
1105982.451441
1109317.710533
1111572.241334
1118284.680671
1116328.302552
1117013.393308
1107461.369280
1098531.079154
1103509.714262
1107793.204370
1109550.155136
1123079.366590
1123658.958011
1127946.605653
1130711.042042
1132413.049898
1139294.044855
1141896.068232
1142771.355282
1144359.246174
1141883.771906
1149967.985886
1151921.756262
1151134.808653
1142648.481936
1157240.698300
1170056.344118
1175417.468459
1180210.273823
1186440.087391
1188021.843640
1187710.206497
1183453.056420
1168655.672150
1161073.088233
1151859.244416
1141486.370872
1146489.209635
1145554.286651
1147380.988616
1153429.237205
1167777.207761
1166148.616616
1166185.932463
1161626.019608
1168032.514921
1173805.461812
1174092.292447
1167972.343635
1173897.048377
1171233.952933
1168320.870379
1178988.330849
1177300.228277
1178592.175095
1182550.364561
1189200.822804
1197440.464942
1196755.036666
1200426.895882
1198854.813648
1203312.949808
1207021.438005
1211796.869669
1215492.244511
1214687.964073
1220721.498976
1224407.103028
1236842.100392
1238354.062112
1234822.296985
1243211.268073
1234381.758651
1240669.184977
1233566.270694
1220652.413812
1201773.596370
1186267.475827
1167228.993631
1154804.589344
1158908.209375
1158553.412495
1171820.144905
1181345.522925
1184821.816673
1174586.560466
1162896.264529
1155996.341045
1150753.843784
1161009.826890
1162674.089201
1166946.849983
1155274.951308
1148804.331381
1144830.071539
1144333.828955
1134921.381359
1139545.270883
1140252.003582
1124203.172531
1109721.614584
1124444.265420
1120088.278004
1104702.240437
1107433.072425
1113448.347418
1125422.659107
1147781.822395
1146327.257989
1151597.794799
1151482.940543
1143784.418153
1148730.473518
1158747.352082
1154140.105302
1152741.418051
1154116.225868
1159114.683251
1151689.751180
1159114.912869
1162921.503211
1156922.396413
1157272.611053
1161827.093713
1172911.720693
1183271.539014
1189983.393777
1190430.080250
1193275.061718
1184329.311491
1177247.903687
1173073.714818
1181119.393300
1187881.898707
1185526.654853
1184248.588119
1186669.535266
1187821.168432
1181860.250982
1182583.675298
1191744.375437
1196155.587428
1202721.713248
1199522.207671
1203966.413683
1208025.957969
1204163.687799
1207607.283371
1212713.531714
1213815.001071
1216502.191393
1210282.014124
1191353.130001
1195475.849376
1191227.003447
1194675.702786
1171294.895599
1172826.415036
1158693.666466
1154259.276161
1160904.200877
1151670.352586
1149453.145318
1150969.225139
1158971.742155
1176033.382503
1178926.297663
1180711.037800
1191822.932744
1196045.548179
1183160.523927
1198029.941983
1195406.601440
1197270.216799
1206036.547790
1210793.743787
1212550.520417
1217538.580268
1213135.094154
1209218.071767
1208767.108483
1215924.600855
1208702.996506
1208490.966966
1216422.719634
1220843.973729
1241541.528482
1238932.425109
1242118.999151
1232176.778856
1225325.333851
1228206.590469
1215432.500552
1201493.024311
1211577.059249
1232075.416571
1240716.156932
1246248.628745
1256470.167886
1259599.726645
1253319.704104
1249664.474093
1239420.998786
1223329.488327
1214498.010660
1216674.820928
1212499.375140
1207278.674430
1212067.346281
1222787.614553
1214129.350847
1221469.576600
1223171.363540
1237166.260857
1251654.162711
1256190.546632
1262359.392475
1263241.094106
1220740.058930
1228802.986909
1210598.956896
1179355.003434
1197707.969849
1195446.013548
1212845.088096
1216079.896388
1206062.882449
1216196.198877
1203207.562263
1197457.496453
1209836.931781
1194337.848415
1184127.419686
1190406.049636
1207404.253321
1212625.136228
1208920.867933
1206892.500719
1204397.808441
1210223.015103
1198150.856216
1173354.477117
1181277.864675
1171899.224469
1179378.432296
1182161.524430
1181023.624987
1169821.222615
1167769.141344
1179060.729593
1184103.794391
1202612.958621
1206572.731877
1210793.909254
1236554.772578
1231529.115668
1208686.035418
1209527.522540
1208380.567797
1216033.905900
1220212.504083
1221504.394186
1208148.231682
1193309.837108
1184139.919795
1181386.503988
1163638.312033
1151327.301361
1131465.831753
1143364.330898
1165088.190254
1157049.391182
1144903.410148
1171308.055349
1177486.023521
1183129.926372
1192655.681624
1196117.052012
1198106.289371
1193644.392045
1217554.886488
1217003.892077
1218433.397669
1231645.456265
1224030.086064
1210481.548241
1221760.097532
1226690.383074
1215159.012480
1215360.259657
1229876.490087
1244253.509135
1246245.634356
1256416.867412
1254520.112520
1255710.521179
1251863.502424
1249467.361289
1250811.721699
1249025.676507
1252349.577655
1277363.593772
1261642.627509
1258438.502679
1258235.543650
1275332.833848
1278666.277432
1286401.879645
1276856.175659
1270168.391829
1286148.876832
1294288.146901
1297184.219053
1298038.518386
1304507.558514
1315276.910526
1320508.565746
1329444.998000
1309750.393568
1284397.859004
1291189.410771
1295539.139810
1306149.073463
1325974.383484
1333228.073885
1332659.551604
1333262.267659
1348755.858343
1346427.783753
1346610.867234
1338190.124187
1338966.017271
1337517.517086
1353465.523597
1353508.635367
1350226.443898
1346175.614495
1339101.407334
1339044.972938
1303815.118170
1296854.459895
1282277.914430
1288741.653875
1280032.821779
1279873.053076
1289069.763180
1297943.449739
1292691.201426
1293392.592345
1292883.642592
1290922.057559
1283488.797700
1289102.892513
1293555.184003
1285904.706926
1289866.367791
1273948.616067
1270900.731941
1261332.254524
1264046.113894
1292086.185636
1304803.176900
1287335.192790
1287123.297492
1280013.976701
1280823.136952
1292321.599476
1292902.677784
1309649.125678
1307288.540582
1311135.108896
1307404.182704
1306431.740531
1313468.293866
1309507.801434
1325335.457622
1328270.838152
1329530.946785
1324804.067260
1306550.385835
1303951.802567
1309602.147374
1311073.569780
1317444.507724
1322790.301706
1325852.962124
1323999.207475
1316150.179461
1316636.862571
1321671.863345
1324904.527052
1325397.982025
1320006.700881
1323161.313460
1330421.557648
1324298.931108
1314596.277941
1302278.932007
1288890.573560
1259008.917320
1260567.088934
1257197.992131
1277534.632515
1271300.080836
1273886.849685
1259363.219815
1270723.751286
1287296.804719
1279531.775992
1281712.830680
1278615.506895
1278789.258830
1279143.241909
1284468.672006
1293436.374129
1300436.700706
1289018.563939
1297160.648298
1304611.625377
1307295.969922
1311938.503712
1325723.624176
1332418.559221
1330246.370180
1329574.117647
1333347.744107
1329048.414140
1340393.091848
1349324.865326
1353303.918371
1354549.643026
1366068.262358
1367387.313391
1363996.460919
1358860.961651
1357407.642200
1362009.465114
1369330.680377
1373961.792845
1371651.677128
1379516.769600
1365310.518898
1374022.475913
1377977.713309
1376674.141990
1389695.621044
1392217.644420
1397970.074673
1389522.815025
1397679.620103
1412356.108400
1417224.475983
1417934.169344
1417640.224110
1412691.722179
1407399.959314
1408224.936387
1404376.597927
1404829.520916
1408560.812602
1417466.152016
1409113.173616
1409324.480852
1394702.926230
1411724.149440
1411075.587823
1416850.602994
1405200.302709
1398583.302632
1391859.753803
1395498.568204
1392022.355954
1400166.923878
1397967.668385
1398696.501625
1404310.652134
1412311.965504
1431495.989194
1442922.004399
1450436.481502
1451468.900957
1462933.551864
1464790.591267
1462646.588035
1463568.037341
1469753.785636
1466891.606605
1461850.689166
1476895.052484
1480004.379256
1474485.312237
1479933.382249
1482333.957058
1485547.540132
1490065.698846
1499182.783143
1494943.480061
1486098.019812
1487297.659748
1486622.652539
1478955.865291
1475760.063017
1477497.625149
1435499.841700
1460079.515790
1462154.053000
1475663.283927
1471146.331401
1477828.685624
1490815.083465
1499178.633047
1486075.794688
1487982.634094
1494158.441225
1520362.563120
1516567.845108
1473765.756380
1449264.063808
1449118.868882
1424467.259040
1390429.466724
1425101.079778
1417704.930721
1436182.200539
1425775.282036
1394438.175363
1297449.238890
1302777.784695
1228587.527115
1261495.671199
1180234.803071
1208341.217593
1163290.359819
1183843.003261
1199440.978960
1153686.562867
1247004.382289
1262246.143809
1286965.197064
1263563.193520
1254798.626276
1293395.807092
1250231.693712
1249150.906446
1295326.940180
1287661.296728
1302658.613988
1335368.418173
1341751.537004
1361824.738600
1357488.558698
1316583.354518
1347436.685903
1344050.405037
1340068.184749
1358273.086249
1358693.717976
1377606.647027
1371077.626720
1344887.699510
1353165.539361
1381025.262307
1374776.665640
1364238.556219
1349292.655260
1351317.787374
1359857.972001
1355764.721052
1372339.126405
1366166.427319
1354933.618004
1355909.639621
1377920.976005
1383879.370234
1382863.597931
1404159.442288
1414414.992922
1421640.730996
1414339.360023
1431775.323228
1438756.982863
1431311.341741
1442029.999279
1401846.839629
1410007.319794
1400896.862632
1416616.096130
1419309.908335
1426861.420198
1439446.590561
1445176.663723
1425876.934582
1432418.786669
1438647.197006
1458541.962903
1476064.589339
1547716.086910
1543000.486121
1539856.724686
1535889.405846
1536924.093973
1535059.466058
1530049.894373
1531290.114199
1515772.694821
1519607.313898
1538947.589822
1532840.128922
1519848.117619
1521392.069361
1498388.630462
1514519.143128
1512266.493846
1518817.378978
1502607.448027
1491353.441409
1500335.061811
1517102.464806
