1000000.000000
999875.579379
996542.190619
991907.857632
983798.089203
977591.723748
978509.409346
978714.018216
987365.490871
994537.541865
994127.409090
993778.582343
994878.566464
998535.979506
998331.935814
1001293.555258
1002348.069387
1006462.367602
1009475.177354
1022705.858708
1027207.591184
1037322.622530
1041439.336438
1050143.406593
1039753.730968
1039173.123214
1044116.902932
1049452.909497
1052054.236129
1054283.387651
1072942.873926
1075962.404598
1074642.665935
1077139.072279
1079005.738280
1079656.719975
1080372.494225
1084827.885093
1084012.975949
1073677.753177
1067119.485207
1069205.567379
1066506.881252
1060384.027808
1063238.248431
1073073.812463
1072959.312519
1077806.128096
1083216.065809
1084895.006703
1075143.658199
1075085.712084
1064518.831052
1060244.729233
1056395.382994
1063395.274801
1060335.039633
1065167.589585
1074918.504635
1080577.350876
1089510.004917
1094770.256199
1098966.580708
1103322.074899
1104458.719478
1110971.728095
1113775.621808
1112970.471572
1121511.110787
1117956.203375
1121066.796358
1115254.519273
1109965.549044
1105108.792409
1110776.808634
1116523.702008
1112040.473724
1114828.810920
1120775.457839
1119550.277976
1116594.973427
1099846.534100
1093463.547374
1102925.299060
1107651.267341
1099580.115732
1096835.826973
1091327.063528
1102764.352606
1107718.927345
1106592.893188
1108908.346461
1113699.357951
1119557.486578
1118438.549206
1114044.873727
1112291.265549
1114685.830249
1106829.730941
1111856.890193
1113030.929533
1117639.179850
1110622.397831
1109559.460572
1108505.409270
1109032.679388
1108582.391691
1103165.566070
1095698.577441
1091002.864363
1093083.039530
1094210.239608
1094479.934170
1099657.414867
1119412.823242
1121769.722306
1126374.026181
1133497.485106
1135343.635224
1141549.739988
1143007.788855
1143975.522387
1132278.004070
1121613.892006
1126882.793158
1142077.642068
1147644.925954
1183206.581635
1185993.670248
1186461.960085
1189919.205271
1189143.781790
1198704.529932
1199398.905816
1200844.290918
1202660.375103
1201773.188445
1204106.462616
1207014.508028
1206070.678894
1197587.349670
1209191.410482
1208912.552178
1211711.810063
1220923.450306
1225324.827374
1231069.953040
1231365.203355
1230034.134989
1212687.704234
1206596.884573
1195801.051628
1191606.572525
1198994.358151
1200595.717449
1201649.209090
1205665.158185
1215844.038082
1213645.615965
1213243.148482
1212059.263432
1216429.392818
1225173.450172
1226380.927518
1223316.469973
1225919.593239
1224685.543131
1217781.247024
1218100.877604
1216322.450500
1222312.750975
1230799.427162
1235994.599846
1244680.566238
1248327.648309
1251688.351235
1254360.181647
1261111.443634
1271366.501625
1272581.396695
1278875.902079
1278449.437768
1287276.727044
1299270.617439
1316147.703044
1310438.571840
1304647.980013
1307429.058534
1302759.435071
1309806.784873
1300508.040348
1286417.709069
1263479.960633
1249651.120720
1224078.459485
1219049.250101
1231038.621548
1248265.374194
1264076.602116
1275341.397847
1284972.906642
1272299.756237
1264834.638585
1252209.478296
1257832.125539
1271667.908707
1282256.002339
1289081.728022
1276120.587177
1275218.782913
1271249.302668
1265646.640291
1253422.340779
1259653.869094
1256520.455954
1240571.283059
1218829.818243
1233561.796604
1219545.439514
1209225.739664
1210189.640230
1218860.323538
1225362.616387
1243928.709769
1241412.091188
1245206.945904
1241620.928723
1235096.909240
1246878.011848
1252666.776818
1255352.580334
1246412.597706
1245539.379527
1237544.180377
1235592.639273
1247017.363159
1259605.826171
1265304.633732
1262308.705108
1271775.099088
1289088.639972
1302466.461929
1309083.830076
1309952.438449
1313657.919224
1303322.361545
1299064.787052
1296619.300084
1298263.417516
1306891.224509
1304626.491482
1305710.060959
1305193.479813
1305884.490058
1300245.353398
1302594.782691
1310460.942642
1318548.454853
1330805.617222
1332986.664187
1333201.418992
1333342.145541
1330614.216062
1336325.555095
1344873.774249
1345446.777308
1347768.757839
1346238.215355
1341372.798144
1346438.403210
1338810.817847
1340840.269902
1318980.489198
1320171.635636
1312331.561812
1316434.547389
1323577.430962
1318970.909182
1312803.807519
1315492.884719
1324654.288691
1342533.942232
1346082.254051
1341622.551514
1359402.734491
1362799.634552
1353051.156141
1360075.230129
1358872.193884
1361916.750811
1374345.388175
1377127.285124
1388177.024106
1399234.034175
1397005.340376
1393145.921204
1390937.904455
1395590.773581
1399855.678001
1404183.445903
1408099.843698
1416592.201169
1430473.952205
1436929.824560
1443899.712687
1431951.426819
1426406.889651
1432108.743373
1418134.911543
1418005.400857
1424818.162902
1427349.715879
1434467.917272
1439451.725227
1456227.465923
1464967.685536
1460625.643070
1454411.055934
1453454.656529
1434036.227669
1422355.751882
1422195.486948
1416874.483944
1422793.990433
1424170.021122
1430242.110445
1412469.291817
1416366.352721
1417442.949831
1429887.201863
1441973.588022
1445454.206544
1456589.409180
1454484.520593
1399962.043128
1402608.319164
1378319.955883
1349188.051770
1372862.574168
1367072.422657
1389808.850309
1386383.926516
1371707.288553
1379642.651790
1368489.548430
1343988.302980
1370412.228085
1345539.777141
1328586.984031
1333393.797354
1361747.969980
1367668.931793
1364142.430315
1356179.511110
1358977.102418
1383418.730414
1362694.758588
1337969.244850
1338008.871080
1327990.850019
1343761.966776
1341693.492769
1322376.492957
1308844.229973
1310661.522340
1315676.778540
1318142.913266
1345781.208656
1345692.736928
1351733.082101
1374890.709230
1351414.459026
1336631.783110
1324208.355883
1322045.870266
1329179.825069
1338122.808494
1343139.992479
1325586.782099
1307195.142685
1309785.049202
1294573.916604
1276430.613652
1249789.470389
1238928.944067
1266724.896703
1277059.412597
1282644.932083
1260625.926681
1292403.804987
1298577.053942
1305647.015553
1311804.895933
1313611.387425
1310640.409438
1298249.465511
1323618.342258
1323808.146492
1324656.893898
1333850.740683
1317164.598224
1314607.879177
1320436.657795
1329182.631321
1314073.698527
1311239.492403
1336822.645817
1357231.917933
1350626.954399
1356779.148650
1367166.025566
1364697.260924
1358058.529605
1358979.915075
1363635.636305
1358394.999790
1365288.057681
1379592.785441
1370507.090352
1369205.015213
1369676.055621
1383767.830860
1391281.855606
1389051.300416
1379361.376773
1374682.994943
1392810.651896
1400331.479153
1409285.285472
1412504.684427
1421427.226535
1432625.632171
1438473.426862
1450454.149839
1441635.619720
1428529.410280
1434647.938871
1436317.956680
1444560.072108
1470741.777522
1478618.866715
1479936.810564
1480352.945812
1489583.383197
1485229.365352
1486339.536145
1482737.093499
1483024.709348
1482815.164224
1496190.512541
1502011.395865
1517258.786428
1515349.248404
1508106.146861
1511511.520281
1476209.726489
1468198.093304
1457120.743026
1462693.010907
1437474.369720
1442711.610353
1462527.668211
1474891.795356
1464756.013803
1464665.568746
1467089.981449
1466170.677551
1452030.547659
1458003.642222
1463026.498635
1452656.112753
1457615.822899
1444649.570184
1427503.186529
1436487.338012
1440946.217149
1475445.857637
1485461.214983
1479518.130837
1482926.571225
1479753.093741
1481670.969702
1494083.951540
1495817.392475
1511016.991883
1509138.565353
1510038.471946
1494889.860791
1496131.454698
1498567.880464
1495127.016513
1513557.713060
1521088.369148
1525140.466001
1524616.687033
1510589.636626
1515220.968920
1521220.462369
1523564.360558
1528723.460191
1535356.245492
1538172.931835
1534078.647448
1528347.510559
1522603.528349
1529584.483146
1532674.789268
1529855.905891
1521320.508487
1537847.962635
1542415.396529
1535525.296646
1527747.014083
1514949.837506
1497262.614101
1463046.550895
1465931.967136
1465684.215188
1489547.248513
1481027.133016
1493354.519713
1479038.878123
1488574.408076
1505057.518000
1497931.307029
1504185.721856
1494495.893514
1479567.360873
1484248.648078
1486809.722386
1492388.442208
1495952.864808
1491334.633361
1502014.986937
1514130.164916
1515327.660388
1512303.200047
1519071.952115
1525181.805065
1515524.651458
1513954.455638
1517732.360118
1512273.656351
1516258.738584
1518117.570471
1509325.475337
1513606.953165
1517048.652090
1513209.399448
1513368.502490
1501386.035063
1500863.668590
1508378.516259
1511711.721208
1517170.664721
1518177.544402
1529977.784982
1521376.179342
1518568.021336
1524514.127409
1535276.738051
1545050.007997
1542993.161934
1549634.955741
1553625.040607
1565924.329905
1578213.472428
1580496.804076
1585099.290325
1589487.903623
1585785.245395
1577669.073707
1574979.281777
1574976.510079
1580245.838348
1583239.391729
1585449.088156
1576649.287400
1574808.696686
1570159.057834
1584975.851290
1584363.650328
1594150.655388
1582831.779287
1574988.292261
1569613.673500
1575367.800307
1573723.296717
1582517.607067
1578915.608306
1577201.077179
1580663.970964
1585663.221606
1597499.393255
1609644.740617
1606951.080849
1606764.398101
1615042.512791
1615672.500804
1618477.479004
1616609.362977
1633143.339953
1624411.006317
1620622.711283
1643084.230667
1642750.871678
1648027.905561
1646411.832091
1646503.073323
1659410.923506
1661555.777800
1676058.049001
1667024.144025
1662742.660076
1667327.695222
1674203.151372
1670698.578129
1670358.901177
1667060.533746
1655967.295490
1679125.637539
1680892.928142
1695675.860678
1693991.019575
1703701.992090
1712000.031488
1719818.081731
1714204.079019
1712925.892821
1716026.212648
1728324.486753
1724874.535909
1657691.007182
1633143.916571
1635190.130479
1591393.993636
1564853.729059
1605475.247722
1595590.450582
1624073.444267
1608595.430218
1574546.124399
1483034.248407
1487063.801974
1385891.530631
1441987.570997
1347056.514538
1382898.514832
1352943.105874
1362256.180375
1365812.569977
1327241.788170
1401049.823590
1418562.608383
1450375.483088
1417869.502866
1430560.745352
1453362.334566
1411602.026367
1406815.047371
1479696.638936
1480073.334406
1491145.481127
1526395.223427
1537675.242838
1554139.497835
1558020.953793
1518156.470653
1553965.249110
1563429.556857
1557664.365197
1567432.735741
1556844.561141
1600110.913318
1610643.043814
1578803.317602
1590134.887918
1615880.936003
1602648.716214
1598425.575268
1581710.095291
1588303.581419
1602368.747916
1594814.444013
1615481.534103
1605640.592995
1598916.603975
1596127.991561
1610419.228713
1617975.537722
1620351.333827
1645216.598393
1654198.064337
1666895.824251
1660478.289919
1684871.707639
1696402.600347
1697420.126627
1714128.240113
1663179.255493
1666335.987214
1663648.786665
1688550.872713
1694592.250488
1699324.548004
1718980.029905
1734382.805836
1710867.474654
1702638.800425
1708891.938477
1735807.333622
1758788.288184
1822119.403357
1814976.655747
1821730.370322
1831417.085780
1831504.431609
1828075.633222
1823717.224958
1819064.664910
1813716.311691
1818781.952080
1860011.041741
1857490.503892
1849777.805429
1837754.479849
1827788.951731
1838672.331145
1832923.899250
1844166.546597
1834481.393044
1844067.430959
1849602.921455
1871050.365554
