1000000.000000
999875.579379
996542.190619
991907.857632
983798.089203
977591.723748
978509.409346
978714.018216
987365.490871
994537.541865
994127.409090
993778.582343
994878.566464
998535.979506
998331.935814
1001293.555258
1002348.069387
1006462.367602
1009475.177354
1022705.858708
1027207.591184
1037322.622530
1041439.336438
1050143.406593
1039753.730968
1039173.123214
1044116.902932
1049452.909497
1052054.236129
1054283.387651
1072942.873926
1077724.936414
1080473.646636
1085717.122753
1085114.018992
1084007.133360
1092816.909192
1090085.668156
1086806.074897
1090106.073696
1090171.018101
1089779.556941
1086935.804139
1080103.646984
1081816.320179
1087611.255716
1088945.970072
1089989.882786
1093624.431165
1094266.515348
1089793.872065
1084560.682647
1078065.031997
1075396.807778
1077073.774157
1077132.445169
1073057.843379
1073883.976186
1081828.928331
1088428.852125
1096688.974839
1102312.810735
1104869.518656
1110075.631875
1108908.315987
1114729.284978
1120120.474617
1117282.906811
1121376.571349
1122086.362155
1120692.477121
1113964.724127
1111112.693299
1112349.077273
1118930.394489
1118978.662334
1120150.370295
1123879.690760
1124747.266127
1126460.780599
1121346.264837
1109186.681506
1100664.362085
1106035.288553
1112884.797934
1112620.341342
1104730.565269
1096430.870034
1106053.680984
1112833.599010
1114469.966909
1117628.037535
1121069.906561
1124305.483697
1122010.960922
1118819.097228
1114788.185754
1117921.627723
1111912.122351
1115080.245349
1115387.147837
1118534.182214
1113278.590768
1110240.304552
1113772.028360
1114137.686285
1112310.898910
1110227.353210
1106385.022744
1106597.742502
1108478.344568
1104771.501092
1103976.266077
1107262.312221
1126935.163089
1131238.578945
1134203.379496
1143029.592430
1143521.951050
1147864.677981
1148353.947049
1151865.825566
1145320.240709
1140887.133012
1143081.214258
1142803.385051
1146969.169360
1160484.008861
1160553.814816
1163766.715447
1164538.811361
1168201.236527
1172016.228785
1173665.392144
1176110.719610
1178497.690023
1179102.622889
1180151.246210
1184574.302844
1181430.306625
1173947.299726
1183703.279716
1185090.339837
1186094.488804
1193416.180278
1194527.703059
1198190.296337
1195665.191276
1200978.768614
1187125.525209
1175351.610403
1169206.508813
1172008.851406
1176983.559503
1177307.480403
1174721.674243
1184005.167923
1195579.074420
1196718.464240
1196184.371727
1186688.616348
1192490.590231
1195115.197764
1198627.865476
1198535.595578
1205479.147934
1203359.463868
1196813.751677
1197707.488704
1201452.456071
1200754.841042
1205285.550938
1208473.430757
1214318.860645
1219213.401768
1222285.857807
1225778.519633
1231182.380961
1237926.208654
1246960.723185
1254547.464844
1254943.221615
1262545.039109
1269710.893488
1282417.009204
1274952.336747
1266546.166367
1269630.471085
1258852.338982
1260618.163222
1256707.314975
1247999.218415
1233107.904499
1211828.152589
1195364.102138
1178000.335231
1185752.034078
1193059.821475
1206154.789462
1215603.231336
1221142.695778
1213460.907436
1206787.739557
1201710.678583
1196048.538799
1208501.189558
1212278.711555
1218806.289655
1202376.770426
1197004.483992
1194424.634228
1194187.409748
1185931.876854
1188838.755039
1188052.804809
1176645.827557
1166316.773590
1169640.798393
1173962.616566
1172041.781383
1172942.490419
1182621.126272
1195274.727696
1212686.292508
1213532.337818
1216011.726792
1214771.238411
1202262.133962
1202880.227531
1210571.013643
1211495.338637
1216631.173729
1220174.584896
1226387.138303
1218770.065203
1224274.242496
1234494.455097
1232731.703746
1227954.879581
1233757.070138
1247060.933358
1259323.741716
1261500.508228
1263282.296947
1266600.859998
1265077.777479
1260972.088152
1260870.639745
1264268.890070
1272754.929237
1270502.996284
1262233.747172
1262033.766552
1261887.981921
1258114.308774
1261957.325674
1266997.074665
1268646.945931
1277701.475978
1272880.593297
1274569.970444
1278562.848243
1277363.077042
1283933.481423
1288426.809706
1289032.634122
1294668.367788
1292121.093123
1281807.449998
1285753.027472
1280203.558782
1286790.847587
1269709.929370
1272456.278989
1270037.034806
1270703.297871
1280300.341830
1269485.226786
1275118.973476
1268516.989790
1277014.500152
1292626.959071
1295401.398270
1289618.909960
1299992.307526
1304207.492321
1292249.329245
1296848.573610
1295375.868285
1301612.998638
1317321.248404
1321940.671130
1323420.373384
1327690.474306
1321816.813285
1322522.216726
1325285.021909
1335050.740145
1325951.883327
1321250.299142
1328555.498992
1333770.513798
1351656.463658
1353484.298662
1355833.410541
1346719.741138
1341015.371183
1342076.405947
1337159.642015
1335756.638872
1339396.955678
1342475.165890
1351341.196699
1354416.332892
1366155.176563
1362036.725210
1359578.974273
1353341.045811
1356535.490249
1336253.178890
1327137.193710
1328482.293011
1327530.204214
1324520.419124
1334394.518592
1338042.821711
1331108.229069
1335198.118124
1336949.490542
1358939.582756
1366196.946853
1368094.651791
1372913.179150
1368593.884825
1322285.459562
1327449.809198
1316086.379536
1283459.414284
1292662.147912
1299062.884413
1312908.778655
1313471.302439
1315917.564650
1321734.808845
1306674.522528
1303156.972883
1316329.083504
1303710.215028
1308415.421364
1313360.724398
1331093.746530
1320600.897574
1322251.221856
1325931.800238
1323841.791727
1336738.898037
1327350.887292
1317579.403859
1317714.519005
1305850.318081
1319731.040048
1321865.379961
1320777.369572
1306393.367092
1303419.698024
1301347.008734
1305798.725420
1324179.075774
1323887.045894
1329678.785378
1335412.494328
1336982.121473
1301197.085962
1308063.764377
1305256.191518
1313554.794535
1319988.211963
1325993.566941
1317994.326155
1304014.876573
1291741.932826
1292107.424082
1278362.048205
1264848.869260
1254365.240208
1257852.640580
1272073.628706
1269586.944689
1262111.748488
1279914.561277
1281289.870306
1282596.168273
1291761.209316
1294422.666885
1292399.462371
1280789.122440
1303149.650539
1298375.826299
1296976.390568
1306042.148157
1299594.162704
1289828.247598
1291908.646824
1292352.817924
1283047.103284
1291799.093351
1306593.756546
1320093.930869
1326042.312875
1349275.115937
1349637.376512
1350453.083711
1348768.112279
1341536.055030
1347671.792067
1343136.575433
1348161.625788
1372581.484424
1359877.380467
1356907.483507
1354437.683955
1363515.783792
1365114.322785
1367284.497637
1361797.939201
1353067.687513
1359149.707661
1363697.989953
1370464.930204
1375276.126591
1382056.262417
1392065.076345
1393980.851504
1401052.186786
1395007.712214
1382185.206357
1387989.910405
1390021.184263
1400395.385488
1424839.594374
1432296.017383
1431760.224054
1426349.173166
1440545.914693
1437881.758730
1437476.540733
1429161.174459
1427908.242492
1427522.393564
1441945.302764
1442502.146653
1453106.158159
1448869.541833
1444714.139122
1443445.780365
1413999.823990
1409549.649907
1402352.506502
1409775.655397
1400532.690448
1404805.999492
1417425.264353
1430359.342578
1424439.439512
1426903.919394
1423839.732447
1425190.281834
1412979.041074
1421809.259208
1425212.814913
1420410.067997
1425985.293118
1419745.728319
1424605.377264
1423446.437338
1435533.963964
1461535.731919
1471471.801444
1464286.396513
1464499.747097
1463282.613350
1463655.251372
1475187.362937
1479101.908806
1494440.364102
1488421.789809
1492435.753978
1485538.508602
1482294.325930
1481416.821088
1479338.309089
1495954.273456
1504352.163245
1507850.477297
1500918.135655
1490810.340219
1487529.817473
1490295.259695
1490360.139743
1494005.158446
1506999.269383
1509889.287426
1506333.668291
1499311.802927
1500339.568271
1503443.613610
1507695.503243
1506281.345115
1501855.118391
1503821.445651
1519807.939429
1522106.335939
1510613.647976
1498452.951721
1484997.619533
1461790.688704
1456567.051888
1457668.766105
1478025.751634
1476446.756287
1480144.380327
1471704.467730
1471161.762079
1485971.642044
1483126.083423
1490179.741257
1481366.762869
1479042.612618
1476869.984326
1481794.070174
1487942.036002
1494426.020510
1497531.981549
1505047.514868
1504407.715181
1506405.192612
1498481.236673
1497296.790409
1502137.323745
1496408.412693
1496239.426293
1499566.779988
1497490.904360
1501606.342514
1499148.435923
1500001.053756
1500471.812942
1511379.514128
1512990.419211
1514972.303935
1498766.322565
1495179.784566
1496391.361965
1498955.661660
1493016.717011
1490997.625345
1499777.709230
1489123.572204
1475171.282792
1483849.439724
1502444.196228
1509777.409588
1517704.259113
1529290.740320
1523981.138665
1529136.369307
1540761.875935
1540334.728875
1548801.219678
1551034.870065
1547185.617685
1538944.012652
1542768.477742
1539677.051225
1540604.336901
1542675.119629
1544617.466087
1535897.416922
1536228.318402
1527523.628824
1537796.961515
1535149.078605
1539797.499023
1530324.370618
1524860.879752
1518354.605953
1523104.979603
1522419.069299
1534158.169675
1530023.933720
1530407.669612
1533344.706831
1532863.516153
1542530.711278
1557767.935123
1559930.698005
1563167.308218
1574391.714859
1575759.700517
1579638.296753
1579215.282424
1583468.788919
1575284.070195
1568105.938999
1579492.124894
1588286.972967
1583374.538613
1580529.666757
1582047.064797
1589709.772973
1593410.894248
1613741.944350
1612358.415121
1611541.706868
1610860.381052
1616973.886323
1608058.740187
1606084.426676
1601469.875740
1583002.691568
1617688.968245
1609954.765503
1612871.824170
1610291.696962
1612545.171556
1614537.101092
1620918.512980
1612800.794670
1609842.154741
1616699.077064
1627781.874181
1621869.677847
1572975.321923
1555436.587479
1554912.207112
1525159.892447
1479459.998935
1520430.343252
1521511.401127
1544634.516377
1540739.877128
1500237.206549
1402734.610508
1402613.849035
1299896.250093
1324182.129908
1245411.609167
1271366.179849
1221112.477534
1235363.949791
1260587.704305
1213941.284348
1304021.135666
1343908.893969
1366505.802637
1332507.962481
1342083.580944
1374311.312830
1342157.853798
1340128.644628
1406107.092419
1392289.659380
1410080.579584
1408553.578866
1412938.649822
1439222.713580
1444060.906938
1406789.328547
1439242.157811
1454392.368417
1438120.897509
1456671.677007
1458951.991070
1486713.139819
1479260.228664
1449688.618042
1453531.013947
1471615.350157
1471550.009358
1465957.259129
1430716.190015
1436086.207892
1462162.181092
1451802.001493
1466690.074644
1456869.770075
1450491.005805
1446295.316591
1467540.624786
1477666.395097
1467190.019868
1489984.070350
1503743.426531
1520167.712937
1516900.825195
1535299.657905
1549172.615809
1534991.871012
1546110.739670
1502591.288654
1500676.282192
1492748.657643
1519082.842751
1523684.814731
1528910.748316
1536480.478653
1550962.131249
1524076.355200
1536249.101402
1530915.865871
1545365.948751
1571824.007623
1622015.796882
1618660.546040
1612403.121035
1602721.650767
1599090.676421
1608681.528684
1605052.485944
1620502.986803
1619357.153412
1623189.361863
1643309.008312
1644915.009354
1630068.038076
1628636.365957
1613384.136114
1620665.229916
1627122.494997
1625542.963490
1602321.715496
1592232.189905
1612833.208013
1629551.393612
