1000000.000000
999971.358071
996639.497116
992006.329912
983897.367984
977692.185361
978611.655086
978818.147885
987472.646697
994647.539155
994239.571931
993893.343264
994995.981482
998656.156178
998453.849805
1001418.065891
1002475.251515
1006591.304455
1009606.086257
1022840.612594
1027344.804693
1037463.155741
1041582.911376
1050290.428342
1039901.842294
1039322.776813
1044269.106215
1049607.445747
1052211.049216
1054441.796497
1073106.287835
1080773.163482
1082545.756975
1086211.988281
1088522.758255
1092957.199250
1097169.355109
1100737.286847
1105937.477154
1093697.913375
1089787.301230
1094958.263669
1093553.810532
1089213.133791
1087003.929299
1096336.340018
1094868.818968
1099785.834705
1105499.790947
1107461.176468
1093698.662638
1096996.926538
1089543.856149
1086265.612197
1083013.821840
1082759.482953
1074766.338011
1080060.256251
1090745.651689
1101386.725351
1113517.098184
1118949.367780
1125714.815412
1127485.026047
1127585.168323
1133410.957216
1137013.200746
1137269.752707
1148467.391101
1145579.572840
1147164.807293
1135915.394830
1134034.601194
1128693.582554
1133292.857811
1139415.444186
1143371.811471
1148823.995408
1150746.351862
1152385.845539
1148699.902698
1132236.551100
1124300.243614
1136152.733230
1139587.532255
1130179.320635
1120352.711601
1109258.633595
1119915.093545
1129312.014630
1130523.265703
1132781.168504
1140291.762238
1145537.782783
1144577.963506
1137422.701263
1132839.765024
1136054.475952
1129772.061806
1140874.765823
1142318.923481
1145336.820770
1141633.208402
1145940.736797
1150595.069662
1151144.249692
1149013.063676
1142341.100114
1133920.596170
1125203.928743
1127400.562454
1130020.525082
1128278.531542
1134124.520660
1158959.871795
1168822.632058
1170950.294094
1173981.914392
1174983.171760
1180282.645105
1181605.708076
1185781.903041
1179544.613861
1174166.004664
1176462.837383
1176456.910343
1181654.318154
1203082.506861
1200626.132067
1203741.012581
1202387.236674
1197816.098222
1205820.709230
1202805.982796
1207666.823241
1207916.502370
1205519.983534
1207802.419424
1211917.659014
1209040.677560
1203956.355851
1212820.452989
1215612.330792
1216503.879846
1228327.193172
1231173.016167
1236086.914435
1235686.778868
1233392.977017
1215327.230225
1210512.079705
1203125.892945
1196252.945900
1202862.530649
1210102.917307
1209676.004595
1216013.525426
1231905.872772
1234670.840081
1234473.617947
1230192.991484
1238412.924292
1242843.346877
1241051.710765
1239649.280334
1244353.976794
1240868.020554
1232526.518884
1232744.283466
1232620.055759
1240605.929075
1247887.745641
1249762.434922
1257317.441563
1267856.682638
1271127.491425
1282013.751752
1288341.205788
1293735.240372
1295651.304732
1307319.696256
1306534.589373
1313707.223392
1323689.871489
1337293.247819
1330713.000344
1323404.153574
1331853.957778
1317093.397903
1325742.624061
1320989.535433
1295748.055728
1271095.411692
1266505.689229
1232200.646046
1234744.850468
1240786.576650
1260531.476831
1280131.095734
1294257.094976
1300355.119910
1289345.175033
1279520.063331
1264302.242871
1262602.969893
1270746.613398
1281620.874471
1293913.287639
1279079.210348
1270768.853920
1271121.367762
1266136.187756
1245943.314133
1249170.820938
1248250.019761
1228670.025143
1205691.040587
1222927.158595
1197859.121253
1184217.549621
1195018.088782
1209568.972371
1211024.940206
1234880.710851
1233064.661908
1238717.668470
1239168.660234
1226010.160860
1232309.698980
1236203.606188
1239150.532306
1234585.070985
1233749.748204
1227697.440828
1224846.380513
1237986.127763
1249106.034491
1252064.640852
1242863.454091
1252818.786681
1265315.169634
1281965.656407
1289036.619859
1288195.387858
1287737.908118
1278356.989745
1275926.696090
1270450.788271
1267352.424834
1275840.479469
1269750.008518
1270496.973767
1269921.951397
1272045.002658
1265544.883072
1271429.630755
1276115.471216
1288594.399698
1302600.351721
1296518.804152
1309191.114775
1307942.018251
1305995.587231
1315369.982280
1322563.071987
1322773.653869
1334729.132201
1332494.179992
1323935.471903
1333044.594124
1320687.505794
1317362.227847
1295422.241675
1297245.082180
1290013.792617
1296898.024644
1299793.695228
1294550.768736
1283498.623371
1284128.522015
1293369.732189
1313996.487071
1317588.405612
1310919.149539
1326464.228793
1331503.577157
1320264.677806
1330187.373748
1330237.718408
1330420.423429
1344062.412093
1347047.963029
1353894.322459
1367575.984626
1368897.175562
1357596.039409
1349938.973290
1360443.518684
1358109.939931
1376528.704589
1382425.426833
1382678.322773
1408904.319164
1410643.169772
1408498.386293
1401037.929583
1395961.804843
1398417.534665
1380668.853783
1365216.986592
1369502.771838
1374071.090001
1381351.613961
1387467.365263
1398556.595099
1397639.256167
1389050.200825
1385090.178170
1382402.308999
1360156.034067
1353472.730837
1345559.923167
1353335.659844
1350052.000296
1360023.552573
1369544.091824
1356799.450803
1354536.605223
1362614.633512
1377606.296965
1385749.098346
1392042.523557
1399082.128154
1383042.126664
1330109.904356
1336839.394650
1310451.901414
1282739.700745
1304732.259567
1299798.334788
1320769.428540
1319530.205247
1299181.473959
1305735.546780
1304752.411518
1279867.553710
1313960.738021
1307803.487909
1300743.252268
1309439.215647
1337524.159886
1334744.397577
1335063.925284
1330744.036346
1330418.109772
1350140.915044
1327217.256381
1296794.636227
1302523.723898
1295839.380366
1311360.568765
1302253.083820
1285387.714235
1270368.209764
1268332.165681
1280172.772634
1282909.790540
1307487.573152
1304891.280981
1314258.537767
1336399.155819
1318268.673562
1299489.090564
1286196.972546
1287954.737853
1293507.585659
1301874.529367
1309256.403803
1292513.728706
1274334.191278
1269007.229669
1256284.776377
1235121.794878
1214937.329919
1194762.761107
1222931.940853
1239681.920631
1230283.600409
1207269.705093
1243408.080873
1249634.290335
1252842.588883
1260478.690013
1265333.944058
1265892.638604
1255902.672234
1279886.346913
1282745.468969
1283831.765015
1285090.214187
1271801.097120
1264964.218021
1271716.120199
1282924.886037
1262886.802993
1263225.708561
1287106.632495
1302039.416864
1305170.410377
1316208.486339
1322829.175479
1322949.838293
1325283.220692
1315345.284105
1320841.653754
1309843.224947
1320520.005495
1339988.394852
1330206.340253
1337731.726065
1336967.855827
1341848.485550
1337712.470656
1339389.144483
1330419.383036
1327254.344424
1346111.400962
1350023.820130
1357061.049857
1358116.456369
1358887.204103
1366124.777375
1371808.622991
1380539.386805
1367026.665513
1352964.353535
1359607.304745
1362604.097478
1370534.053798
1403317.955583
1409758.503937
1415531.717698
1405571.959394
1416339.479513
1410249.942592
1412622.824963
1406270.620171
1409465.102284
1405180.878399
1419877.060277
1423522.776669
1428876.381090
1425157.055964
1416459.340932
1406225.255294
1380064.585983
1370219.412392
1358179.454808
1360757.708112
1334635.151167
1341852.533606
1357390.055342
1364941.771457
1347166.747343
1340118.710908
1344889.550906
1335296.954392
1325432.550415
1324350.754979
1325893.236334
1315958.985277
1318544.359617
1306019.702089
1293218.864272
1314744.566764
1329651.696876
1361922.610779
1371096.950247
1357474.696254
1363058.709605
1359546.331880
1365672.736152
1381042.908294
1383086.767001
1391456.552399
1388722.992909
1387635.809101
1372209.092168
1374178.669970
1377419.574266
1376089.841287
1394277.360605
1397737.455303
1406347.224925
1402585.100032
1389944.155089
1390050.029405
1398876.604019
1403922.885548
1412096.957110
1426325.060369
1427655.518469
1424654.223745
1424824.286486
1425085.629044
1430292.430740
1439139.251434
1438081.950160
1418707.482225
1435175.524287
1443745.826769
1440904.133379
1430167.455453
1422203.715582
1408076.361193
1370496.590918
1374296.947519
1376185.897847
1403535.438265
1393004.778660
1400364.156948
1376277.916892
1383471.935667
1405037.366555
1397325.899647
1402134.169692
1396714.338080
1377168.106914
1373113.672277
1376671.953355
1390298.620808
1395393.330240
1386781.529132
1397871.807929
1418142.775389
1418478.520128
1419451.754821
1441802.693195
1443718.994841
1434068.677099
1432757.989352
1435771.131748
1436391.385751
1433637.803704
1426318.049057
1414834.467268
1430068.320091
1442555.505494
1437851.944141
1443434.120761
1432248.520724
1434808.015804
1449960.769549
1456856.991463
1464213.039873
1462612.845575
1469174.237410
1456019.179792
1444894.571553
1451984.436311
1486407.323439
1506074.259516
1496476.660265
1500517.195145
1500071.333452
1511791.517429
1530673.826798
1532367.951482
1540093.606684
1550954.287037
1546132.671703
1541834.176131
1540844.141186
1543133.982902
1549817.534933
1553317.366498
1560469.265052
1551204.370179
1551633.133630
1540335.526518
1556686.078796
1548420.295166
1557381.956683
1545223.648373
1538946.512248
1532235.905499
1536845.468231
1536408.612401
1550553.738278
1550282.498738
1552199.724038
1559297.365790
1568984.426027
1579164.624405
1600446.842762
1608911.232894
1618588.330184
1630901.003931
1633972.186540
1637879.879572
1639121.269051
1644995.833471
1632316.809890
1629589.560749
1654091.035262
1660964.777682
1662685.455195
1667851.626029
1676739.363605
1687788.902198
1690842.212713
1724438.289386
1721468.325674
1712270.382280
1717099.676147
1725379.658093
1724124.412537
1728485.415796
1724592.297893
1746580.489236
1794696.947110
1772634.065247
1789493.831639
1787254.198259
1801818.073973
1809571.548660
1817802.217158
1819044.177637
1824406.678459
1830658.663406
1859718.869282
1850446.105171
1771100.244055
1739531.495171
1743694.005189
1674484.520226
1654169.377321
1704992.070560
1688277.922873
1719644.713675
1697704.758111
1656387.885215
1540209.748250
1555843.261724
1432002.401242
1497625.369887
1366716.654703
1397498.694114
1336839.873797
1362242.573505
1373720.770763
1336098.069042
1453150.263113
1481577.567914
1515578.233776
1472395.162207
1486298.618369
1509065.544063
1445225.126476
1439323.471506
1531300.010569
1534729.886030
1550755.817149
1593644.544211
1601888.016075
1623977.180626
1619809.000535
1563643.446097
1615010.209117
1621425.009717
1624588.768274
1658451.426112
1648311.076687
1701534.045818
1695263.336485
1675469.430281
1689546.177630
1724009.851408
1707407.376795
1690957.677336
1676179.137538
1687221.542816
1713720.760991
1705097.006708
1725308.197054
1715561.200000
1706148.022728
1704932.715413
1721953.699463
1718471.751472
1717972.373571
1752433.635112
1762457.576991
1776081.358264
1766211.391182
1800592.018428
1817607.536323
1807039.275564
1837664.433064
1766270.393531
1769251.312600
1775383.399331
1799976.122347
1803887.820427
1809429.980748
1824612.901481
1838620.194603
1808657.943812
1821857.106185
1838521.435882
1857287.499760
1901497.268216
1992050.353081
1988148.877820
1982257.288029
1979881.698618
1999585.684195
1990826.313163
1993164.293891
1998643.281120
1996037.017000
1997145.482170
2042151.213432
2036773.665501
2030950.960835
1993304.277559
1972794.433502
1995234.088794
1987310.582703
2001570.191744
1986963.760742
1972280.237867
1989130.159431
2012467.155081
