1000000.000000
999971.358071
996639.497116
992006.329912
983897.367984
977692.185361
978611.655086
978818.147885
987472.646697
994647.539155
994239.571931
993893.343264
994995.981482
998656.156178
998453.849805
1001418.065891
1002475.251515
1006591.304455
1009606.086257
1022840.612594
1027344.804693
1037463.155741
1041582.911376
1050290.428342
1039901.842294
1039322.776813
1044269.106215
1049607.445747
1052211.049216
1054441.796497
1073106.287835
1078093.111300
1068994.034198
1074466.213560
1074843.718602
1073667.863392
1080871.900757
1077367.826807
1074483.670380
1077327.751959
1075872.810436
1071690.978585
1063457.140586
1056890.774725
1061110.105237
1069110.947339
1066239.817363
1067347.539704
1074647.395576
1078698.510218
1080726.274608
1071549.808161
1065416.004463
1061749.100362
1063942.905754
1067780.916288
1064853.779559
1062210.283266
1066847.807027
1073331.747450
1086473.125900
1092314.907299
1095121.624794
1101218.006936
1093279.429085
1102450.114315
1111620.658514
1107450.677359
1109961.941057
1108834.539034
1109806.265222
1108987.826460
1093585.913785
1084703.454966
1098772.415377
1104347.868604
1105383.346746
1108619.899954
1113086.764718
1111192.482449
1107357.294244
1090294.282640
1079541.392027
1084110.209199
1092752.107409
1086649.055282
1075954.962018
1069605.880219
1080083.517079
1085208.607435
1092896.537173
1094619.534889
1096816.598824
1099948.521694
1097546.028757
1096326.536763
1093288.215735
1098206.780101
1094157.224274
1094489.613459
1091413.313876
1093140.318520
1082274.625572
1083786.956242
1081928.533496
1085114.303979
1081439.380065
1079072.075896
1081291.552157
1078054.686665
1083344.295185
1084078.135741
1081734.818880
1088731.352448
1113551.089703
1120042.499853
1120854.014396
1124108.868424
1122048.867901
1128591.831224
1129821.986923
1130266.043645
1127606.574391
1128281.898784
1130480.401546
1138208.267600
1147027.067216
1175832.437398
1170909.408787
1166824.324077
1168259.884695
1179862.273108
1184752.883898
1183256.848270
1187215.221248
1189187.412705
1187600.299125
1186234.033282
1191317.045626
1189876.286551
1181414.379998
1189719.733943
1197676.692011
1204177.560690
1214088.886640
1214438.914937
1213049.790729
1206392.334365
1210194.900315
1193392.528465
1179881.646210
1179198.497176
1178937.141464
1188879.121457
1196050.889297
1185995.337648
1194401.788520
1209743.817093
1214039.856675
1213363.908513
1203293.191487
1209865.779622
1212259.846234
1218975.503709
1215469.894073
1228872.566119
1224999.046994
1220266.293819
1216198.238900
1223666.912281
1222878.396698
1227241.478462
1229211.857438
1236747.770324
1231333.833429
1237852.493348
1245647.170233
1258141.713629
1262528.399507
1266403.815543
1270739.378597
1270837.019173
1276560.060424
1284181.011280
1298634.016838
1287274.458245
1274968.381029
1274748.405079
1261578.901708
1269380.049965
1266758.104230
1251742.783797
1232886.393458
1215601.585697
1187425.772390
1174702.065753
1181681.762072
1193867.890504
1195914.838507
1209751.696480
1213582.429216
1202585.001388
1192179.431874
1186446.538398
1180002.464914
1191559.130109
1199434.888941
1198981.251685
1183396.181523
1180171.658117
1180378.414639
1179796.958063
1162638.398085
1166357.387334
1161294.989028
1150024.190380
1138038.266639
1145593.558898
1143765.791421
1146215.257467
1153537.832234
1162721.843615
1176044.037222
1194966.254560
1192375.826627
1190850.067588
1184983.374230
1165220.953296
1161655.938049
1165353.599908
1155628.379841
1160021.154888
1168197.424850
1169880.254887
1171755.823983
1183072.806125
1196932.994930
1194807.767587
1190776.756566
1194094.176926
1196344.152232
1216414.662725
1219102.126568
1219478.681562
1224310.571027
1224694.052278
1219853.594638
1218059.022860
1221568.748372
1225735.231643
1223519.072414
1216709.095239
1213427.684869
1215432.580814
1206599.606199
1211449.852846
1220591.829677
1219980.363436
1229197.815329
1222135.461494
1218160.087861
1217882.335338
1213746.435056
1225039.320809
1220061.511198
1220585.129477
1227992.578832
1218346.005656
1216502.926826
1219442.112201
1218886.867517
1232735.553780
1205979.313597
1203264.393992
1203705.954320
1210130.954618
1212739.605957
1203655.452732
1211399.453713
1208045.924118
1214850.695067
1236208.104393
1236013.675770
1222402.864069
1232461.009079
1237106.585972
1222917.289357
1221628.693854
1222202.991891
1230551.953345
1256665.652577
1261707.545039
1266711.826115
1277217.760027
1284107.027079
1278167.058895
1279902.111049
1286898.630271
1277111.357988
1268108.296132
1275970.441277
1280888.834480
1294189.654314
1296511.133806
1299771.189553
1287647.423084
1280989.824238
1281128.226129
1268835.192060
1271831.954340
1275030.427186
1269319.330477
1274901.140011
1271107.057806
1284560.006512
1281452.152670
1274081.619196
1268184.663955
1277307.256865
1256229.503220
1246264.888682
1248730.276133
1243637.462589
1240147.530609
1260621.285256
1260255.980474
1251680.294227
1253824.975962
1251794.528513
1280622.815645
1283237.044761
1285977.684933
1294854.026505
1294393.762874
1253161.111605
1257828.184271
1244676.598250
1214304.469403
1218965.653074
1221737.303688
1220139.626855
1226873.273673
1225124.114760
1235521.591298
1223956.267773
1215472.852861
1236479.836875
1227322.355000
1212267.530662
1215403.088896
1236028.360395
1225504.579032
1223622.249982
1232022.608814
1224397.067264
1241098.852565
1212062.269052
1178738.034460
1162582.355382
1151164.684127
1162598.614562
1158470.299686
1154010.652761
1137566.091828
1143231.181542
1142387.080488
1144839.731295
1159574.211134
1161802.464924
1161583.171513
1181950.919077
1174597.563589
1141183.171703
1139280.735892
1141771.323803
1150157.402296
1154944.209867
1157101.210133
1143981.576558
1130105.359167
1116902.708012
1107958.583261
1092838.524803
1077947.646913
1070278.684294
1070510.557162
1089168.125016
1082432.239446
1074651.465896
1102625.487733
1092685.176294
1096013.387080
1104333.854977
1108259.362636
1112258.414468
1104330.171531
1120303.965622
1116533.908172
1115649.861868
1132468.401433
1121703.094808
1113124.455828
1113150.461841
1114800.115643
1104034.136033
1118462.666096
1142729.339925
1161193.373220
1163634.389006
1183455.342145
1185204.596804
1192397.469100
1192450.085586
1187391.584127
1197400.992327
1195613.439544
1204792.677452
1225857.321115
1208633.892972
1203930.616729
1199280.283500
1219731.554241
1222055.618892
1234918.239389
1227678.489811
1218979.619683
1222780.100168
1228459.945106
1229059.857744
1235980.660103
1250167.669724
1268761.095857
1273731.986987
1277569.981512
1264685.931124
1252312.546680
1256366.213514
1260954.352967
1272586.714102
1295727.370993
1307395.637697
1304345.287596
1307988.184680
1321447.239254
1313700.635902
1313478.861894
1308062.430890
1308438.586560
1308316.846331
1317122.927575
1312177.913403
1327095.420022
1320679.470869
1315575.074105
1308568.650196
1273041.424576
1267232.730118
1262305.231441
1270265.554815
1260446.899766
1267290.708011
1285171.945834
1298142.678551
1297058.434927
1296239.680505
1299007.450876
1299873.227920
1283191.398983
1292340.947387
1291463.904973
1278419.191640
1283684.228605
1271124.228778
1270235.174473
1278688.510937
1294657.142603
1329772.078506
1341380.510936
1319985.818997
1318021.848591
1314345.886617
1311310.541649
1327442.860991
1326629.607252
1344882.800085
1342378.467028
1341904.179645
1329104.795586
1327564.998755
1324916.590692
1321206.078267
1347516.762368
1353012.315381
1356190.814194
1356152.441313
1351104.975562
1343209.698838
1343369.930015
1344845.779511
1349655.261221
1359165.173918
1360961.634035
1351755.061386
1364398.572795
1369113.920706
1371668.079951
1374476.848357
1369457.319592
1373638.815075
1375600.965821
1388436.309008
1377886.655798
1367265.858563
1372288.139424
1352297.188997
1317756.649442
1315798.260226
1315531.257506
1339293.963617
1331936.511155
1330129.602489
1316757.918267
1319193.035370
1332184.850705
1322540.161648
1334471.750222
1321588.865098
1315143.908884
1295574.317021
1301372.636911
1308988.634436
1311014.129592
1312031.698047
1323706.077506
1332496.521550
1334318.934922
1327339.050492
1344008.426636
1348710.038092
1335741.128523
1337111.346309
1340883.041551
1341089.743205
1336033.150049
1325637.311760
1317697.821748
1328658.887305
1336879.205924
1339837.197479
1344990.490057
1316111.546722
1313279.389291
1313569.475808
1312966.589313
1307081.108270
1304283.501400
1307068.929042
1294525.717399
1284132.938121
1296528.394434
1306535.400724
1305542.428143
1302113.452007
1309075.578444
1302047.560822
1320195.016662
1340822.410054
1344956.435228
1355777.431489
1360499.790433
1358487.908600
1355722.909905
1352185.517015
1348781.808999
1350882.366382
1356426.000002
1359535.988643
1346818.256462
1355067.256282
1353087.350018
1363359.876546
1354097.912706
1367591.915680
1354622.159464
1349788.837243
1336984.781044
1339535.475373
1335508.027931
1347794.219924
1344122.398849
1341110.750010
1343239.456204
1348136.068186
1360803.505203
1379528.660905
1390899.592049
1397722.349000
1403437.274103
1406543.266658
1409249.490557
1411563.033810
1413082.432492
1406692.843777
1399625.904832
1421192.191078
1437490.017904
1436371.394810
1434060.532240
1434827.402876
1442751.350382
1447782.604306
1462000.187013
1455791.752535
1453154.406470
1452638.753134
1454374.098204
1439736.605064
1433331.764329
1430399.898512
1392152.290080
1423131.007712
1430818.191380
1438348.258583
1431120.476459
1430089.400656
1434279.402403
1435533.503907
1421180.010948
1417526.736002
1413921.743452
1423087.755166
1423500.990884
1366824.701752
1347555.115389
1353115.285592
1319376.697968
1284379.936714
1311013.277581
1311162.544393
1337603.148186
1337485.396824
1290619.572719
1189970.750655
1186217.285870
1079863.245499
1119885.047584
1045959.054373
1072010.888436
1029419.742828
1029044.804000
1038917.184840
1010415.402562
1112721.222124
1140605.344187
1171162.565750
1122916.897645
1144675.080954
1172576.258541
1156244.205026
1164967.341415
1204664.178025
1196351.975904
1210328.481057
1182205.296625
1179353.012542
1199640.012596
1201400.165908
1166729.767074
1194225.431448
1208240.006756
1197940.298784
1212483.164632
1230677.778142
1263971.918151
1242160.240239
1216610.972995
1223689.955966
1240213.813801
1243579.973225
1223766.030380
1197201.173734
1206188.089474
1236372.620099
1227602.277236
1243641.122104
1234717.925087
1228054.235215
1229685.490000
1251215.836580
1252580.852272
1232611.170943
1252873.356747
1269887.101171
1289138.469075
1281370.902921
1311030.572122
1316784.229391
1295459.488688
1305638.573667
1250346.431707
1254419.403610
1242169.129304
1275088.831909
1273403.557811
1276546.265351
1280289.369079
1293369.428155
1265309.956613
1278000.017006
1270595.895761
1283737.229724
1299514.116596
1343817.096442
1335430.742642
1330168.505921
1306196.103416
1294162.175478
1300035.136374
1301808.753649
1305988.858946
1303320.876499
1299476.049405
1307405.737400
1313687.133804
1296317.554048
1283174.687537
1271154.266164
1268880.031661
1274958.976273
1279310.266223
1255508.479219
1241192.513178
1257612.497532
1281679.479313
