1000000.000000
999875.579379
996542.190619
991907.857632
983798.089203
977591.723748
978509.409346
978714.018216
987365.490871
994537.541865
994127.409090
993778.582343
994878.566464
998535.979506
998331.935814
1001293.555258
1002348.069387
1006462.367602
1009475.177354
1022705.858708
1027207.591184
1037322.622530
1041439.336438
1050143.406593
1039753.730968
1039173.123214
1044116.902932
1049452.909497
1052054.236129
1054283.387651
1072942.873926
1072586.336520
1068208.496741
1073723.832291
1072591.236809
1071708.730227
1079568.450539
1080056.172390
1079958.631152
1075733.567201
1071141.396136
1070403.137750
1064587.550697
1055492.545413
1056403.455280
1068381.090220
1067813.376277
1072341.337967
1075806.523143
1077145.059278
1073274.349904
1069739.633544
1064598.682612
1061078.545374
1058479.349311
1065726.192692
1065501.353332
1067611.668324
1077883.001966
1086050.857317
1089848.835321
1100298.318240
1106121.879844
1112653.066171
1110250.088302
1119060.910127
1122049.309424
1118853.561210
1128507.274854
1129102.513689
1127736.480676
1121163.687623
1119681.373825
1119982.028230
1131255.779103
1138700.481848
1131398.858236
1130864.740484
1138063.501467
1138597.978574
1136941.159664
1119630.223596
1109187.984762
1118224.806627
1123091.805289
1115913.646386
1120006.605792
1117202.733850
1128126.789242
1134035.873562
1131040.585701
1140450.080043
1142783.466920
1145327.408377
1144698.300668
1145157.045191
1140558.807801
1139420.128871
1134002.091757
1136699.302806
1140323.660370
1143077.493782
1135005.280057
1132889.592420
1134318.532126
1135624.650857
1133015.895996
1131991.712547
1127642.097659
1127333.527019
1129555.255582
1128644.630155
1129017.575174
1131824.837388
1151533.199092
1155983.359431
1161043.664679
1170954.336096
1173046.966776
1181359.415619
1183301.917299
1188990.694580
1184904.216436
1179895.262835
1184707.983577
1192130.160190
1201396.545217
1231074.584066
1234960.536347
1237542.923318
1237676.600017
1243130.906970
1252772.579850
1257262.420080
1260348.388412
1262037.332636
1264545.990992
1272482.959193
1277820.113922
1271511.134438
1260946.885723
1276304.657094
1279431.766667
1281319.811950
1292882.182482
1295599.857691
1290467.573501
1285955.758829
1288205.223505
1272490.080364
1262350.387996
1252118.244929
1253217.373874
1261848.296087
1255765.861551
1252332.121937
1260634.710775
1278324.515839
1271408.155240
1274763.559212
1266651.999421
1268192.966285
1277974.406568
1283352.702935
1284543.840454
1290083.659815
1289615.340108
1273931.564120
1279456.395257
1278779.166545
1286631.987497
1290500.746850
1299073.503430
1306031.291005
1306293.466942
1315124.593695
1324484.058629
1327605.506194
1337923.893251
1341022.042247
1347289.214607
1349143.551660
1355150.950289
1368236.105705
1378212.071460
1375162.316776
1365109.550173
1357701.401397
1346860.907920
1353754.955346
1350415.112798
1331246.912387
1313907.115632
1289599.916549
1268125.325154
1252451.986668
1265474.015680
1284524.934683
1303535.050122
1315926.719170
1323517.683803
1315292.811809
1303993.095527
1299187.708261
1293118.270039
1306540.772289
1316272.489391
1321209.913819
1301466.647869
1297338.637815
1298934.223007
1294773.487421
1291855.138801
1296564.758654
1291420.208973
1276402.363634
1250775.288498
1261974.760960
1257653.928668
1242974.990160
1246612.025962
1254842.785785
1265471.654849
1287889.204837
1290096.042806
1292653.432165
1289787.133658
1281717.350125
1284662.168021
1290781.451140
1295156.885904
1289300.433202
1292751.030943
1297772.253526
1294355.339107
1294259.005709
1291918.635081
1304984.253609
1303375.980012
1312108.154276
1331653.030221
1343995.258211
1350557.480179
1352060.810569
1358790.922842
1355273.805724
1348372.844304
1345071.244702
1350984.629461
1361175.688640
1357072.648479
1348167.298125
1346584.007829
1344548.711469
1341230.007995
1338375.239943
1349489.095763
1355510.375092
1372022.484435
1373594.741913
1371187.039541
1373526.532853
1367610.600618
1371142.992601
1380828.531800
1378633.285695
1380706.390457
1377472.661004
1357683.501554
1362045.217804
1353370.294038
1357504.038144
1335955.459750
1337416.996780
1329823.290165
1329367.237552
1340217.235613
1324531.004686
1325056.606944
1325574.656848
1340447.415784
1360760.212168
1362450.801130
1355184.706360
1375036.360451
1379365.140588
1368187.304721
1373564.076867
1372566.613214
1380473.142255
1396662.294351
1400632.011185
1409550.775141
1414935.598297
1406255.223087
1403167.634941
1404514.596389
1411167.830132
1413116.030318
1405772.378581
1409595.181554
1416035.078361
1430176.802731
1431460.216332
1442068.035799
1432219.990227
1424864.154537
1428136.060975
1415254.255753
1416478.305525
1427288.370585
1435235.997748
1448450.763282
1456260.819601
1473131.652070
1477820.247109
1475427.808258
1469237.047356
1478967.937556
1456044.434517
1443964.731091
1447179.567484
1437852.304205
1440551.548868
1436859.930649
1454939.682119
1439840.036904
1449401.760955
1454765.396810
1477209.529177
1492359.898026
1495570.434491
1506123.937752
1512811.664843
1452384.162156
1458826.539785
1434680.355269
1395464.745957
1419253.658045
1414872.834128
1433161.021139
1430221.240891
1426085.723338
1436974.765201
1410118.688598
1397752.389539
1410216.174059
1391625.511688
1382987.507705
1382237.213590
1410699.304691
1411528.142612
1411658.499325
1401737.324489
1404019.827702
1417315.891708
1394372.902415
1376401.155990
1377704.216544
1358384.912785
1376060.749311
1379663.584293
1370170.355835
1345807.050760
1344440.727917
1338844.753376
1341877.396924
1367908.491403
1365577.422913
1371260.003832
1399026.188105
1384597.043875
1355357.003615
1348353.734422
1341091.621177
1346780.429204
1354982.167001
1360578.818678
1343201.058068
1334265.499497
1331224.794216
1318465.831314
1297809.134329
1273021.209062
1263750.720040
1275375.274569
1285195.557620
1288600.120525
1263074.379422
1289319.206384
1291217.039549
1295131.254745
1305871.129933
1309208.751342
1306005.831388
1292267.978901
1318857.323301
1319799.816587
1321050.698074
1341595.372831
1327362.729052
1321261.154903
1328792.228375
1341557.054857
1331039.470836
1334200.445506
1354385.790528
1378022.659753
1380403.032512
1400551.254018
1405154.358379
1407481.316431
1397502.820936
1395801.052535
1401490.541343
1396019.007856
1407469.568574
1443207.742743
1429828.137947
1433225.646529
1427891.759962
1447875.424687
1451828.698987
1451444.263274
1439491.859376
1427364.755106
1444734.686419
1451351.720464
1463459.985430
1471826.118072
1482988.042766
1499811.156484
1501252.852036
1508904.137024
1499815.106552
1477894.495460
1482096.681676
1486845.212349
1494375.421543
1534623.162322
1545810.350840
1548686.711141
1550172.301941
1568599.977985
1565863.987281
1569428.657133
1560430.532625
1558251.747208
1565692.933492
1588264.813912
1596381.726075
1613621.473287
1609401.493601
1599412.065495
1596660.873083
1562192.816653
1550262.755271
1530485.277756
1546560.521286
1518180.410465
1523031.103341
1545052.648282
1553337.345214
1542717.013304
1540411.014726
1545370.905763
1537451.518083
1517132.379099
1523874.583986
1532406.054498
1529825.726725
1535025.907773
1527230.347994
1526544.960686
1529836.707811
1534488.127132
1569576.263365
1589114.436552
1583028.368961
1584421.160679
1580889.059268
1580008.394072
1596251.541108
1603765.828456
1633982.862467
1628723.131570
1630774.267757
1615041.464748
1619200.136358
1622725.329170
1617927.309720
1644037.844063
1647246.471868
1644205.267199
1639506.943432
1619695.911802
1618642.745493
1621941.391156
1623171.994439
1629562.477017
1633004.481722
1630433.296192
1623951.435072
1614190.387488
1614621.358227
1624184.487151
1626920.299646
1625297.587162
1628205.708206
1637176.203047
1645480.906001
1645627.785737
1641562.455893
1620175.973660
1599860.374417
1564054.567884
1561863.385804
1559510.593642
1587732.797464
1581411.807270
1603890.697731
1591768.991565
1597714.605179
1616594.462263
1612005.842098
1618426.501744
1615440.505868
1609563.171537
1603890.834894
1606377.503624
1611331.843808
1617320.391419
1613043.915650
1625238.194248
1635503.094008
1638209.940678
1637298.298743
1645051.369648
1651737.267325
1646938.278910
1637578.972601
1649669.891603
1641753.405497
1646563.133757
1641040.093929
1641266.317205
1646162.071330
1649999.403670
1648096.294754
1650196.245372
1640299.029209
1642815.962454
1656990.950060
1667377.223852
1672286.302764
1668078.736420
1683100.355224
1673312.399496
1681523.949356
1686981.622571
1696542.098271
1704188.603704
1705549.855943
1712006.390558
1713230.290621
1729094.857406
1740694.041028
1745371.319603
1744366.250451
1748124.151549
1738892.446706
1726566.975536
1735565.843782
1731075.759292
1736541.059695
1739209.438192
1739276.431341
1728948.842562
1722767.763960
1714308.076663
1728420.498597
1721937.249949
1727675.105684
1709982.947858
1701398.967244
1693285.686443
1698394.205289
1705220.940987
1719576.914341
1707082.657770
1703198.863504
1709272.105780
1710758.281523
1732601.869792
1743927.990372
1754958.757908
1754567.404842
1764873.074156
1762617.075981
1762683.217229
1761639.445994
1771943.072401
1771513.530790
1766125.111009
1782244.182392
1783530.727258
1783632.979370
1783354.671086
1784331.347229
1795392.634584
1797904.545600
1812080.917143
1804025.669640
1799159.764385
1803551.437515
1811847.987068
1792141.265779
1787862.719370
1774806.801723
1697566.013692
1732090.501946
1744666.062868
1757961.391936
1752500.190403
1753773.944912
1762931.352639
1774998.854060
1763071.511827
1763767.859600
1763767.428268
1775747.189982
1776311.171528
1708394.547452
1684884.365204
1688428.707844
1650349.728066
1610187.685985
1658865.758882
1654193.482608
1684342.277594
1680845.825459
1642580.987628
1526841.306075
1539100.157454
1427807.628441
1478195.912411
1379779.945999
1403812.723093
1359986.750935
1355606.630325
1375713.177097
1333603.860929
1424322.316890
1459295.317629
1481982.973856
1446020.843911
1457360.049314
1485143.044849
1443090.658857
1442630.799177
1512178.144836
1505462.619606
1518977.396506
1521688.459512
1522740.331650
1551922.409136
1550393.249994
1511154.920434
1551132.316094
1566160.112391
1557209.405833
1572636.112848
1573237.009660
1613921.065435
1616109.013980
1596643.442156
1606295.013094
1635145.144459
1624297.328766
1615212.567464
1591066.235436
1594701.756932
1623560.421196
1615990.505531
1634347.350751
1625033.353495
1612423.754398
1609847.833490
1625991.409054
1633663.746689
1624542.796960
1656589.482444
1674001.470989
1690684.177422
1690171.005643
1718887.751173
1728682.239650
1727398.406229
1737259.903087
1681774.151233
1689691.304596
1678909.413611
1705834.120268
1705673.406688
1710784.052542
1727513.373258
1741145.223510
1722024.794960
1722933.103244
1718299.249735
1741046.874105
1772340.657473
1855614.610231
1849023.301319
1855448.732311
1852967.469749
1842643.326363
1851694.342493
1846361.815219
1845176.827971
1826850.174928
1829636.695293
1860209.983185
1862929.951153
1852539.090727
1832963.728246
1812217.111589
1820986.004087
1827199.578400
1835809.691932
1819595.410198
1838611.330709
1851130.923211
1882782.366726
