1000000.000000
999875.579379
996542.190619
991907.857632
983798.089203
977591.723748
978509.409346
978714.018216
987365.490871
994537.541865
994127.409090
993778.582343
994878.566464
998535.979506
998331.935814
1001293.555258
1002348.069387
1006462.367602
1009475.177354
1022705.858708
1027207.591184
1037322.622530
1041439.336438
1050143.406593
1039753.730968
1039173.123214
1044116.902932
1049452.909497
1052054.236129
1054283.387651
1072942.873926
1077291.945226
1079378.163586
1082031.400454
1080783.973374
1081525.144059
1088129.919211
1090194.357152
1090345.201997
1088300.793971
1082929.364253
1082104.021031
1079769.402631
1073326.473265
1074248.998046
1083046.048828
1085669.102562
1089411.824524
1094762.924138
1095510.230161
1091209.156591
1086335.940748
1081446.959265
1077547.517525
1075808.141228
1078425.072926
1074120.586687
1074695.709791
1082713.129684
1089821.610537
1098839.538598
1106051.059871
1109865.201717
1115397.011923
1111706.674391
1119898.287887
1125799.826311
1122958.050141
1130396.320260
1126786.062386
1128351.889181
1122919.750260
1108863.507013
1102464.592027
1114602.890235
1118358.999441
1119682.959441
1124006.216765
1128495.072768
1126783.594775
1121180.803931
1105201.877376
1092449.996856
1099996.660623
1108111.513642
1099753.350498
1098554.650496
1094774.950386
1104537.373529
1110764.222117
1113309.502195
1116151.099209
1119938.919822
1123910.752617
1122653.934446
1119348.983704
1115436.010962
1116655.688324
1112839.202080
1116669.821827
1116401.442578
1117609.514737
1109570.388453
1109197.278411
1111375.019909
1110701.006250
1106291.334033
1103082.238764
1098007.650712
1095672.621282
1098213.764640
1097454.101898
1094655.838710
1098689.388077
1117652.056869
1123708.720839
1126393.924703
1131453.713520
1131365.784858
1137906.515557
1140286.086109
1143401.244313
1136148.405329
1129895.307639
1133246.735168
1143620.757284
1148427.031840
1165081.550347
1163026.448075
1162450.211067
1165436.146769
1166401.641742
1172444.677484
1171065.595941
1174432.344564
1174705.192236
1176092.472517
1180029.049990
1184997.997383
1181001.065670
1173361.006791
1184655.390008
1192368.352833
1195483.554775
1205161.090951
1208265.959415
1204505.939634
1201845.495449
1198890.296494
1183673.485449
1169769.270211
1164789.537067
1165633.674294
1173949.443052
1174939.769772
1171539.280666
1178454.177494
1193368.669174
1190911.406674
1192270.760498
1182209.863033
1183350.050433
1190149.186125
1196897.756972
1195703.577602
1202789.859253
1199192.512144
1189876.535293
1189055.605756
1192812.195379
1196672.642088
1201969.995635
1205534.074462
1212843.989006
1213903.275032
1218151.257825
1227763.571169
1233864.206337
1238587.773186
1247950.250682
1254479.076897
1253564.373712
1266363.992103
1272267.194948
1287778.998340
1278987.705431
1267121.325023
1268335.031586
1256700.634783
1260635.685651
1258545.883450
1246694.974318
1230440.378510
1208497.570053
1184722.502337
1167861.056195
1173463.591211
1185671.582707
1195252.407143
1207314.653216
1212395.174094
1199829.314068
1185721.367565
1178330.548290
1171324.610878
1183781.675205
1188346.946663
1194797.139783
1179830.008858
1176781.609228
1175799.216250
1171233.734540
1161183.458048
1162966.266811
1157547.240865
1145633.400558
1129156.942267
1130498.849634
1128311.740409
1123657.240596
1126841.967178
1135657.113643
1148603.499732
1167488.646424
1166503.506854
1165843.110903
1161669.705047
1147090.058053
1145920.114217
1148015.331854
1144254.877325
1143213.094387
1145219.054382
1150119.562515
1147926.788707
1155218.256317
1164639.945317
1164757.023532
1160078.842659
1164697.084537
1180729.461164
1193248.122304
1197726.048462
1196504.833632
1197637.930166
1193314.094093
1188254.174173
1184755.978008
1190186.770565
1195967.968856
1192769.823276
1188060.552613
1188184.523793
1190379.973222
1182754.040008
1181064.857920
1190081.538242
1192878.459114
1201215.034125
1196405.791993
1198530.085379
1198459.909960
1194503.312232
1202893.539065
1208471.381600
1210213.745933
1213712.175908
1210661.895221
1199778.052430
1205952.391934
1199764.208094
1204351.904863
1182097.644941
1180634.380023
1176558.256803
1179746.635910
1185774.150959
1172375.525262
1173021.225270
1172342.415289
1180252.721009
1199018.912261
1200294.319317
1191320.507693
1205374.314756
1206009.417195
1191874.407646
1193983.897623
1193534.782436
1197466.236630
1214721.597031
1219307.812713
1224421.339077
1230253.563709
1238439.585902
1234510.121603
1240489.328266
1248301.551321
1242137.178857
1242158.102046
1249766.974139
1254174.443705
1274006.647090
1277370.760802
1282379.619467
1272886.210651
1265136.486738
1268292.672487
1256887.725662
1254435.062774
1263337.853638
1264515.399862
1266693.877181
1266639.246459
1275723.560179
1273888.073458
1267112.960119
1260001.899654
1260870.780765
1243314.191679
1234542.914644
1234898.443590
1232453.458807
1223843.890056
1235312.017074
1244236.230436
1235802.094032
1234594.098763
1241834.156526
1260542.992174
1261016.073849
1267702.516385
1274489.096289
1267776.182074
1221937.450135
1227018.143574
1221433.487496
1189015.578074
1197584.728485
1196738.617525
1205816.243274
1209041.863330
1203622.775366
1216447.039825
1211710.168238
1205371.630809
1220813.922993
1211704.672917
1210272.049045
1213182.891825
1228300.609379
1228689.730510
1229992.966287
1228162.017631
1225697.833447
1236497.888739
1219099.908030
1191041.347436
1189544.094158
1180380.436895
1189493.665953
1183630.657306
1179581.536990
1167681.094729
1164813.914023
1165645.853301
1165988.072287
1181051.690155
1182171.062868
1185599.368612
1200677.416969
1192667.518506
1165843.650942
1162458.246891
1163181.612421
1167111.727051
1174870.963571
1178021.848562
1166330.397459
1156776.306026
1149011.331441
1140614.765058
1125571.870333
1111791.761453
1102623.015120
1103700.479984
1120461.530006
1109968.765936
1100198.140873
1125253.280912
1122575.806558
1127237.501037
1133389.788251
1137134.763187
1139495.976590
1125768.043966
1141456.381082
1139641.848294
1140263.041808
1146780.698641
1137151.461166
1129307.504366
1131323.796351
1135345.201147
1124666.190101
1136198.468383
1156890.005721
1172026.961114
1175028.479395
1188126.551028
1189753.730861
1196398.908699
1193219.251469
1188716.581783
1194959.652224
1186660.638639
1196238.086281
1221247.233225
1206542.730148
1207690.794569
1204498.678223
1219062.923199
1221410.512975
1230076.999323
1224509.494694
1217428.471161
1226145.229768
1232287.197107
1234233.197518
1237876.626089
1245801.067556
1257956.729929
1260575.263039
1265384.081778
1254193.166335
1237532.203697
1244223.861691
1249993.995052
1259480.800995
1285110.925741
1293989.951632
1293838.367892
1290598.856980
1298338.278767
1296614.531620
1295612.022832
1288261.027221
1288696.126057
1291877.319701
1310042.902724
1305442.274248
1311311.579226
1307214.047698
1294058.850053
1289788.088198
1261613.070909
1251586.965075
1243104.495998
1249188.546479
1233650.698721
1237168.398173
1250835.416657
1257378.089372
1250257.979130
1252708.493642
1254223.528220
1250099.124395
1241718.014505
1248376.021419
1247999.421161
1238960.156387
1242805.058923
1232710.107591
1232134.880868
1239795.510000
1246528.774679
1274120.828403
1287708.951162
1273727.620429
1274906.351802
1270280.288043
1270619.789113
1280916.834168
1282505.431911
1297520.203383
1292642.325698
1293520.895658
1284728.614055
1284849.619605
1287222.991428
1284485.794797
1305447.125825
1309766.616292
1316361.092132
1314493.275987
1302023.836322
1297490.384196
1298721.639286
1298934.024933
1303958.398980
1309310.486429
1312253.529219
1308989.174250
1312355.714622
1313287.072010
1312995.687789
1316436.067869
1313893.499189
1308385.452463
1317177.493721
1329778.932223
1323538.222426
1316603.366751
1316969.451687
1300394.646279
1270744.211020
1268986.189553
1269864.985761
1289425.370519
1284223.634786
1286064.647160
1275472.741310
1280285.405906
1293736.477210
1286897.913651
1290806.662052
1283570.773898
1277923.816064
1269937.660244
1269856.134541
1275067.262676
1281570.593170
1280369.341417
1289090.626063
1294782.477995
1298756.302262
1296953.255971
1312266.969980
1318036.514292
1306418.186036
1302615.843017
1304984.026681
1300798.028492
1307283.358336
1307610.941109
1298443.275517
1304761.825630
1315577.681347
1314370.056764
1316024.507095
1299073.570447
1295764.031266
1299800.236195
1307559.919674
1307957.869893
1307021.015318
1315858.609795
1305785.104097
1309799.846417
1316786.998350
1336244.072712
1344578.863027
1341351.854411
1345798.114964
1342518.312330
1353154.054975
1364959.028008
1367531.757492
1374689.304289
1378459.660913
1374785.001521
1369039.466204
1367011.728881
1365766.769687
1364952.361248
1370199.890871
1372442.565470
1361873.321544
1367876.423117
1361476.086967
1374815.181925
1369558.722648
1380297.460606
1369332.691788
1363252.211228
1356100.554517
1360578.301751
1360486.698126
1369746.830836
1365750.951753
1366022.182155
1370607.236885
1375028.040403
1388736.321953
1408319.235778
1415112.144069
1420594.174259
1428642.132156
1431581.858231
1430830.136320
1431742.384400
1436968.929087
1430966.538125
1425270.817245
1441360.315664
1451344.990344
1451712.211538
1454449.198419
1461644.815955
1467883.019162
1469466.031535
1485279.797254
1482469.224862
1477438.149814
1475073.177290
1479684.081239
1472332.550238
1470029.012133
1462367.530097
1442644.436747
1472903.407533
1466109.935049
1476530.039258
1472180.459041
1475607.030124
1483943.727473
1488072.173367
1482923.506311
1482104.018403
1482506.629912
1497380.320122
1496077.336173
1446952.208348
1427654.715131
1431914.237057
1399697.970832
1365186.802291
1392440.766140
1395380.635846
1417334.332709
1418376.126597
1382354.319994
1305019.830787
1306239.629561
1214756.943926
1245560.158642
1176274.809565
1195681.954403
1158994.228575
1158137.294976
1170558.880798
1121320.927505
1191588.249724
1218425.435406
1241921.920038
1211702.422274
1213218.812155
1237280.755070
1206110.045804
1201553.678202
1257147.984971
1251285.419341
1270595.388709
1279168.341588
1287495.402835
1308052.385816
1308436.849640
1269604.057358
1294097.965094
1305684.561298
1296310.734464
1317616.610693
1324790.877992
1352745.795101
1348959.234967
1321689.113782
1324690.507384
1343323.692556
1343666.527487
1337288.311141
1316144.694315
1321839.056978
1335043.578051
1328233.432764
1341717.558301
1336961.798509
1324164.629561
1324711.132967
1343818.770644
1348833.497289
1341336.829351
1367238.446112
1375059.930197
1389946.571613
1382846.348177
1399698.482797
1407293.099470
1395446.525506
1410651.515783
1366081.292691
1366146.313037
1358697.557032
1382994.323181
1385653.737043
1389115.463700
1398260.796031
1408599.765511
1384699.679675
1392813.649719
1393359.813382
1411014.676108
1436019.268775
1502871.340860
1496805.791922
1492261.030092
1483228.133065
1476027.049850
1478267.240186
1472125.716701
1471901.669088
1458699.751624
1462586.500467
1482499.718255
1481891.599604
1474143.961403
1465270.194211
1445264.214398
1446232.207319
1450217.672285
1454828.912875
1437106.166470
1428743.865444
1436520.650412
1457116.364522
