1000000.000000
999971.358071
996639.497116
992006.329912
983897.367984
977692.185361
978611.655086
978818.147885
987472.646697
994647.539155
994239.571931
993893.343264
994995.981482
998656.156178
998453.849805
1001418.065891
1002475.251515
1006591.304455
1009606.086257
1022840.612594
1027344.804693
1037463.155741
1041582.911376
1050290.428342
1039901.842294
1039322.776813
1044269.106215
1049607.445747
1052211.049216
1054441.796497
1073106.287835
1075483.551235
1071651.699320
1078892.826239
1072430.427356
1070214.775594
1080673.007534
1079083.305621
1077963.209719
1081168.711397
1081876.741185
1078074.572033
1072982.252151
1063080.364144
1063376.597610
1068345.178602
1073976.135182
1076206.082683
1081751.536407
1083676.444935
1080182.770325
1072923.322274
1074801.718510
1071492.322287
1073552.499985
1078581.013470
1081257.215980
1073832.694067
1085662.847704
1093406.486649
1097315.886745
1105398.460633
1108054.810425
1118431.588329
1113971.594340
1120190.180186
1120242.602424
1115201.310743
1123696.763350
1127112.125947
1126290.383297
1120547.039079
1119775.567955
1128954.302313
1139359.080031
1136505.914157
1125720.314674
1126599.721005
1130372.153562
1126909.312080
1122111.273053
1111420.270854
1097495.022944
1101742.598546
1107687.728319
1112655.718917
1099391.884293
1087514.605715
1097182.500373
1108470.121900
1111575.711083
1120047.137005
1121689.280529
1118133.843287
1118368.403457
1116676.969332
1109179.503890
1106597.202243
1100880.995022
1097864.459830
1102947.210820
1104365.425021
1102065.143477
1100215.162283
1100941.585803
1104133.066454
1102257.771708
1103349.590449
1096432.921994
1098804.813347
1102106.105321
1093951.025539
1094285.388790
1097841.845980
1112271.206218
1115860.103718
1114972.695376
1121660.925928
1124380.133344
1132159.705844
1132023.707132
1128874.752597
1129914.479429
1132084.900939
1136766.845628
1173899.747157
1175677.002362
1193089.508183
1194670.633682
1192504.965188
1203232.099848
1207772.751618
1212671.978062
1216631.713957
1224129.633287
1219061.829232
1224431.589577
1237909.028295
1239082.067065
1235413.223360
1227367.398089
1248298.254197
1254309.210325
1252227.750977
1258909.980896
1261027.647086
1260414.927396
1254735.239637
1251661.977956
1244212.249003
1225839.731112
1214319.746598
1222812.603221
1230860.096836
1220696.555109
1220100.599495
1231441.472009
1246348.398423
1242349.650087
1240779.357605
1234909.602758
1234280.973128
1241712.368160
1250482.477249
1255448.494121
1263404.940815
1266745.828417
1252173.111239
1254599.686098
1258799.895007
1260132.347424
1263141.517079
1270195.103469
1272395.518961
1274227.650080
1280732.182906
1290323.927629
1297414.343664
1310190.213670
1329529.064231
1343154.802326
1345297.404436
1352212.593116
1362972.592985
1383114.783159
1381084.057881
1369331.827041
1366671.416499
1354199.077694
1355491.513244
1348797.080825
1338156.599635
1327805.888511
1291738.367442
1286309.346732
1257478.673505
1257923.627912
1263994.553625
1285088.025109
1292663.025768
1294495.269061
1284155.697085
1276914.912489
1270583.945851
1252221.671515
1270623.386588
1272800.465035
1281001.302511
1268105.415349
1264871.442047
1265959.818478
1262063.859738
1257588.703338
1263723.595779
1263850.564879
1247397.232946
1229885.231914
1231243.302656
1238552.437200
1221738.784168
1218184.447677
1217822.114975
1235956.135217
1260395.646952
1260138.133441
1266273.254247
1262915.612393
1244187.337021
1241149.105227
1247822.090766
1256121.653075
1262054.679270
1266472.673418
1272481.319085
1263084.136295
1262109.758834
1270069.778584
1270486.858332
1270070.457780
1270902.828292
1297304.409250
1305976.112808
1306635.024708
1312970.875270
1322722.302926
1321541.415216
1308006.447147
1306037.175385
1311665.549294
1321435.793416
1323786.305652
1313937.073103
1320424.326340
1317463.572904
1311105.315950
1305321.063340
1319537.425289
1318330.291898
1329986.563656
1326211.381426
1327682.988357
1335626.435088
1331743.024221
1334711.796525
1341992.110642
1346814.578453
1351108.632954
1351561.169889
1335958.703311
1335395.500161
1329746.476832
1338951.105920
1320000.149676
1319781.964095
1310403.168014
1306477.092401
1321119.175897
1308729.675174
1313750.160834
1300218.181588
1308757.695751
1328420.351332
1332094.335929
1323314.181071
1332022.410643
1332863.385133
1319267.022465
1324942.614891
1321337.694922
1324659.768448
1347574.066001
1361114.190507
1368751.655430
1373987.838196
1375712.165959
1379616.941611
1388936.028592
1392936.596673
1378419.686867
1365145.516706
1374282.029456
1386007.439880
1403203.166069
1404084.495909
1422440.623992
1410721.079401
1403250.280034
1406110.750368
1396695.019017
1401739.427414
1404916.619161
1411422.513730
1421595.843304
1421321.997759
1443035.946416
1443735.505907
1444075.854830
1439999.217846
1447523.659258
1429439.434085
1419798.635531
1427377.230244
1418804.408952
1414433.839155
1415632.691991
1433053.885788
1422295.194960
1422277.334847
1432239.029418
1448866.588072
1460577.703613
1462447.579604
1465317.537247
1470274.693890
1432350.348116
1437574.098837
1434312.931224
1385247.084404
1401016.144385
1404067.306157
1418925.229263
1415486.766684
1409431.259122
1423396.025642
1387592.726564
1383225.411771
1384862.682047
1365777.703179
1384044.109714
1392144.728714
1424944.941178
1413902.871917
1423071.872726
1422746.279422
1423102.004065
1429995.855785
1408565.713949
1404302.862173
1407225.203457
1392519.618250
1406602.406267
1407177.804584
1406569.441320
1385652.015020
1379163.549395
1373981.879599
1379272.510252
1402894.921615
1399763.961203
1404179.337145
1418843.688109
1423194.969847
1382098.430244
1389553.810417
1378796.253069
1387135.317907
1397328.152858
1407711.080089
1403198.843136
1396007.009552
1384859.423293
1380039.885815
1363196.197291
1342049.021536
1341362.632554
1336518.177651
1347724.001696
1351518.941642
1346893.571769
1362257.699918
1366642.417789
1372841.103542
1384739.565908
1388737.234891
1388967.846412
1381983.338075
1406750.133613
1409321.705918
1403696.549035
1417257.666025
1410422.692310
1398063.466279
1406066.796836
1406177.506024
1394605.167610
1400683.247146
1416240.606002
1442092.971137
1439805.547619
1456893.583755
1450131.481690
1449456.130567
1439746.056149
1437905.584026
1448119.236400
1443391.846289
1454025.054547
1494449.349075
1471971.425853
1471669.770955
1470517.304107
1491489.688526
1492791.600984
1498001.499940
1485646.914106
1469057.765010
1477699.561784
1483896.188696
1498008.904616
1502129.480400
1517446.398360
1528898.917493
1534033.766606
1542394.377158
1535698.220729
1511443.823585
1518868.527852
1526722.846250
1540429.886238
1578983.388083
1588232.245362
1585315.883765
1583584.473848
1601345.509791
1600831.983576
1598488.341628
1585435.380585
1586465.789233
1584634.308494
1607540.930506
1598935.179272
1611918.124787
1613011.185081
1600439.218809
1603723.804103
1559220.491097
1546014.264688
1534317.217795
1554885.372049
1539580.035732
1542655.122372
1558308.320660
1574933.346213
1568865.882886
1582253.619316
1574089.249625
1574565.154926
1560844.898130
1581652.515162
1598215.624632
1591923.764114
1598848.022871
1595977.646019
1602903.074256
1590764.547305
1583966.799478
1615816.965484
1633901.770363
1623158.940066
1624126.458022
1619603.063601
1617045.134342
1634041.191822
1643041.192965
1677270.714020
1672254.539775
1673959.848888
1665017.660218
1662682.989502
1667333.248124
1662444.644870
1683075.518734
1685810.367210
1676811.015182
1670552.954252
1649019.556176
1645729.377295
1645754.700150
1650603.164435
1656792.729060
1673258.328792
1674085.154724
1673793.853733
1658393.839181
1658421.153854
1659814.275544
1660298.580494
1657687.548668
1669105.601062
1674587.337201
1687797.827566
1687456.980843
1682057.568202
1652360.988842
1633892.684483
1611228.774772
1607444.708949
1600492.175496
1623035.455033
1620865.757810
1610673.188354
1612940.275103
1614975.177347
1627253.109895
1626267.495283
1628142.198837
1617002.685050
1623289.374665
1622697.271303
1627380.497069
1623562.892846
1632655.718979
1625474.200030
1640632.084381
1644111.051146
1649776.247559
1647013.095073
1642202.140486
1651143.978797
1662863.250586
1646239.234192
1652387.086658
1639613.794627
1661898.590448
1658427.731231
1661708.920884
1649797.143768
1659635.613448
1659805.555967
1655694.602165
1636772.107369
1626724.214179
1646145.453871
1642901.437676
1637762.353481
1635271.451921
1649112.237412
1639008.612401
1609794.743646
1623648.151763
1619299.500363
1633717.733373
1643300.345308
1652558.225710
1661435.698242
1672345.630792
1693161.270940
1691874.346162
1701416.600899
1703709.382867
1696168.722350
1687752.944442
1678398.101295
1684624.350980
1690130.333875
1694016.185362
1695843.754755
1686395.419659
1686468.530080
1670809.106360
1683065.847411
1678290.710078
1683153.904866
1670298.003256
1662572.737224
1660068.818811
1675364.039327
1678753.133436
1681228.325237
1673375.226974
1669780.523951
1675990.208931
1672650.074428
1694095.483719
1702275.618880
1723176.266350
1724321.582752
1728765.735188
1732265.344194
1727960.760520
1728852.267619
1736780.260555
1732067.026552
1723574.800703
1737057.712139
1746525.907689
1739144.506817
1729526.179098
1727604.924188
1742161.351267
1745333.244513
1764715.756333
1761411.696317
1753014.345580
1751486.047824
1751211.725167
1734815.151715
1730512.185596
1728646.305819
1649316.427016
1687489.820065
1695310.044136
1698244.200835
1695195.861375
1690247.850111
1700443.246741
1709126.744865
1701547.510328
1698150.660928
1703856.816651
1710504.428744
1716563.135480
1670399.505517
1660585.736682
1655759.900024
1633864.677126
1573210.953282
1604173.839136
1608852.816141
1625153.823232
1630426.831105
1584880.748831
1483127.238720
1478732.511868
1369658.327368
1402280.115098
1312940.867626
1297237.719110
1250123.278114
1240200.187107
1282293.663293
1206622.762961
1295478.263569
1340764.793284
1367800.140611
1350361.184395
1334164.225706
1364965.197154
1324326.827211
1302825.714140
1373269.076916
1355217.275123
1378986.949405
1356423.883380
1359095.861114
1400612.425118
1402912.707095
1359306.571626
1383553.525584
1416239.457948
1384117.577463
1403560.912007
1414444.880718
1449167.621243
1459280.059934
1409170.761955
1406789.345034
1412754.873627
1414307.147090
1421427.694541
1382089.846672
1378859.748144
1387384.312919
1386505.046688
1397859.887629
1391171.711824
1378696.805637
1373381.590348
1406930.002467
1414957.418407
1405465.526917
1434715.333900
1457141.146614
1473032.414475
1469743.214824
1496224.470568
1512026.163645
1497790.717666
1498702.204988
1452297.589405
1451992.213381
1429132.875789
1453837.998224
1452922.454553
1465036.544465
1473180.671035
1491353.012315
1462543.933045
1466866.761706
1465393.995142
1488077.933305
1514725.116556
1575694.101219
1589183.874935
1580304.590155
1579458.542942
1558413.572652
1565739.762615
1550140.882796
1566970.915486
1579587.065193
1582812.973076
1613865.091998
1625532.308263
1610692.169083
1602271.052443
1580601.611645
1573296.859450
1583093.031003
1583050.572763
1563029.699248
1565254.249902
1573747.325064
1597338.925085
