1000000.000000
999875.579379
996542.190619
991907.857632
983798.089203
977591.723748
978509.409346
978714.018216
987365.490871
994537.541865
994127.409090
993778.582343
994878.566464
998535.979506
998331.935814
1001293.555258
1002348.069387
1006462.367602
1009475.177354
1022705.858708
1027207.591184
1037322.622530
1041439.336438
1050143.406593
1039753.730968
1039173.123214
1044116.902932
1049452.909497
1052054.236129
1054283.387651
1072942.873926
1078325.892574
1078906.299163
1082557.799375
1080195.356781
1081628.412553
1085391.420332
1090120.887296
1092611.684709
1088708.243283
1085383.961270
1084689.957279
1084261.339425
1079000.048428
1079480.872834
1088465.498464
1090242.085308
1094722.269843
1100585.526247
1100647.032067
1095733.360477
1091729.652194
1087156.314432
1082674.829132
1080074.458365
1086683.697454
1084829.908037
1086202.922967
1096834.119481
1104528.903492
1113897.430762
1121287.447289
1125993.893988
1131979.601519
1128610.936937
1135578.361329
1139602.074252
1139862.654050
1147746.144151
1146334.846968
1148450.938038
1142319.580974
1137082.351699
1136465.181172
1144316.840892
1146636.158346
1144173.549077
1146338.497115
1151678.869580
1148694.940103
1145033.885280
1130725.134329
1115527.813973
1126815.014714
1131281.636181
1126254.188813
1121490.247331
1114656.809462
1123223.775522
1131701.277861
1132675.943585
1134852.639195
1140159.841028
1143642.889387
1144018.873753
1140335.618889
1136479.487124
1136320.623641
1130800.672290
1134864.739448
1137699.802239
1141605.177520
1136180.317158
1137966.505954
1142435.286460
1142784.215390
1140351.650067
1136759.986084
1129524.750171
1126809.126863
1128593.160610
1125699.632658
1124623.995431
1128328.909510
1150431.008120
1156880.274050
1158546.638899
1164656.518006
1167415.130076
1174994.013795
1175326.859261
1178652.767624
1176031.348229
1172460.870940
1176518.052000
1194330.896136
1200563.942519
1221435.614702
1219701.803990
1217900.892297
1224822.056702
1225486.375276
1231887.044328
1232572.222700
1233880.244690
1231591.121344
1233227.171802
1241700.414311
1243743.439410
1242213.918018
1234636.044677
1248239.375337
1252343.165134
1254633.860039
1262045.215695
1264008.255320
1263796.437098
1260566.736418
1259004.900449
1244854.275449
1232905.022486
1223828.059368
1222625.086686
1230200.446445
1229150.556642
1228333.663857
1234796.258655
1248348.947683
1245255.386503
1245091.141167
1239887.601871
1241331.932756
1249650.417941
1254826.424661
1256357.113863
1260439.352401
1260055.645396
1252614.305185
1256202.826217
1256685.891486
1260575.623622
1270399.529004
1277028.930195
1283096.010833
1287511.943859
1293671.077592
1303198.596672
1308021.626410
1315728.651936
1320000.545982
1327304.008312
1326709.396051
1338146.089741
1349514.159012
1367940.710820
1362160.694750
1354108.133990
1356537.978207
1345063.717873
1351141.506048
1343579.582498
1329447.792769
1310972.734093
1288755.119181
1271590.172861
1258999.645952
1263105.317218
1278161.623812
1289705.811345
1299961.383599
1304471.033953
1294322.069743
1283437.951536
1275138.412358
1263819.622781
1277423.584605
1282861.575497
1290638.697691
1278462.677117
1277156.111064
1275974.239059
1271082.028067
1261258.361109
1266339.548505
1263811.580835
1249906.378065
1229552.449642
1237151.965111
1231628.853455
1219493.685836
1221332.849044
1227349.720390
1238151.705643
1259715.733273
1259630.646558
1262546.797738
1258244.870375
1245099.675890
1247410.371921
1250394.581752
1252967.070503
1250716.186689
1251729.615439
1256605.050238
1251612.101841
1258519.460853
1269961.349642
1267165.300616
1265437.989153
1268402.878718
1291612.441880
1302625.424520
1308449.946117
1309884.761493
1315093.731365
1308792.350001
1300917.400202
1297586.866166
1303296.423442
1308474.906903
1307706.439196
1302202.414038
1302963.400201
1303943.500801
1297632.326755
1296384.073437
1307251.305116
1310897.123189
1322921.068873
1320648.624152
1322988.201916
1325555.350823
1322803.749923
1327209.838596
1336054.666803
1337410.297082
1341260.234835
1339354.393722
1325485.517391
1332563.353179
1325860.084876
1328780.207946
1307031.960848
1304619.838699
1295712.675797
1296653.041752
1306586.010562
1295841.257741
1293939.114013
1292723.767974
1301789.847556
1321602.838140
1326957.871333
1318757.376647
1335343.980674
1337454.626156
1324946.728558
1328344.834771
1325986.265229
1329291.169623
1347143.045372
1353421.968150
1359333.973564
1366346.596201
1370600.527094
1369888.989451
1373026.926155
1381804.612654
1373934.513381
1369738.927060
1376354.421686
1382842.016332
1401107.004127
1406659.535483
1414826.928497
1403584.121976
1394818.394950
1401095.599240
1386182.725615
1382823.595163
1392265.980173
1397536.018800
1404810.755942
1407112.684854
1423830.922049
1424635.885277
1418132.242632
1410424.571681
1412487.726417
1392751.303455
1385029.983931
1387854.025809
1382906.414078
1377072.327474
1382956.342442
1395670.468828
1384457.709420
1385505.455254
1392680.003344
1407647.957581
1413300.334940
1420751.892611
1426147.147809
1426862.225530
1372880.551108
1376600.373055
1365755.192100
1328232.331820
1347058.001209
1343588.288483
1359321.289905
1358647.304616
1344555.472616
1355256.113132
1334685.203585
1320085.063604
1332346.364599
1318247.406220
1319521.097021
1320738.865521
1344952.355532
1345495.739497
1353819.194751
1350919.979167
1349023.319423
1360284.706494
1341204.033303
1318391.879697
1324587.732223
1314378.715630
1325819.113289
1314395.383770
1305353.920049
1293409.699570
1289176.099250
1292987.447877
1295084.327131
1314874.829628
1315458.711025
1322288.759681
1342254.998072
1331195.577220
1304907.958577
1299570.442705
1295658.738025
1300422.484245
1310202.210753
1316125.048984
1305899.630434
1296682.290123
1292188.550599
1280916.171394
1264702.450188
1244993.745312
1236665.537588
1243729.426994
1259778.539320
1256459.693373
1244553.157543
1269953.419208
1274122.568438
1277538.815869
1285979.997122
1289750.301245
1292828.418596
1283026.598998
1304173.457792
1303993.404930
1302663.664112
1316699.644570
1306554.914953
1299438.907374
1307717.196071
1312088.246687
1292916.030263
1295876.227330
1312912.022740
1333899.115127
1334775.607049
1347567.185643
1350062.234962
1353566.782177
1350189.667493
1346082.257573
1353039.844421
1346918.936710
1356103.971767
1379917.775404
1364341.402834
1365346.788903
1365171.198066
1381611.646593
1383535.355139
1387223.203122
1378008.560791
1368713.144170
1384815.439008
1391283.798804
1399716.905909
1402293.502865
1410344.620883
1424043.744873
1429720.223344
1434659.173832
1425433.197096
1406821.180024
1416050.990571
1420617.294695
1431624.995704
1463749.457389
1470349.885623
1470627.516338
1469547.136726
1479746.317468
1477105.309983
1479053.735741
1472589.847319
1472587.867906
1469911.712798
1489425.346642
1487177.452472
1495841.760223
1495778.016146
1482968.463969
1479293.849099
1443469.336854
1431810.627736
1418905.297937
1429747.389187
1410783.900766
1416698.745190
1430785.134640
1440498.078481
1432152.644132
1438481.239851
1440232.722386
1437268.277009
1425110.503967
1433913.377220
1438200.613025
1428993.710467
1433412.730826
1423053.582649
1422465.767086
1427492.639413
1428321.124582
1455706.538330
1470324.585376
1458938.185309
1461310.343969
1456044.969323
1454365.158212
1467737.685309
1471414.655125
1491435.819500
1485505.572225
1486438.615122
1477889.935359
1480169.866420
1484693.407523
1480895.746534
1501388.559036
1503974.796452
1504053.783284
1501220.446889
1484728.802254
1484081.867469
1486220.673513
1491620.988661
1496513.007939
1502641.418025
1505822.535902
1503996.594237
1498706.877090
1497765.618066
1500233.296701
1503442.428628
1501439.295577
1498271.489747
1505889.240187
1514754.221724
1507971.175060
1497825.399014
1488006.470073
1472078.490002
1440547.066648
1439075.810316
1437384.072028
1461738.891591
1455919.492930
1464930.480634
1457742.134248
1464318.033937
1480812.230987
1475133.963450
1478948.871967
1471623.644450
1467593.217320
1463290.938104
1462759.457671
1466494.958931
1474420.868396
1466919.897998
1477880.875398
1488186.596030
1492228.894878
1491485.583620
1497332.122732
1502268.525522
1497632.459259
1491107.674085
1496543.036552
1488926.663377
1504850.985221
1504803.642761
1501941.655298
1503466.006362
1512139.267385
1509987.321397
1509994.143019
1496169.457576
1495076.138827
1506035.605967
1510589.329722
1516468.455774
1513194.918193
1524382.672836
1514395.191665
1510057.200037
1515598.497604
1528295.419772
1541218.105957
1543266.242534
1548058.860822
1547215.632029
1557127.120737
1572718.208827
1574165.026546
1578683.651065
1582960.434401
1577492.060822
1569557.450308
1567373.391190
1568086.916484
1568682.219483
1575272.574632
1579357.260724
1573315.769209
1575905.852520
1568318.866071
1584119.987772
1579249.831449
1589040.632212
1573477.767710
1567360.116552
1560566.339119
1566495.154199
1566051.931558
1574786.461957
1571717.132585
1571109.550603
1575872.189775
1580204.356140
1595232.854768
1606537.722919
1617128.781411
1620639.094735
1629314.149224
1632036.200608
1628741.592199
1628495.082559
1635728.259144
1629654.464802
1623647.501405
1638767.769678
1641565.041747
1639205.091099
1640080.246297
1642314.385565
1654001.348410
1656392.228318
1672961.575563
1666427.015763
1660363.954285
1661198.034732
1666200.298642
1653841.243109
1651787.670066
1645621.028201
1603666.515220
1635538.165385
1637127.107744
1648643.640025
1645044.416580
1649927.554182
1661743.618795
1669720.257403
1664587.810541
1668015.906575
1669496.511518
1687397.272284
1686480.477202
1630549.510860
1610414.906864
1613071.002629
1582086.527891
1546990.425022
1573589.625000
1573793.075397
1595664.262380
1593888.525468
1554671.511121
1464532.782175
1470620.975676
1370879.393410
1412091.504204
1323985.226664
1340888.182252
1298558.527323
1294586.399448
1322311.416148
1266075.577787
1348365.365284
1384466.728132
1408969.716684
1383251.234192
1382508.171420
1411153.673071
1370336.097691
1363474.195991
1434117.113350
1428043.720248
1444331.577750
1449019.055666
1459754.556716
1486315.383024
1486301.407758
1445021.493532
1481405.213261
1495958.507117
1485380.891423
1506627.104623
1508473.823234
1538613.660892
1539117.189840
1507686.326009
1514718.417588
1534933.440838
1525616.704510
1525051.579543
1500813.996892
1508677.512192
1520276.703966
1514429.460662
1529618.399179
1522372.545476
1510233.396476
1507921.709687
1526793.560557
1532768.360862
1530804.065020
1560321.501699
1571115.515435
1584675.713082
1581007.576873
1603020.818036
1610458.899909
1600799.931453
1615016.119490
1565896.946295
1571013.640007
1561831.275025
1583578.157761
1586665.042067
1594975.280595
1612689.713590
1625485.461998
1601689.137459
1605295.554641
1607512.822165
1629377.055127
1656241.064468
1726406.442803
1728302.681544
1724536.370175
1726015.267471
1719788.553974
1723934.405853
1715298.091658
1713633.481902
1705154.627808
1713702.797871
1740146.702254
1745217.163379
1739008.186822
1728822.612549
1711963.666948
1713398.524347
1718495.467482
1722007.362303
1706416.595437
1700745.152326
1707353.136364
1733605.141653
