1000000.000000
999875.579379
996542.190619
991907.857632
983798.089203
977591.723748
978509.409346
978714.018216
987365.490871
994537.541865
994127.409090
993778.582343
994878.566464
998535.979506
998331.935814
1001293.555258
1002348.069387
1006462.367602
1009475.177354
1022705.858708
1027207.591184
1037322.622530
1041439.336438
1050143.406593
1039753.730968
1039173.123214
1044116.902932
1049452.909497
1052054.236129
1054283.387651
1072942.873926
1075399.153013
1080591.648846
1085351.594743
1086260.659063
1087991.259122
1096277.895633
1095839.596191
1093067.406069
1088967.080581
1084937.556647
1088235.018512
1086066.975860
1077422.956051
1079082.025740
1083915.461724
1087511.350003
1090892.985131
1097935.445765
1097732.797259
1090547.119807
1089020.918999
1083511.555769
1081877.603298
1079504.625227
1079022.604542
1072380.979149
1074165.575899
1086853.312370
1096484.055505
1102918.466848
1107681.999890
1109889.622653
1113966.115891
1115044.915974
1122538.349031
1125546.460833
1122534.104290
1134588.337926
1135675.687669
1135578.346881
1127073.892208
1121314.815951
1116552.203409
1123301.331767
1122243.783176
1122990.768977
1127984.104819
1128227.771944
1129974.722102
1123742.816510
1111194.976007
1104532.210804
1110211.271801
1116527.943495
1111759.265583
1108272.087563
1100522.308505
1110111.606145
1115756.052153
1116101.784757
1120029.913324
1125648.579555
1129666.410013
1126668.491458
1122482.456368
1117501.243582
1119641.036826
1114684.568033
1121258.439375
1123804.869723
1126519.009106
1122222.374392
1120133.099601
1122495.547136
1120935.394489
1118127.772704
1115731.332671
1108005.120097
1104353.789371
1102200.616724
1101312.519462
1099870.930005
1102185.376972
1121765.768218
1126665.928835
1130316.562482
1139648.294256
1139146.204330
1144834.744360
1146947.175618
1150184.057014
1140728.728593
1127929.096433
1130447.705887
1126836.687582
1127969.281967
1154660.249038
1155424.140828
1156457.968474
1153923.855026
1148685.415022
1154266.760827
1155075.215958
1160941.110927
1164755.629144
1164848.547226
1164837.875221
1173227.421976
1169799.973092
1163178.627491
1173746.172986
1176108.168531
1178426.090696
1185247.356166
1190953.898508
1196281.431926
1196839.518024
1195611.846290
1181812.050037
1173395.152890
1164863.402340
1164011.444480
1170193.512388
1170785.179356
1169094.889694
1176062.975074
1189716.072826
1187661.327539
1189263.387686
1180580.328469
1182633.112257
1187004.333362
1189949.673219
1188961.134947
1192829.631697
1190289.469073
1183949.275416
1184100.367575
1187542.899661
1190711.374570
1193857.938633
1196404.000159
1205393.134467
1213513.994846
1215855.891765
1225992.628141
1232450.336093
1239152.938105
1249777.708040
1257785.603610
1258502.675239
1268109.839630
1280574.462109
1295680.842159
1294879.629935
1285982.871275
1296909.973604
1288837.901128
1292618.276255
1287079.200825
1288580.294198
1274229.257186
1252014.044997
1227243.706460
1211284.779782
1218070.623327
1232738.024180
1253579.260813
1263372.598393
1267890.080445
1258108.673841
1250093.584124
1243668.943662
1247373.629269
1255988.393310
1262431.714108
1272607.296156
1253856.082472
1246360.895997
1243756.518464
1239542.123565
1232843.696761
1240078.695063
1239688.475178
1225827.681499
1208070.782493
1211076.975308
1204401.615500
1194608.498897
1194405.820117
1205779.261635
1212615.748071
1232542.288396
1235785.927685
1241875.403863
1239249.848087
1227191.584285
1231789.504308
1241239.631137
1248058.932474
1253739.435102
1253205.452534
1252493.546022
1248364.176499
1261093.021358
1274923.612468
1274943.025266
1265170.291793
1268740.340455
1281783.424410
1291736.580025
1293716.765904
1293624.616534
1294278.261885
1288887.159221
1287939.953933
1284483.660428
1290900.464529
1300546.635146
1295443.552560
1293521.027241
1295712.959773
1297305.799821
1292788.922288
1293605.454878
1298493.142839
1301212.759180
1312594.332222
1310098.154672
1317177.729640
1318255.958357
1316628.318863
1324381.441271
1335174.846596
1338961.773719
1343143.651206
1348075.759234
1335038.233109
1340095.441232
1328752.427671
1326308.324869
1309504.513219
1315455.457875
1309882.117419
1314884.414494
1323031.821498
1310990.701206
1310231.898066
1305815.037906
1315320.885303
1332568.100813
1333708.323917
1336192.089461
1348749.231623
1353699.441267
1344856.713054
1350677.344830
1350389.327060
1350765.188269
1366289.157607
1368896.259008
1371091.360885
1379062.658384
1370115.868146
1367844.332330
1366786.538179
1375623.397981
1371091.034245
1379397.856715
1386138.305101
1390226.904771
1415650.913316
1417964.098943
1419497.662109
1413024.630722
1407688.962240
1409949.272744
1399945.912412
1391734.050165
1396931.318049
1401496.457577
1408159.905761
1413923.504605
1424977.973192
1426919.900800
1422139.872362
1420270.776873
1422285.496617
1398065.612570
1388979.447755
1386864.505816
1390563.218166
1386343.467522
1395540.556251
1403030.973103
1391237.287851
1395186.576665
1400992.760838
1421409.449213
1430891.263019
1435271.972452
1444944.634378
1430545.595289
1371028.588592
1379176.068453
1360163.157840
1324208.451792
1337611.164137
1340305.091580
1361878.093607
1362393.320999
1353359.911028
1362040.363029
1353883.217031
1343290.440885
1371402.422057
1349582.025183
1343982.902220
1352481.306184
1373360.016251
1376502.870743
1382751.167377
1377738.683005
1380090.840660
1399079.262339
1387056.050791
1372284.758841
1378024.787977
1363671.066213
1375992.014240
1376890.556782
1371439.113664
1357002.292891
1350168.765002
1361249.160350
1366200.943022
1394699.675145
1391199.661058
1400847.103541
1416247.669796
1409867.304847
1386551.322105
1382366.560676
1382071.210344
1389763.450929
1398411.756853
1404299.129942
1388811.437948
1368952.960564
1360999.108902
1350510.767676
1331263.939346
1310077.238195
1293703.677829
1309132.150895
1322861.219354
1319863.188604
1309771.626695
1333777.202445
1344361.930103
1346973.321717
1353908.289714
1356944.006020
1354062.684639
1338609.495518
1365254.679399
1364622.444916
1365447.731439
1364151.479027
1352948.109908
1345910.141922
1352294.805008
1359186.754906
1353196.576950
1357213.466944
1373459.530229
1386884.095620
1385153.379916
1399040.022836
1403751.800962
1403094.780438
1398286.278079
1388399.430996
1392475.696300
1383403.105055
1391751.322527
1421311.189081
1412052.719346
1416201.888377
1411824.919490
1418368.348589
1415793.794703
1413614.996513
1405473.896866
1399625.834884
1407979.837606
1408997.832213
1415444.483612
1418009.811145
1423759.081358
1431006.681651
1432411.047696
1443525.970142
1433959.775360
1420420.899191
1427101.369288
1430671.974369
1440598.711250
1471194.850767
1479563.594924
1483273.834528
1471720.298379
1486001.557710
1482223.731113
1479294.307456
1470239.597856
1469392.189701
1474170.266563
1493967.224836
1494156.672129
1501955.467975
1499335.283218
1492183.208564
1493268.071697
1475141.230791
1466890.482826
1456645.127821
1460856.586956
1443375.008085
1444363.903018
1458017.862766
1469725.280395
1453410.660892
1454949.570627
1451329.655153
1446893.502506
1437132.923190
1440454.502398
1447389.591207
1444543.636609
1449467.259028
1442600.434687
1439356.655777
1444672.283429
1456736.675410
1491591.764334
1501916.614414
1496944.391134
1500120.218463
1499718.870016
1506269.744231
1514396.980290
1520822.353406
1532160.204563
1523442.076031
1528671.720401
1513337.009525
1509438.252722
1514441.478179
1511359.850922
1526830.011683
1534473.102176
1540907.050271
1532216.124763
1522223.267766
1520312.395944
1523882.395041
1524402.754592
1531595.649716
1546622.569716
1547208.390316
1546277.076068
1536374.323696
1539539.438440
1541520.586869
1546821.932659
1548278.418933
1536117.149696
1534322.364315
1542654.109664
1547562.023223
1536849.817233
1527311.646200
1514982.894362
1492617.727142
1488763.466883
1490869.794414
1512089.754117
1506017.311443
1504043.335932
1488910.524758
1491883.164556
1506378.216077
1505429.726666
1509561.219776
1504729.547517
1499181.114474
1495679.507033
1498039.194248
1504709.265940
1513046.501836
1518533.225109
1525581.596467
1530747.904050
1532539.421871
1526691.405814
1527597.257343
1532053.223447
1520777.258174
1520241.759099
1521173.025556
1519668.604154
1516334.568710
1508958.986209
1502026.014236
1507794.944220
1517423.770780
1513374.575773
1518210.798879
1503928.862845
1499583.068715
1508067.275483
1518377.531780
1519000.432330
1521064.975727
1532254.149614
1519363.441144
1508371.505833
1513017.025021
1543366.154400
1554438.015377
1556198.281136
1567516.892258
1569204.555752
1571971.424756
1579278.463318
1580194.685190
1586515.042385
1587368.311062
1578071.002755
1565908.075002
1567609.769183
1566437.403620
1564240.777439
1568315.852744
1570604.556177
1559206.400832
1558109.057885
1546481.933105
1560650.190658
1557211.133149
1566208.004979
1555971.080555
1547683.713434
1546716.564456
1548308.301717
1548404.387767
1557462.517909
1551437.379156
1549709.618407
1556648.324688
1558229.939378
1572168.705167
1591960.976638
1594062.248560
1598681.230704
1612209.677352
1613821.189701
1617073.229036
1617374.290293
1629634.923952
1618167.071659
1612590.490279
1630320.491085
1638940.026375
1639118.304077
1640389.246141
1644971.270337
1647975.237394
1647761.312753
1670520.365862
1670713.633693
1664830.199870
1665153.013536
1668440.452458
1669703.812118
1672414.566443
1663489.623781
1690222.182414
1729160.807576
1707383.784397
1713951.964660
1718255.773737
1729585.153664
1734497.185952
1739836.712232
1741764.106872
1737998.066898
1752012.654644
1765892.166466
1757029.657613
1704308.509479
1686255.942297
1686524.686428
1645625.386419
1602920.952531
1646020.918574
1642145.787838
1668056.837380
1667967.830554
1635738.588935
1552087.715070
1555033.852244
1456505.495936
1483777.507970
1402835.588940
1436576.369989
1397433.123973
1419410.322632
1447761.064202
1398988.214797
1466677.480116
1491975.418253
1517673.220187
1491463.079721
1495980.250142
1513971.189713
1463741.043199
1453336.615784
1529744.979148
1519875.898711
1538092.772112
1592374.540973
1606293.258682
1623973.752521
1634763.767718
1590338.627916
1618184.840726
1632205.067929
1619709.778534
1644064.876840
1633274.139588
1664374.603963
1682992.797838
1642848.332579
1643819.389495
1670573.743175
1665442.881127
1664372.461397
1639035.184903
1642352.317369
1662125.340967
1657251.095822
1671119.393776
1663297.989993
1652809.126283
1643717.707959
1660502.409153
1668243.052006
1666897.880651
1698927.062260
1703417.674435
1715838.219932
1713439.941495
1722691.246506
1743236.377832
1742173.479147
1763269.302666
1718773.313553
1708627.883598
1707587.031093
1729406.572135
1738833.144175
1742679.836498
1749847.042209
1763049.779856
1746264.159897
1757512.864965
1766184.553919
1790037.567865
1829919.616577
1926557.696527
1918098.109957
1913150.845119
1917190.045830
1920616.567158
1917768.262374
1904239.998349
1914087.345648
1910986.560242
1911923.103189
1962616.311751
1949341.999158
1936341.774459
1920809.831553
1899548.646458
1919013.696839
1924807.377194
1930114.470917
1913209.444622
1913536.858105
1924139.760903
1939312.192980
