1000000.000000
999875.579379
996542.190619
991907.857632
983798.089203
977591.723748
978509.409346
978714.018216
987365.490871
994537.541865
994127.409090
993778.582343
994878.566464
998535.979506
998331.935814
1001293.555258
1002348.069387
1006462.367602
1009475.177354
1022705.858708
1027207.591184
1037322.622530
1041439.336438
1050143.406593
1039753.730968
1039173.123214
1044116.902932
1049452.909497
1052054.236129
1054283.387651
1072942.873926
1081419.463545
1083862.529471
1085131.170325
1084002.489978
1087719.683360
1090379.569138
1092186.561743
1103486.858748
1096542.665175
1092450.098387
1090647.353990
1087854.312717
1088222.266981
1090959.761665
1105796.679289
1105839.180719
1110255.358254
1109628.120711
1103384.535602
1093852.418866
1093685.783039
1081959.992895
1076152.151854
1073509.625680
1082510.912225
1083826.408056
1092605.765491
1106305.484929
1111206.441300
1125584.715311
1130829.171998
1138554.663490
1145069.515654
1143382.000294
1148050.393693
1156116.429975
1153907.853974
1152520.416210
1154299.178022
1158994.460322
1150510.026381
1147328.328678
1149333.378103
1159879.558101
1162944.945072
1164138.549896
1167521.139818
1179631.759781
1177066.022264
1176880.559615
1153987.364770
1130625.083187
1151796.547182
1153491.505030
1145125.998296
1146416.326151
1142694.739295
1155270.135349
1162245.164402
1160772.583110
1162512.731067
1163942.922427
1173858.931286
1173985.836203
1167548.376783
1167267.587451
1169000.545117
1161813.064187
1170298.921173
1167601.274424
1171960.119376
1161548.335999
1170129.359624
1181565.737744
1181190.924853
1177724.293956
1166722.770874
1161689.228191
1153533.603555
1156699.284333
1157178.552017
1156376.021396
1164679.016224
1187795.873991
1196230.113138
1199886.574462
1209531.025040
1213284.888858
1219766.905999
1220559.997345
1227945.957394
1212928.972118
1204198.900068
1210897.817816
1221133.676230
1236052.235831
1248761.866056
1253579.343012
1261975.259939
1265858.285828
1266960.845779
1275376.116489
1276145.475329
1276615.657629
1273267.645173
1271243.307600
1284620.836625
1281849.693002
1281117.693359
1266075.027930
1275893.118453
1277581.686653
1284508.402047
1295679.024295
1298103.669729
1303010.345935
1295385.541140
1295243.786314
1267263.228721
1259107.704605
1247680.859201
1238629.672180
1246735.949779
1246121.285367
1247037.669133
1250665.302122
1263151.247483
1259055.176762
1253564.814652
1245832.281691
1254124.206584
1266643.168891
1267005.892630
1264136.278457
1269215.060216
1267530.280752
1263322.905328
1261320.059751
1257640.767661
1262272.071829
1278302.977724
1286919.563188
1291491.187564
1295998.061320
1299782.233410
1302693.617702
1306172.591733
1306948.348357
1301758.483352
1312481.660010
1310059.175837
1326716.993664
1331779.783226
1347232.156582
1336840.793946
1326090.039437
1330008.423311
1319489.823586
1324018.936259
1318343.682789
1302727.380659
1273702.883757
1269291.723683
1244707.026938
1240315.063674
1246420.942881
1264992.056549
1263267.786147
1275016.486047
1284107.128320
1272436.831843
1261489.663322
1248809.441648
1249830.943245
1265279.814527
1272136.197603
1277887.592037
1264935.657266
1263163.709678
1259282.615511
1262442.456742
1249063.814929
1258746.647144
1253788.912757
1241938.444106
1219465.416992
1233241.011395
1222861.042079
1220951.511263
1225774.900016
1231072.598731
1234086.901314
1255086.913627
1253360.614709
1258918.273620
1254430.490938
1244654.238633
1250082.547660
1254610.487312
1244783.148598
1239012.525944
1237229.724386
1246704.346090
1238444.089235
1246183.806008
1257901.979726
1261259.252898
1264309.392741
1275302.630446
1298717.011356
1314674.780994
1324525.282515
1320814.068550
1323961.659694
1312447.110320
1304987.378078
1305337.250022
1312595.269658
1319437.532638
1319271.059504
1316956.841055
1313578.658475
1313617.139885
1309963.491870
1313871.764107
1315804.798615
1322351.553490
1335156.126575
1335716.651572
1332372.308375
1333575.471917
1331908.937466
1333263.527995
1339915.303248
1338665.132388
1338109.051158
1331432.395538
1314561.744234
1320361.712188
1309873.610570
1313665.726117
1288000.656533
1290828.464833
1288334.223828
1292953.756807
1296386.827810
1287803.744736
1291240.816915
1292718.540761
1302442.667077
1317739.644985
1324928.241492
1307228.400221
1323447.583153
1321661.287760
1308108.608730
1316266.496215
1316405.206947
1329983.654532
1339829.758963
1338141.685369
1340983.830760
1346052.420358
1350725.413834
1351210.653267
1350450.260134
1359566.847008
1356830.743986
1352513.029209
1361508.931883
1369713.865688
1381800.350638
1390284.856494
1392583.318233
1378943.931399
1373726.055681
1381649.231126
1370536.016314
1362949.466401
1376927.513966
1382466.380688
1400539.402973
1408161.928129
1420599.203384
1420675.890898
1415824.186084
1409466.331059
1415995.214492
1397217.707074
1385554.121613
1385575.194507
1383219.494432
1383121.281558
1385345.748516
1399371.710516
1388672.992248
1383254.931699
1383716.183134
1395775.084908
1400940.806287
1403644.898009
1410784.606066
1423591.841658
1367466.656860
1372033.122911
1353389.565975
1312326.775922
1332735.579410
1325556.457726
1344835.751119
1340400.855218
1324339.849952
1329975.772736
1307728.985208
1283307.978911
1298625.347773
1278892.574586
1271720.074051
1296445.063684
1315007.090489
1316049.249285
1311513.385434
1310932.028612
1307761.070690
1315061.905481
1294976.752361
1268805.579579
1277313.868807
1267508.919004
1289373.005113
1251693.632895
1223798.233128
1219295.507095
1215591.751566
1218746.086223
1224320.455630
1237984.490054
1234901.610897
1241959.825595
1262539.446597
1243655.111829
1215555.594255
1207563.726866
1207444.468566
1210042.965023
1216457.596264
1219814.272675
1209877.127361
1198394.545771
1198997.016648
1185013.999881
1170026.404181
1154810.029222
1146277.174413
1146266.961986
1159553.734712
1161097.403847
1139733.243347
1167764.826637
1172716.294182
1171173.031211
1178802.668389
1184831.061373
1188886.237307
1180931.406692
1191516.472791
1185869.687852
1188309.228328
1208634.447253
1192041.627663
1188433.905240
1200956.630734
1204933.086374
1167267.163031
1166066.028125
1186735.527291
1201455.457427
1208356.304906
1228486.814149
1239190.018306
1243125.451739
1244497.846174
1239856.557710
1249236.857509
1242856.242912
1247913.695155
1259855.120659
1246297.819569
1237643.312033
1236944.006218
1245873.295719
1255977.104043
1253005.723322
1251260.653975
1247368.433573
1267434.983125
1275813.503462
1289938.803229
1291646.279764
1304759.140657
1314493.292416
1326488.818399
1328434.193415
1326208.787844
1310928.742854
1320943.554528
1322288.722557
1330481.777259
1354143.629543
1362849.186445
1368616.037892
1368964.878849
1378588.220334
1375490.637678
1377128.439370
1373876.883005
1370475.604844
1363561.798027
1377854.448173
1384580.600216
1396207.763342
1394321.953659
1381871.241688
1370265.952196
1346451.097520
1341332.126135
1325090.807921
1330636.526903
1308469.460011
1320107.968910
1326504.882137
1336048.128024
1329710.211750
1329198.164116
1334641.051742
1334832.840976
1319266.407845
1322626.914497
1320506.128649
1309520.465377
1312992.646853
1299426.934254
1300723.506120
1315289.833027
1316851.668426
1338662.449196
1351076.915268
1338120.265169
1339330.396879
1331162.851875
1327907.452553
1347812.259758
1346034.742732
1358784.902701
1355161.154329
1356947.658420
1353811.243738
1366674.442481
1371292.625681
1371311.297753
1387252.257850
1389542.873212
1393855.607787
1386742.888838
1372865.989154
1373042.054878
1375115.966187
1384317.139506
1388296.577331
1387553.621438
1392339.357114
1390613.136156
1385799.737846
1379539.985930
1386547.991265
1393343.322143
1392043.103276
1377632.116497
1382018.467659
1391493.668312
1389617.209288
1373745.881064
1365788.001756
1343848.010179
1304442.492934
1301220.985291
1301161.140743
1317449.161754
1309307.795188
1324307.500645
1314564.053713
1331535.559493
1360145.769491
1349101.880140
1357060.602273
1345316.655294
1330200.447568
1333176.217332
1336083.981343
1344962.091427
1348618.993690
1347973.210251
1361474.767698
1372702.336671
1375204.629125
1374486.504306
1386453.394624
1388302.850476
1376486.490586
1373406.451377
1373663.272306
1365663.465601
1367005.654890
1373700.871865
1368304.795877
1368899.585021
1372638.329936
1368538.344919
1370496.995056
1367400.770245
1366717.214468
1366002.775747
1368276.911110
1375088.916321
1372799.119918
1382910.925466
1373722.167964
1385089.341068
1385836.756345
1395039.853856
1409099.343607
1397730.381912
1405888.911606
1402439.643385
1412304.821322
1427746.293478
1430134.365486
1431223.017485
1432999.726293
1428994.494022
1420516.909765
1419657.724862
1416732.579238
1412427.878264
1423133.749836
1423420.101293
1422122.980569
1418785.743290
1421259.394626
1442157.017346
1435882.369595
1441331.382891
1431806.995783
1419610.950225
1409396.345442
1412363.612830
1407178.573944
1418878.966997
1415818.091155
1416147.475508
1418750.035393
1433083.237856
1442387.753963
1454567.408980
1445044.351949
1444873.190757
1459140.159550
1467059.260215
1466688.554498
1462559.274874
1465635.410710
1458185.696593
1455323.160660
1470529.396480
1471041.516025
1469389.524966
1468791.381388
1466661.518161
1477161.824311
1480153.321492
1495846.072093
1485957.324856
1481627.645688
1486143.287234
1493225.749982
1481720.833011
1478347.825435
1475514.776332
1425013.844937
1453842.005033
1469076.178497
1483255.994783
1475891.313203
1483807.629934
1496489.736552
1503577.907225
1492495.869830
1507876.194209
1509080.169585
1532635.486426
1529753.774034
1462032.861481
1432939.683329
1440893.110175
1404081.252837
1387988.083560
1416103.639442
1412140.704086
1442557.848344
1431623.792028
1392077.577044
1298761.340287
1298525.529146
1199108.219882
1248102.656895
1162037.980349
1213109.051064
1176293.477750
1191900.577841
1187907.000050
1155478.135367
1242936.187326
1266308.405719
1282504.145925
1249714.864086
1266070.387584
1287927.607118
1243691.275261
1244392.869965
1296435.083127
1294599.271250
1301794.508961
1296600.774620
1307694.707737
1320912.060924
1329306.455934
1290679.310888
1328674.854476
1328525.386956
1321902.480889
1336213.279796
1335433.560916
1358915.918230
1346831.410031
1334651.551869
1350452.893029
1378677.115922
1368020.514511
1361859.712445
1348534.653784
1365738.678982
1390727.737838
1378459.151474
1392847.246815
1377422.391458
1372831.415647
1367133.907389
1379141.923251
1385059.122581
1386010.918261
1402014.048638
1415120.563163
1433502.038213
1432151.708056
1461848.996606
1460476.191482
1453517.117701
1466597.664114
1416165.138734
1424448.820391
1423088.581266
1440155.204499
1446704.571383
1453119.128963
1474300.101811
1478226.211233
1454343.332208
1451582.306457
1447440.886664
1457737.719844
1479953.913540
1521671.428961
1507836.842968
1515538.251678
1516630.456331
1508229.578933
1509978.784601
1518244.525998
1511998.825058
1501513.053416
1508517.395147
1522309.278313
1526191.086631
1521774.294023
1533884.312304
1530623.544588
1532060.115335
1527571.981263
1541738.591016
1524302.293914
1521017.632527
1539077.917099
1568827.451706
