1000000.000000
999971.358071
996639.497116
992006.329912
983897.367984
977692.185361
978611.655086
978818.147885
987472.646697
994647.539155
994239.571931
993893.343264
994995.981482
998656.156178
998453.849805
1001418.065891
1002475.251515
1006591.304455
1009606.086257
1022840.612594
1027344.804693
1037463.155741
1041582.911376
1050290.428342
1039901.842294
1039322.776813
1044269.106215
1049607.445747
1052211.049216
1054441.796497
1073106.287835
1074868.123819
1072393.758190
1078795.748467
1078866.409410
1080610.930575
1086516.158216
1085979.938637
1086047.662814
1076055.220358
1072809.153755
1075441.911404
1072659.927913
1065377.413288
1062665.528172
1072364.692854
1071463.453344
1075860.038739
1074997.994254
1076694.814776
1065716.166575
1067958.370810
1062310.593401
1059842.141166
1059368.581263
1062305.465826
1058993.542332
1060789.192276
1072275.464312
1079295.224631
1084837.939927
1089538.101605
1092663.078136
1098213.613244
1099550.319164
1104063.280305
1105191.644387
1105093.335689
1111625.934019
1110876.892758
1111745.303725
1101783.201830
1101645.427350
1100451.250641
1107820.978648
1111519.408330
1108216.334243
1112679.885313
1115215.930036
1115915.605331
1114798.505573
1102119.428767
1096781.140406
1104246.209340
1108085.013126
1103440.974803
1096691.569677
1089465.865712
1098251.557764
1103255.321016
1102538.897804
1109404.733518
1113592.986895
1116471.095066
1115572.069115
1109232.195314
1106140.567909
1106892.921829
1100702.062610
1105858.528808
1109323.259835
1110866.414728
1107161.017518
1109338.608170
1112657.325631
1114600.125435
1111928.358109
1109785.989951
1104188.702313
1102236.793764
1104256.256636
1107167.037185
1106997.007412
1108708.416444
1125520.212876
1129583.311889
1134328.563558
1137829.282917
1141084.945357
1149350.460486
1149936.903890
1150675.343087
1147375.534356
1143155.943252
1145903.287830
1146922.854196
1152585.556101
1174331.176589
1176403.302278
1179717.157352
1182810.099392
1183801.710541
1190027.091368
1193464.594028
1201600.331171
1202802.835658
1202178.536087
1206800.325891
1207696.830358
1202636.131626
1194951.295653
1207410.327500
1204395.017288
1202720.086283
1211556.261089
1213622.046595
1216354.781414
1213632.469090
1212097.047396
1198706.234005
1194033.449474
1186131.659770
1186003.819164
1189228.391106
1189533.500622
1190934.562326
1198101.203246
1210742.792938
1208500.800777
1209569.279365
1205676.623317
1210068.466875
1217678.945073
1217199.340631
1219870.469905
1223654.742974
1225571.706908
1215900.786722
1219672.329879
1220003.528755
1225581.642110
1231713.388024
1238317.194338
1244429.489785
1250004.450510
1253799.684851
1263576.227563
1268096.829367
1275186.418792
1281394.109227
1290469.647776
1289912.689415
1295045.804881
1305576.931592
1315758.033792
1313243.983187
1308029.796112
1310509.406567
1299882.938194
1299380.577322
1296755.811409
1278303.878400
1256778.833316
1240342.822113
1222321.737469
1218685.578114
1227981.916221
1241277.057184
1264211.145890
1273599.535853
1279817.429342
1272361.506844
1264220.157911
1254566.829937
1253536.534509
1262145.671786
1272995.372585
1282013.645574
1265922.188315
1262898.862426
1263764.770245
1259323.488074
1247859.471667
1252609.580601
1249650.494905
1232606.817733
1214091.598807
1227647.175381
1215345.231917
1202510.118792
1208244.883991
1215660.628676
1218485.151556
1236412.662263
1238049.078504
1248256.453674
1247104.204611
1241091.714032
1247903.510897
1251466.332889
1256132.616721
1255873.288613
1255228.081386
1248907.827741
1247134.161431
1256009.260957
1254289.969633
1266459.979956
1264022.173038
1275215.304095
1289285.878082
1302730.112236
1308663.633521
1309524.352357
1312711.371982
1308647.786162
1308296.102671
1305397.460232
1310834.188740
1317826.038180
1314405.728129
1309380.254986
1311933.860891
1310906.290171
1304796.967726
1305115.971924
1316256.671328
1324063.632474
1335850.219415
1333382.266050
1336992.688891
1338957.758920
1335717.111774
1338167.337688
1345940.730149
1345184.622048
1351401.242137
1351735.520484
1338874.128380
1343005.821069
1334002.639703
1336317.457277
1321290.487349
1325635.124837
1320606.107586
1325989.951085
1331949.514710
1329206.232736
1324178.112285
1324684.717727
1333820.934373
1348349.182496
1350479.697752
1347775.692154
1360215.585605
1363339.359332
1357594.660332
1359335.703923
1356189.071871
1356208.466853
1365478.599739
1371869.938860
1383138.218159
1388842.380158
1387027.575298
1379042.785927
1373704.458099
1381294.384784
1383702.654570
1388190.858313
1392912.464587
1393924.109550
1409400.866499
1411806.401551
1416724.460047
1411252.967354
1410082.339796
1414740.828049
1403558.535699
1402393.141251
1404007.194114
1407244.274195
1415566.996364
1420333.193822
1432969.332405
1436323.447849
1435874.779894
1431868.573179
1432557.027414
1416060.549248
1406174.203470
1405631.946669
1402710.712818
1405847.559398
1405301.590567
1418639.058820
1406391.306811
1410894.684595
1419440.100366
1425578.680363
1442973.034815
1443383.443497
1453392.310605
1452665.897174
1410531.599025
1416475.460216
1389255.628440
1360715.663695
1380857.228495
1374529.751671
1391255.833409
1391032.482135
1375404.472096
1383723.029018
1365993.296537
1344886.641435
1363326.523854
1346194.384191
1340738.247514
1348376.648756
1378838.330684
1374596.010777
1368613.452364
1358738.433490
1363519.752234
1379355.544496
1358995.455128
1340066.998063
1343054.984944
1330986.002434
1344633.310039
1338181.767976
1323038.213810
1307071.849235
1302903.275641
1307462.845236
1310002.345398
1337500.942267
1334161.653845
1340761.715248
1363637.030324
1348306.801526
1329885.254440
1321119.084033
1318398.930674
1322125.186827
1331475.979474
1337946.678540
1325606.614644
1313910.444627
1311384.281329
1298249.307488
1283234.725153
1259931.548333
1250936.394546
1271404.814538
1279789.260427
1283078.835233
1259132.711987
1283837.477443
1289102.048015
1292828.408826
1300402.879510
1303945.971757
1300216.360206
1291939.781587
1315642.008366
1318332.883318
1319755.916416
1328270.230751
1315086.228086
1310386.712995
1315228.317606
1324908.222293
1310627.343004
1311325.950980
1331470.501185
1350879.404957
1353373.407133
1366406.615795
1370838.492042
1372197.802268
1368148.087172
1360634.902062
1364669.503598
1357045.572911
1366659.416934
1388170.491299
1381124.578448
1383287.994636
1379428.984161
1391722.236893
1393013.968606
1391700.413091
1382087.244998
1374385.609220
1391384.056695
1397147.720482
1404159.560864
1406118.528258
1412053.602916
1419028.477648
1423054.771979
1430642.798837
1425202.093918
1410325.817676
1409741.136788
1411015.841204
1416822.625132
1445654.774383
1452865.952690
1456081.905929
1452597.297028
1468562.246860
1466105.864730
1468649.766302
1460368.071794
1462901.776440
1463447.627891
1476961.276176
1480513.407980
1496048.999209
1492963.740850
1484519.747139
1482767.772701
1446061.567536
1439687.413436
1430222.192136
1433367.369575
1411040.608294
1412339.619636
1428008.782328
1437231.022203
1427581.689851
1420559.116275
1423779.227779
1415904.880843
1401569.458974
1403630.547705
1410059.978711
1405914.627696
1409831.766361
1402343.396972
1394455.093702
1402468.560666
1408396.434946
1438160.796050
1448407.701792
1440462.869341
1443552.437741
1438641.809571
1441410.497919
1455035.970246
1458009.443824
1472698.285838
1470026.187448
1468602.867549
1456161.147325
1459710.924205
1461400.099913
1459744.470246
1476103.989153
1479832.418067
1478712.219977
1473774.235310
1460005.763793
1458242.764253
1462757.869584
1464551.939908
1469218.199800
1481676.921626
1481152.744275
1478473.022621
1472095.958510
1468328.737276
1473243.893780
1480371.589648
1479408.336352
1477446.405723
1495750.594989
1502068.668171
1504628.351867
1502111.483502
1486727.971874
1473209.997721
1445829.304377
1448220.923019
1452183.531685
1473673.569857
1467773.354383
1473094.366174
1459211.026842
1464631.955969
1481658.675357
1479886.229893
1485886.637432
1485792.821213
1470344.758817
1468737.251909
1472455.033678
1483157.099362
1489883.368119
1481637.409553
1491982.302530
1505683.169928
1504890.956369
1505907.626033
1514948.577852
1517412.967426
1520306.735499
1515769.630147
1520196.443315
1515627.440934
1517434.724903
1512572.123390
1511208.506969
1520450.230349
1521629.509734
1516024.608915
1522197.499227
1509655.159746
1511539.204402
1528212.163784
1529624.403935
1536002.645736
1533436.347271
1541938.504021
1534852.701086
1523868.919209
1534092.811210
1542263.765349
1553482.566340
1552434.606418
1557562.287192
1560206.516080
1570190.096785
1584952.629506
1585053.120343
1588086.939745
1592983.677094
1585175.463113
1577898.817257
1579861.017603
1583232.995808
1585692.399775
1586051.629281
1584247.197015
1576618.877036
1576852.815266
1565577.290595
1579456.284546
1573321.454402
1578613.608432
1565587.553956
1556573.775158
1551609.334965
1562412.421739
1568239.099545
1580473.598331
1573572.095304
1572955.587130
1578189.290343
1578132.828094
1589515.345545
1602671.086708
1614701.735685
1615134.845968
1623248.441335
1622483.073708
1625161.574271
1624020.670074
1631747.103687
1626505.520969
1623698.126304
1638485.460455
1641770.289060
1650563.602906
1647444.434888
1654322.230772
1661587.609596
1665215.953533
1686359.259355
1682037.776726
1678399.727960
1683974.627196
1690874.569532
1681451.582636
1681396.627954
1678746.861865
1648894.312259
1674199.182772
1677181.955631
1685054.002847
1683645.491103
1690724.551871
1695930.084575
1711322.133088
1706902.471094
1708135.605753
1710372.253701
1725027.100168
1719630.272479
1659353.000172
1639449.192480
1641568.817626
1598875.497057
1573186.195575
1616809.293546
1606153.379326
1635348.233336
1622232.331714
1593999.399585
1502225.123656
1510507.925144
1410577.350289
1460978.598606
1360668.670161
1377508.278310
1335093.333136
1341244.646825
1358938.553094
1317992.598048
1412398.590169
1431637.633847
1468031.737194
1434491.013566
1443530.515934
1465382.388154
1411768.137127
1403929.040919
1481956.250599
1481900.081688
1491515.105168
1510222.514890
1509163.937740
1529423.216400
1524985.512122
1482851.787421
1517274.175260
1535683.826825
1526624.103244
1542101.463124
1534437.693397
1574718.324487
1582290.417469
1559149.637114
1565899.535067
1592036.991947
1582461.317236
1572596.587088
1558240.415032
1562419.146820
1586155.423237
1581478.670071
1596726.875761
1590709.641695
1587809.950124
1582271.985984
1598556.714363
1598277.469320
1596628.233075
1619879.616944
1633296.484967
1642601.035141
1637763.890642
1658922.486411
1671629.137851
1671159.163397
1682846.005147
1633507.664262
1635158.031186
1630611.620203
1652402.430047
1653057.281599
1654763.963664
1665785.018552
1682931.640035
1660580.666678
1668192.031827
1673531.061462
1686541.551550
1714131.249147
1770097.469593
1772840.744283
1772570.522109
1773152.538786
1775464.943533
1777160.470265
1775264.005105
1788424.059563
1789357.178647
1788805.568800
1818561.173936
1819382.896093
1811352.166495
1781383.954101
1768030.711871
1781470.523861
1782632.061285
1790978.976759
1784053.168093
1792728.229860
1801198.124663
1815924.158445
