1000000.000000
999971.358071
996639.497116
992006.329912
983897.367984
977692.185361
978611.655086
978818.147885
987472.646697
994647.539155
994239.571931
993893.343264
994995.981482
998656.156178
998453.849805
1001418.065891
1002475.251515
1006591.304455
1009606.086257
1022840.612594
1027344.804693
1037463.155741
1041582.911376
1050290.428342
1039901.842294
1039322.776813
1044269.106215
1049607.445747
1052211.049216
1054441.796497
1073106.287835
1081089.753505
1084567.844293
1088962.724416
1090189.919855
1093218.666558
1099851.548603
1104672.972259
1110582.249365
1098658.700931
1096851.734915
1101751.910591
1101051.204222
1093234.205795
1092558.625142
1100379.765815
1104101.721820
1110953.913335
1111665.415255
1114315.947709
1095686.944555
1099177.197252
1091330.804049
1088856.582598
1082232.318401
1084874.347001
1079977.383101
1082908.486549
1094962.220730
1103970.744392
1112612.105550
1118811.033030
1128035.497374
1133791.151883
1136123.316151
1138650.271898
1141120.185788
1138583.541741
1148187.804906
1147059.288144
1150297.593877
1139149.814242
1137708.926685
1137294.180935
1142243.218697
1142078.427517
1139866.222859
1143453.837828
1147186.053926
1146749.351657
1143642.778162
1129722.320523
1123111.238133
1137387.844612
1140795.306236
1136517.669344
1125451.949583
1112366.042630
1123744.010730
1134053.484790
1134626.823376
1140918.608252
1146130.527387
1148544.358134
1148289.590224
1141134.205785
1134957.040797
1137563.534584
1129246.462427
1137361.720525
1140592.201144
1145454.387549
1144845.716306
1149531.208520
1154104.240008
1152918.786946
1149160.681543
1140322.330369
1128552.421541
1122210.079276
1125676.786121
1121413.926054
1121929.123238
1127687.123693
1144801.382518
1151949.877045
1153086.514636
1159950.752569
1165758.384341
1170238.483812
1171143.485977
1167775.809976
1162062.738563
1159507.968306
1163427.038371
1190409.441738
1197874.235238
1225653.418031
1224088.179301
1228128.935110
1234121.067655
1228539.697405
1237958.893692
1239076.806699
1242665.619757
1238486.643362
1241374.808934
1258736.085897
1260465.564072
1256908.461384
1251840.250212
1271505.413630
1272732.771646
1267471.999909
1281933.002070
1278510.010365
1283091.550323
1280684.320418
1278726.738734
1260950.101325
1253681.482449
1241013.707281
1236311.663228
1243358.589383
1244252.168451
1248087.803605
1260422.760441
1275763.584455
1274507.414300
1270773.431918
1268727.586706
1277352.355194
1283250.430443
1284288.311090
1285583.213950
1288171.057286
1287222.254214
1273051.894804
1278550.864366
1273089.376774
1280241.907841
1286217.445128
1290476.273168
1294633.156804
1308998.299041
1313241.496073
1314798.681787
1320968.171655
1333249.690643
1347139.758404
1363696.885969
1364220.626879
1372803.095350
1381466.472392
1399103.719210
1391219.791207
1385688.618656
1391368.537918
1381513.081912
1392871.591778
1381749.431250
1360455.920411
1334226.410407
1329867.994608
1302636.325861
1293835.571519
1300400.118729
1317539.164885
1342768.821035
1357567.999609
1366792.100936
1352744.514294
1342011.556426
1326488.618310
1317445.855666
1334202.531868
1341513.688358
1358507.123132
1345793.734056
1341126.802893
1341145.832065
1335971.893257
1323718.659492
1327495.837704
1325450.274546
1303280.424346
1276011.444321
1299129.115040
1275921.140679
1252899.553260
1253602.711862
1267494.139056
1273401.256966
1300695.027832
1293711.423461
1301132.359684
1300272.526509
1289039.849368
1295445.262981
1299098.299746
1303197.593435
1293520.470150
1291113.850058
1286888.705167
1277831.028718
1285972.227162
1298525.693109
1294045.034210
1290555.194137
1299060.149776
1332232.897813
1340482.814931
1345513.374980
1346625.606619
1349450.991947
1338061.244664
1330460.997939
1324053.610071
1318705.478632
1329354.990909
1326953.729028
1329944.925374
1335139.773981
1337019.481580
1334672.532662
1335119.609929
1341590.434893
1351381.142858
1366138.420130
1364556.069073
1376553.330046
1377149.405893
1375933.964101
1381730.129124
1392916.444820
1395352.292349
1402500.801161
1402831.542674
1390195.187100
1400153.633548
1390420.349827
1386276.988781
1366320.685500
1369757.208396
1350938.092506
1353746.010678
1362955.186152
1358819.223144
1347586.281035
1340941.957331
1350888.989557
1369622.934196
1373658.323325
1364756.143313
1379588.400200
1382709.408872
1371710.593804
1385829.492670
1380512.060190
1380600.538042
1395965.845960
1401922.630659
1406697.922728
1422396.513177
1423731.311247
1419443.513421
1416691.825912
1423848.261690
1418548.615310
1436582.046366
1441678.596574
1448312.731708
1471695.440427
1471690.804711
1483924.055264
1475071.923130
1470204.593684
1475972.580054
1460541.622549
1449557.725325
1451078.453510
1461868.930009
1475296.980103
1477075.306121
1494088.740050
1498563.108485
1497917.056500
1497705.454918
1490720.091124
1467160.906177
1458883.734609
1457223.315091
1464060.485998
1462511.803425
1465545.518471
1481556.231806
1466947.657063
1464685.914883
1470714.271281
1478684.157824
1484271.871980
1489008.751425
1490779.195429
1480386.033723
1434077.419266
1440631.862486
1417156.488067
1383399.939272
1414986.776073
1407893.295819
1437345.749665
1432309.647753
1414972.776171
1431086.926951
1419889.105617
1395445.718830
1426412.025809
1409487.338837
1412116.409386
1416012.759441
1450860.472800
1452766.238562
1460336.737683
1453751.745173
1454312.552081
1475977.792090
1456475.644858
1429518.558555
1442475.880055
1434874.360402
1453204.505488
1442223.559227
1420872.314499
1402027.682281
1395899.324031
1406437.311309
1411330.392133
1441896.528474
1435643.083731
1445158.215503
1469192.566816
1454237.381489
1437513.598987
1424784.297333
1424343.268090
1428626.511710
1439001.050418
1451502.120957
1434497.983817
1414291.482605
1412131.702277
1400301.970890
1377400.113997
1350360.101278
1329068.172977
1360716.162664
1374703.458241
1373821.289347
1350990.962526
1384003.600810
1398084.422219
1405262.745212
1417590.768249
1421111.407980
1423610.846935
1413301.865556
1442262.209254
1446418.124402
1447819.415268
1445460.363711
1431175.135444
1423513.395670
1432043.173150
1438047.343874
1412093.136376
1407783.903867
1436262.005700
1451769.138344
1446483.000287
1458025.618037
1460807.091913
1457234.063926
1455209.294214
1455953.366220
1460527.742950
1457717.717125
1470398.750903
1498808.776072
1482951.212559
1486700.074413
1490751.938222
1499324.076949
1495418.492660
1495478.121714
1482600.104399
1477539.378511
1500584.129111
1505955.767452
1523241.848318
1525583.589777
1533965.372439
1541459.437923
1548338.876311
1558121.905255
1547432.920127
1529206.445458
1540758.151543
1545862.164737
1556944.526393
1594069.798415
1595913.456442
1599593.211488
1588013.201997
1601542.857234
1601324.946936
1607464.014585
1595973.486696
1598349.796861
1590932.746633
1614132.973177
1617082.204532
1624913.958083
1623396.796684
1612352.037814
1611481.673796
1580037.054280
1567247.585450
1554190.405565
1569045.869848
1535848.615918
1544890.850933
1557424.769493
1572815.119957
1554986.149351
1554320.887164
1551935.120667
1545102.547368
1533672.820656
1546139.523990
1555297.155620
1546726.667532
1549936.127875
1536422.992194
1523376.136825
1540473.566996
1553170.750371
1588717.242602
1604992.588412
1592253.591908
1600049.762485
1595687.278620
1600381.750875
1620326.011878
1626406.343708
1647697.713252
1644859.494624
1647330.536929
1632146.587794
1637189.388602
1644234.923279
1644223.656414
1664248.274981
1665978.232124
1670575.961758
1665465.859280
1646266.363628
1646306.728765
1658450.953422
1663076.885103
1673315.512037
1688852.494631
1687771.322053
1690043.669606
1682201.826091
1677815.345671
1682041.991160
1689076.333045
1693605.032989
1673873.532101
1683199.714796
1695651.280331
1694044.556940
1678985.428223
1658983.457894
1644138.656668
1607419.342022
1616834.622706
1616588.642016
1645171.352291
1639480.355841
1641169.175638
1626409.159742
1643223.127410
1666651.073020
1660931.474709
1662503.807445
1653285.407312
1634942.625233
1646854.880624
1648290.393399
1657537.145600
1667874.796023
1655078.700745
1666871.115058
1686310.437632
1688306.351411
1687013.033559
1692991.152009
1705748.950695
1700418.349763
1694294.689699
1701132.524305
1694661.097528
1706424.627615
1710954.883215
1700175.546323
1703208.584909
1716657.014213
1708138.262129
1704516.570759
1701904.376349
1698593.332126
1719177.079740
1722030.911601
1732019.689651
1730696.880510
1741338.342616
1724615.086685
1702024.675344
1709777.331941
1736954.850785
1765457.403348
1769962.357426
1776604.529450
1783219.220929
1792480.072021
1813077.341409
1810157.160094
1823236.388364
1829879.475694
1830680.679800
1830591.133731
1824167.289570
1835774.096042
1841834.051968
1847967.797772
1852679.364497
1846220.139013
1844315.499774
1823280.289956
1841225.200428
1841394.469036
1846310.754061
1835690.933974
1827057.304902
1825013.182509
1837865.384333
1837850.696262
1847621.434526
1845623.314188
1849486.212155
1858164.862682
1863266.874076
1881010.039068
1894960.652317
1899186.928535
1903121.634224
1913774.298074
1922633.242201
1924524.079576
1924259.673392
1941295.447426
1928477.218630
1926466.915686
1945752.450774
1943104.414614
1936502.931473
1938311.890196
1945875.109516
1966239.367294
1967545.608385
2008569.637935
2005236.117025
1993744.308446
2000105.331787
2002728.126035
2004949.987436
2007837.066959
2010458.471633
2042588.243606
2109920.411010
2087890.719744
2107885.785417
2105598.043479
2121071.325663
2128425.007723
2138690.934570
2141277.860742
2149483.482511
2170990.410372
2200586.844781
2195077.444572
2105374.428277
2079501.522903
2074225.958539
2005028.785579
1971927.088163
2038410.109890
2026228.736755
2058377.165057
2041325.278674
1991600.172472
1871055.627767
1883809.269306
1746171.616434
1823133.465838
1656210.916528
1668705.016621
1601878.667526
1624244.503778
1637279.997005
1562130.743841
1678674.410934
1713331.952899
1763153.918958
1742371.363700
1741923.787574
1768560.008139
1703565.421977
1683117.492754
1799199.461032
1796805.421820
1821756.058163
1887160.625535
1912407.130442
1948408.989521
1943993.357997
1870161.830078
1918353.683350
1931689.800500
1919102.894465
1953922.966679
1944358.061626
1997568.531964
2017356.359973
1968570.106039
1972265.716992
1998672.451770
1986445.610870
1990720.512918
1969029.487047
1973762.093925
1974556.271549
1971040.863037
1991135.465418
1981315.498196
1969829.043053
1964386.338926
1997555.391117
2006279.178331
2023241.792825
2060048.026104
2077235.445212
2087989.801770
2075129.322942
2107666.272021
2132332.037806
2128494.416663
2165955.814215
2095651.969598
2094387.075827
2089955.390618
2119473.659246
2126573.786374
2147053.740484
2175089.326011
2196069.328211
2150896.600079
2155041.676203
2187403.758046
2222073.255473
2266566.217440
2353105.194419
2370790.970288
2378530.140910
2398310.432513
2401495.965653
2383887.528154
2373321.765241
2384613.947073
2383068.737251
2392578.049438
2471500.797770
2466127.100236
2465740.045512
2439962.892748
2406654.148328
2425569.909939
2412325.298631
2426741.621468
2415653.384267
2418305.464657
2447400.780368
2464205.870888
