1000000.000000
999875.579379
996542.190619
991907.857632
983798.089203
977591.723748
978509.409346
978714.018216
987365.490871
994537.541865
994127.409090
993778.582343
994878.566464
998535.979506
998331.935814
1001293.555258
1002348.069387
1006462.367602
1009475.177354
1022705.858708
1027207.591184
1037322.622530
1041439.336438
1050143.406593
1039753.730968
1039173.123214
1044116.902932
1049452.909497
1052054.236129
1054283.387651
1072942.873926
1075010.954484
1063772.493204
1074371.701069
1073899.237771
1069907.808522
1076455.525776
1082874.758511
1083309.632441
1076879.957800
1078308.390880
1075807.123734
1069871.232429
1059287.343346
1055206.334784
1060363.487514
1062868.851775
1068929.226891
1084950.485438
1089244.797630
1089821.774558
1082240.150635
1078952.919565
1079007.544187
1074330.976341
1080767.535305
1080121.274960
1072184.417522
1085952.053794
1100807.579284
1107262.908074
1115781.190098
1122317.733772
1125605.361551
1120012.028931
1130312.298106
1130224.608348
1129555.641412
1145491.918112
1146474.430736
1142892.680138
1139404.258852
1148725.280989
1154486.023925
1157106.748900
1159850.249611
1144388.328991
1144590.380811
1149814.451414
1146066.526836
1145307.682589
1136925.383570
1125017.912710
1133513.630111
1139570.671679
1143357.772390
1118774.699563
1100208.072412
1110051.666500
1124661.539783
1131352.188535
1138791.207278
1143187.621811
1138800.405247
1139384.108519
1135464.682430
1125920.832449
1122985.900414
1114141.831331
1114462.860196
1121734.654820
1122754.730841
1120486.268041
1126473.019069
1125736.487907
1129899.407749
1127402.951669
1125594.464674
1118155.214355
1113563.916601
1116502.238376
1109844.121982
1111749.329521
1118506.946188
1142062.185176
1149812.727366
1147634.457546
1151156.950769
1156355.525448
1167355.398550
1164724.167906
1160249.844873
1165776.479539
1165079.272777
1166815.735674
1210152.202651
1222172.974214
1263065.715195
1253735.475504
1243204.733193
1251409.551908
1252978.618754
1264860.752692
1268129.628803
1272786.407976
1272152.746628
1272403.466601
1290659.054848
1295474.540258
1294162.683909
1290801.001972
1318399.096894
1317530.420631
1320517.297328
1324128.539766
1323652.838915
1323965.728922
1318905.806564
1317292.273370
1308831.923516
1297104.085804
1281430.765232
1286454.579736
1297107.512060
1291587.011293
1287451.609362
1296960.593145
1315364.502148
1313390.933833
1315095.196953
1315705.057149
1316875.392176
1324122.813689
1329558.542028
1336027.541819
1339701.707008
1343315.264495
1327621.002070
1338369.349380
1338127.629013
1341836.974449
1347638.469886
1354793.063807
1361678.014700
1366601.279909
1378031.872473
1386814.275733
1397165.231654
1412739.152832
1418168.045646
1430940.985454
1435654.870940
1437332.796515
1455152.989354
1480516.568923
1484672.692080
1469301.602076
1461948.917526
1452538.023158
1472142.005121
1467116.552916
1443888.666687
1426071.897440
1387767.483863
1378699.339433
1369283.840489
1365762.589510
1383404.100753
1412836.634051
1424925.763983
1423236.927021
1408219.264254
1405283.716684
1397734.845584
1381717.577690
1400731.951176
1411933.519016
1415347.500020
1402409.445091
1402757.189189
1408815.530654
1400326.336933
1391528.781066
1398597.131601
1398123.075614
1375952.063087
1350815.484831
1367236.608329
1354500.930461
1336805.371240
1341036.939825
1346903.364153
1350432.825686
1378422.123288
1375216.278332
1381368.450375
1373968.654117
1349816.190283
1345448.450377
1347508.611851
1356537.598163
1357621.115112
1362572.787568
1355720.332114
1352638.993583
1356931.435450
1370239.137964
1375099.150325
1371291.811084
1368004.770313
1396828.351583
1402601.229584
1408776.775576
1417404.503058
1437028.878178
1429134.868557
1417269.561280
1409853.461734
1416472.432891
1422153.529100
1427559.572576
1428201.932097
1433087.218353
1434978.204239
1429857.692673
1425738.595849
1445267.083497
1444538.868666
1468056.916137
1466381.103848
1470180.843953
1469909.671118
1467184.377382
1471852.470703
1485094.864406
1488296.185872
1492334.161868
1499131.086631
1478420.528305
1483553.935576
1478381.973652
1482351.626633
1466566.474992
1458224.975338
1432977.669375
1429878.210753
1448872.913785
1442964.007360
1435624.982547
1425750.282512
1439313.350096
1466460.066676
1467576.707978
1462796.433203
1475433.148607
1483859.077466
1478659.090585
1479294.594879
1473139.250744
1476068.479514
1511298.247168
1525329.672358
1535443.945391
1555049.531650
1557397.735157
1550650.769559
1545600.019550
1548349.880682
1540155.799875
1530591.532977
1532975.218994
1540728.391963
1559198.294780
1554745.403475
1577529.761882
1562889.748521
1550217.913021
1551711.451743
1530402.689889
1531540.333656
1530534.253187
1537923.569160
1545585.455167
1544577.439107
1582764.081427
1591150.005979
1582923.289210
1584235.017465
1592085.889784
1562531.432765
1553231.953758
1560674.901131
1552285.247172
1553106.139476
1554556.244394
1569464.850669
1552047.024991
1559539.340721
1562707.647190
1590064.592089
1596475.680889
1604195.292652
1611309.406051
1617981.727640
1570762.216122
1576144.419808
1552755.928087
1504275.692701
1535830.001323
1534514.555343
1553803.868121
1548760.046357
1534296.607588
1550443.352397
1504396.316629
1484187.279075
1499355.181764
1480100.312207
1471783.412866
1462147.273786
1509480.907824
1506145.267795
1527480.240009
1523970.186242
1516881.858925
1533321.073179
1500575.008688
1484111.119193
1490610.044089
1472682.200253
1488443.351620
1492538.796185
1487354.340987
1459593.578414
1456936.713403
1458418.316697
1465948.108823
1498940.305219
1492354.950404
1504737.300622
1538255.478527
1531151.154951
1506096.655677
1494192.294721
1486894.749164
1502716.385670
1511417.036113
1532248.911233
1517894.304850
1499945.465499
1493023.352380
1472218.652377
1449465.599952
1416712.953843
1408176.315949
1427392.641061
1442200.992864
1446252.007412
1428510.370972
1458507.582888
1464177.432720
1468763.391630
1486312.787970
1489455.435226
1499773.550380
1498301.583684
1540270.097929
1548656.249009
1540602.693025
1559689.854210
1548855.878770
1543311.978625
1556276.524776
1568220.611114
1557384.082351
1552813.007600
1565970.065553
1593922.575122
1588594.847822
1608374.496575
1602808.875585
1603552.948346
1592427.368226
1593990.381680
1604406.340922
1604675.281892
1620500.909211
1660597.423903
1636758.370483
1640465.204850
1645995.596770
1678847.337211
1667552.149094
1663114.957142
1640025.757561
1624591.326210
1641615.847284
1639953.853044
1656190.275024
1667438.318463
1683893.582090
1702871.845636
1704506.310599
1718480.173102
1716236.403282
1690439.025197
1695085.162014
1711546.159419
1731456.864530
1786354.270067
1795243.338970
1793138.887750
1803740.838274
1826166.621554
1814954.136443
1822350.831908
1810938.145136
1811484.219344
1798407.542383
1818848.779041
1815741.564876
1832739.833397
1843830.445000
1837492.649432
1834021.012980
1780325.995555
1763208.207265
1748518.672877
1782714.017602
1756068.793756
1757893.046456
1789526.048096
1812429.480652
1795742.408863
1799054.415798
1797321.586064
1797069.666672
1776730.825777
1797204.377415
1822679.040108
1815906.191664
1823950.177699
1812494.996634
1807208.659899
1803239.362722
1803525.485008
1846769.892966
1869393.464308
1861226.375313
1864938.189129
1863389.759943
1863187.856403
1886168.701471
1899657.829908
1940334.177057
1935201.683097
1941611.674377
1910569.368268
1900894.146306
1913950.322320
1908317.966286
1939295.685540
1944140.880153
1928633.085418
1929410.656806
1901825.465755
1897377.513682
1899825.996062
1918084.510185
1930613.247731
1957641.628202
1957339.087833
1961406.890132
1951804.168700
1955687.803915
1959145.053619
1956779.943351
1955820.511320
1974707.089815
1981066.448593
1983386.715313
1971199.798760
1962246.206132
1930557.567095
1914609.000643
1880457.968007
1884862.241330
1874699.140644
1914572.562426
1901461.950517
1899772.307304
1903469.956478
1917261.937712
1926927.722079
1932660.441141
1937069.658982
1932463.743865
1938614.597947
1927422.685558
1932782.982054
1932374.593960
1946006.058877
1932625.406476
1954384.619378
1981601.190873
1986417.619657
1974628.726612
1955937.018916
1969066.237062
1967803.952256
1958609.023247
1981258.492316
1972457.386389
1986766.090633
1965281.743034
1976444.027625
1965365.395645
1970362.964095
1966189.314721
1963750.034314
1943908.971221
1940961.174800
1982123.543183
1973238.037760
1976727.536318
1965516.577808
1978012.347097
1963616.571874
1891534.633160
1907362.987032
1896423.939183
1922195.874776
1934671.126090
1944383.248760
1978316.294472
1999778.456900
2029875.279995
2030971.679186
2043984.452199
2053985.158704
2044342.224949
2037104.298472
2024754.890296
2033994.609316
2053397.813935
2065450.360728
2075427.032342
2060654.439618
2060435.051927
2033368.382715
2049861.042187
2039123.595802
2059327.790886
2031830.925951
2023332.913754
2022895.789708
2036507.196145
2040718.058112
2046344.137599
2038655.029289
2033451.654212
2040651.601417
2034813.396993
2072934.379798
2072762.718387
2091532.885286
2093077.221675
2092051.005540
2098606.474751
2097514.715805
2101380.091074
2116067.722020
2112320.466815
2107500.034489
2127729.008250
2119189.386241
2104963.260670
2096174.124690
2087947.082400
2119369.741866
2131983.645271
2165578.264962
2152358.881302
2139796.219501
2143891.313803
2144329.610103
2123732.816350
2129025.430935
2128694.078610
2071018.965610
2120481.727496
2127747.654972
2149029.931946
2148086.966332
2148125.134165
2160298.276361
2165230.137924
2168318.352163
2165080.288086
2172865.447553
2181872.399520
2190958.445294
2122933.671537
2107228.706886
2107267.820551
2070590.631073
2012515.211914
2057744.436376
2044946.675539
2075108.533084
2088817.618987
2033011.742281
1923671.842169
1926291.282552
1798719.502990
1882228.119557
1722052.784863
1721192.620126
1666325.770370
1649586.703768
1698986.971926
1611652.439851
1730639.393502
1763152.214857
1819664.334260
1807545.931089
1807177.858565
1832078.987830
1771676.720068
1757597.273241
1849938.281997
1841149.586244
1852478.958411
1870510.129215
1875272.304452
1905617.096257
1912879.712947
1860071.496825
1900261.179850
1921944.937870
1903658.805766
1927847.457644
1924071.778932
1981851.271866
2009948.689099
1960896.573296
1964224.566441
1987801.323913
1980331.251832
1986197.430392
1945205.726860
1940553.853666
1948183.667203
1949208.789661
1965642.585713
1962124.452288
1953851.580768
1946713.359261
1973702.014583
1984070.481477
1985501.084159
2030890.251885
2045806.115901
2051013.118420
2047945.378954
2086243.691452
2101800.027568
2100619.720529
2118151.409052
2047613.771422
2050747.837096
2023597.549587
2055970.526061
2059688.836043
2077149.287649
2092788.169690
2122318.298920
2102039.397963
2104552.133020
2117168.975410
2149047.521707
2188646.078578
2289780.842944
2331576.028360
2326011.235052
2340713.257481
2318318.280198
2324447.984375
2296703.585412
2316822.080827
2334668.268122
2344657.442400
2401991.598213
2405397.778327
2392019.350012
2357422.272694
2322336.020032
2338320.153334
2358356.810056
2370647.185359
2361465.992872
2381746.539011
2405229.845101
2423105.363124
