1000000.000000
999971.358071
996639.497116
992006.329912
983897.367984
977692.185361
978611.655086
978818.147885
987472.646697
994647.539155
994239.571931
993893.343264
994995.981482
998656.156178
998453.849805
1001418.065891
1002475.251515
1006591.304455
1009606.086257
1022840.612594
1027344.804693
1037463.155741
1041582.911376
1050290.428342
1039901.842294
1039322.776813
1044269.106215
1049607.445747
1052211.049216
1054441.796497
1073106.287835
1074981.312995
1074126.201792
1079128.267823
1076822.280743
1079326.339809
1080014.825792
1077812.588268
1074478.227457
1076841.311221
1073695.167019
1073559.862413
1070246.017045
1067748.155746
1070461.646758
1077975.993518
1073125.292418
1075534.995443
1071221.771384
1073422.339587
1068093.556354
1066380.774455
1063261.402977
1057650.780960
1065742.409842
1067073.971377
1065213.064409
1067641.960817
1072020.646042
1073119.309406
1083478.860808
1085127.633647
1083874.107917
1093012.018106
1091695.781290
1095607.602283
1101632.814842
1098917.411826
1095426.796373
1095114.246171
1099310.941021
1097517.130096
1087576.306590
1085067.253971
1095517.521348
1095394.221314
1097243.452651
1105694.552937
1106809.606089
1107331.602304
1103346.625234
1089194.827455
1078818.056302
1080863.480134
1086398.374763
1078757.596839
1078160.982765
1078151.704844
1084932.965905
1084084.277666
1083606.605573
1085651.560510
1089661.673358
1095476.601149
1093248.420805
1087027.235970
1088700.200319
1092456.174863
1089820.390675
1093249.824270
1092228.181441
1094489.625520
1086559.119869
1080661.540338
1085993.103111
1088912.759918
1088296.515753
1088159.039824
1089426.041232
1091670.873689
1092161.746408
1097340.831468
1097367.598720
1098432.816635
1116937.879378
1119174.373946
1123350.824382
1122918.625238
1121438.136985
1127663.331934
1128011.891081
1133276.817874
1128948.645333
1121510.573816
1126876.343267
1122768.285979
1128477.083381
1137520.598296
1136805.107138
1137864.588826
1145640.578973
1150983.167369
1151034.104022
1151496.555538
1157030.760389
1158529.134886
1157509.762834
1152840.016500
1151796.346585
1150045.474102
1138582.528152
1136656.367943
1136308.982881
1137004.240660
1143364.743930
1148379.999894
1149301.628784
1146694.271543
1151421.514838
1140513.243265
1132126.879745
1129683.811965
1131011.672296
1133386.759322
1136510.268858
1135548.790515
1142625.419527
1150896.006934
1154605.277257
1155953.433670
1148785.182429
1151859.767900
1156275.783207
1156993.188724
1156785.248481
1164038.406186
1164465.213165
1165203.824932
1162594.605620
1167749.049815
1168729.907666
1176011.127818
1186242.744483
1190680.748759
1188239.558675
1190089.281898
1202529.114222
1207324.731997
1207317.113063
1204257.743612
1205771.780117
1199691.333942
1209757.656637
1211241.819082
1221964.798395
1217034.441000
1214639.054960
1219429.971106
1207428.765187
1198916.220914
1196162.872673
1189407.570602
1173281.170990
1147219.130075
1127630.612982
1117837.040380
1126591.671663
1132540.738516
1132170.454326
1137428.519809
1144904.112846
1136628.140001
1125287.276333
1120553.262531
1118191.055501
1124019.298852
1130857.452551
1133256.645599
1121014.714323
1119548.566154
1116951.541319
1117752.723022
1104240.692513
1108022.590812
1105490.488712
1094193.142103
1081609.536645
1086595.687543
1087985.312154
1085552.052357
1087974.860787
1092549.500129
1104964.791817
1114566.859286
1117072.481771
1118971.448770
1115579.036585
1109150.072688
1115771.134835
1122230.228781
1127401.993914
1128121.418438
1129172.596046
1129954.019007
1128398.195319
1135633.755424
1141345.559170
1139718.815374
1138055.911642
1145769.657475
1148606.154407
1167730.046071
1174624.173326
1175259.371181
1175346.350112
1176819.642797
1177898.249335
1179006.248956
1195362.300644
1199897.033357
1199385.770730
1185531.025255
1179752.791797
1176314.103914
1167581.565871
1170793.640445
1181470.880348
1186044.106910
1187640.261990
1182579.606691
1181494.804667
1183783.941036
1180845.142284
1183528.025816
1185150.959012
1180373.269591
1185096.968182
1175066.479668
1170284.076756
1172595.891370
1163395.263785
1177440.810697
1160063.778145
1162998.525521
1172505.157647
1182024.575626
1182982.315902
1174233.255963
1176891.197660
1181339.940547
1182794.126016
1197189.743893
1201083.119152
1190144.213134
1201255.365496
1201091.064062
1190608.529724
1183193.897231
1183608.208788
1185737.725226
1191299.725482
1198252.204367
1210512.120094
1210442.805164
1214347.712787
1209842.418176
1209528.238625
1220977.469332
1209752.158892
1204959.694216
1212350.112299
1210175.378941
1227433.825125
1237378.980119
1233131.101377
1224476.062621
1220380.546228
1224874.076097
1209202.982007
1212285.276857
1220274.582577
1214470.556792
1213820.753317
1217050.102391
1219020.261291
1215654.851939
1211325.486712
1198489.161900
1196647.915708
1184860.794709
1176937.078765
1174430.240223
1169774.394279
1171586.215851
1181837.078566
1189771.864146
1184586.955908
1187872.354503
1197008.885657
1206213.473310
1216074.731012
1218843.707559
1226462.221616
1222757.839954
1187259.988853
1193287.905784
1185496.203606
1160064.968870
1165892.785441
1161680.559680
1165166.650984
1172178.902717
1158593.880192
1164978.336240
1152689.376832
1139978.079570
1152145.142637
1144111.206613
1142505.290553
1148960.356486
1165833.473853
1152775.458885
1151517.045297
1152905.298809
1151353.616412
1159503.520079
1146248.801555
1132195.811359
1124509.266188
1121261.502379
1131216.968578
1126270.380440
1120662.087007
1114350.434273
1121681.511714
1123393.385886
1120884.838527
1127885.540775
1131832.958254
1132042.492190
1150197.857456
1139825.974860
1113489.659351
1116636.378570
1115908.116340
1120564.123348
1130676.574937
1131237.479824
1125024.495562
1116440.637429
1109285.995942
1106558.403772
1098912.780714
1091496.307321
1088096.102985
1087908.805506
1100279.861339
1096715.971184
1092867.614471
1113887.677612
1107116.383285
1110063.382529
1110720.927182
1113982.092903
1109827.643822
1100461.588817
1111026.578508
1106577.570874
1103795.672819
1115040.750613
1102844.970544
1097375.594480
1094794.490664
1094966.073701
1083950.109133
1094533.722554
1107616.492707
1120484.397496
1125413.492456
1135468.382538
1141881.889056
1146971.714685
1145919.986221
1138282.827774
1141235.300499
1132820.203944
1136801.041754
1144323.480348
1137874.456485
1134352.700045
1131909.501472
1140444.732728
1148863.702881
1154429.650990
1153100.486723
1142995.456363
1149638.617889
1156997.333932
1154471.213309
1154556.497564
1155302.509519
1165380.616015
1168933.644763
1170422.361291
1159185.740752
1151453.683449
1150567.252854
1147541.111163
1150720.022979
1166769.035741
1172473.641555
1172171.171709
1173617.705184
1179919.648637
1177827.897725
1177984.713770
1176057.776407
1180265.913542
1179743.992039
1186736.347319
1185927.118916
1198062.638181
1188954.389581
1182447.685726
1179453.501337
1146523.285585
1144565.018578
1141923.130171
1141708.447797
1139162.182120
1141014.138706
1153672.350667
1160068.216438
1160635.295597
1160224.951385
1163514.116534
1163482.862888
1154292.363673
1154279.374027
1152888.760161
1144076.245169
1146756.615184
1138168.314290
1132648.378874
1134969.259783
1137557.125550
1155788.041856
1158491.115216
1147158.442200
1147394.257937
1142500.703314
1142612.850151
1146941.521591
1144138.036546
1149031.753422
1150510.532130
1146328.319044
1141791.817535
1143213.411237
1140400.343026
1140663.242901
1152467.702833
1157734.098883
1159515.429887
1160805.994426
1153419.379318
1151186.569642
1149819.414852
1149134.097092
1147538.591845
1148894.774557
1152893.001940
1145608.023625
1143784.354841
1141780.014352
1137659.769563
1143139.995751
1138624.676725
1137113.498123
1157187.319371
1163597.943499
1161166.134415
1155542.866085
1155543.317149
1138132.028264
1116591.904850
1113319.434966
1118209.104000
1129120.419684
1125466.113010
1124434.362931
1113188.153265
1108243.346444
1119900.428195
1112940.318512
1118987.982503
1113849.343327
1102062.593204
1098173.140413
1100304.482421
1108790.519738
1111451.477419
1110392.908004
1117290.363536
1119400.125846
1117823.736448
1121687.087037
1134263.688818
1133195.148222
1137923.017225
1135716.279182
1132795.567926
1135171.381340
1143530.607489
1146454.670120
1137588.190144
1141722.732884
1142626.133530
1144170.421817
1144636.394953
1120641.928093
1119212.533313
1119812.445268
1120422.786521
1121600.815819
1119590.223101
1124917.035298
1118638.904617
1126474.081853
1133222.720958
1139327.227875
1139268.407521
1128532.117745
1130481.534663
1117243.083078
1125258.561964
1134913.745804
1138937.372416
1140284.192103
1140431.597253
1135365.581404
1126640.005403
1121580.818602
1118965.829646
1117962.971067
1116130.757884
1116177.242000
1109473.312856
1115336.203403
1117236.930438
1126102.195502
1122541.223644
1126259.803241
1113680.268576
1109316.955490
1099354.963508
1104453.799144
1101511.816368
1110772.284596
1109686.458128
1109563.679183
1107907.316914
1113520.357585
1113260.150825
1125969.889236
1132993.018762
1132559.177919
1137843.094671
1135984.814475
1135490.105727
1135179.172376
1136777.488752
1132289.969447
1127842.735174
1138622.162742
1147305.228673
1160463.343230
1155446.752112
1160556.383154
1157721.586976
1158516.216516
1164736.742220
1162259.515787
1162208.191315
1162900.876117
1168113.601505
1159396.615328
1152448.268396
1146844.101107
1115340.518138
1121112.134753
1128898.215797
1134445.164275
1134414.857653
1134810.963892
1140668.661434
1149501.219867
1139346.699677
1134605.241016
1126873.417591
1135069.446095
1134007.356820
1098904.095896
1083126.517979
1089652.680819
1064561.279844
1045900.568073
1059744.473700
1057670.700049
1070008.110312
1062302.839460
1037656.442369
975136.735300
976642.498808
910273.453493
929960.156063
893931.461646
917899.375910
889718.932577
894435.998569
904419.471559
889513.122136
955486.827419
968579.643936
980278.483117
937874.290282
949463.879840
970901.472294
943813.233471
947423.403349
986866.210480
984851.736356
988354.274670
967238.221269
959013.857803
971060.263686
968084.057916
945709.203163
965721.697252
974515.271165
962933.623028
970620.255755
971558.851865
992557.584506
970178.799212
953580.785798
961678.036542
970287.128484
966662.655657
952084.221890
941623.084481
949504.478190
971594.836524
963166.393309
972434.387111
963537.570675
955061.879226
959550.238773
968732.331981
963497.715603
952639.026746
964909.726873
975290.487050
991131.815893
984831.883976
1005025.745845
1009021.668223
994244.211970
992899.995675
960888.600646
964406.230567
958210.624362
974067.478401
971807.227814
970460.437784
974222.305696
984378.590237
965807.510992
970437.666795
961937.749558
966750.468643
979475.991456
1005598.298877
993646.728351
988457.007206
977324.280394
978024.563389
985148.304420
987795.492373
989510.238072
984499.754567
981798.699605
981872.392325
988883.971720
980678.044596
972133.950201
966907.680463
961863.368603
961996.174437
967250.458472
950028.219940
933922.107500
934990.362880
946639.356843
