1000000.000000
999971.358071
996639.497116
992006.329912
983897.367984
977692.185361
978611.655086
978818.147885
987472.646697
994647.539155
994239.571931
993893.343264
994995.981482
998656.156178
998453.849805
1001418.065891
1002475.251515
1006591.304455
1009606.086257
1022840.612594
1027344.804693
1037463.155741
1041582.911376
1050290.428342
1039901.842294
1039322.776813
1044269.106215
1049607.445747
1052211.049216
1054441.796497
1073106.287835
1077643.613990
1080599.134295
1084396.069999
1084928.281475
1086573.645995
1091543.472235
1095852.769285
1100103.418254
1095923.369791
1093378.757083
1099448.081298
1094524.937428
1086430.787281
1091102.501696
1097846.883147
1096385.558327
1102119.671442
1109421.758587
1113127.512011
1105826.396549
1104724.845831
1093054.728638
1088824.098705
1081967.591141
1079186.331649
1070686.959263
1074699.607558
1081250.053264
1091492.145902
1101030.051192
1106248.067594
1114288.947683
1117507.485599
1118158.063814
1124694.734923
1132412.528528
1125864.290292
1135748.913982
1135153.826324
1136659.149790
1130455.079739
1124336.136496
1114040.041501
1123603.884702
1126817.395672
1130369.776789
1133610.323528
1138300.875821
1142787.320053
1136813.155636
1119742.576546
1113031.404469
1124076.149163
1126910.202424
1116729.463507
1116024.359658
1110544.576417
1121784.901372
1128719.617001
1127324.562530
1131591.753297
1137502.326822
1142864.955027
1140533.487966
1138656.719828
1134235.333151
1139012.802948
1131693.068629
1142955.762226
1142811.620570
1149222.499148
1145174.829453
1144024.650900
1146903.137230
1144851.472511
1142598.544492
1137366.951208
1130938.232487
1127180.932216
1127637.803510
1126296.763271
1126850.942568
1133001.797561
1153743.887227
1163105.744597
1166038.093648
1175566.399297
1176766.580287
1178843.871451
1181506.099143
1186801.918381
1180017.584898
1165091.823217
1168061.240627
1158710.652191
1169554.471297
1208636.588040
1206641.678635
1212503.799624
1208250.842406
1201607.654015
1209466.767508
1209248.665038
1213559.967826
1216052.300043
1212697.752688
1214263.070534
1225392.982059
1221198.154879
1213549.738040
1222244.763899
1227418.269774
1229423.747192
1243550.415660
1245817.319996
1247970.383156
1245942.373648
1248425.381699
1229533.147866
1222964.919013
1216053.790777
1210510.392042
1218981.868634
1223343.110345
1216808.372659
1227837.735814
1244633.058373
1248131.881028
1248992.463109
1241433.340871
1246581.240710
1249608.790003
1251607.103194
1249563.795014
1255915.856918
1248305.210767
1238280.098505
1243849.854338
1240255.514598
1250585.159384
1255428.826767
1260752.004522
1269392.731061
1279940.650808
1285047.489568
1289332.471577
1295901.059551
1305526.690963
1304077.224173
1308665.827072
1309954.099268
1317502.818567
1327929.227784
1342344.673710
1335524.398787
1330447.885977
1334717.161313
1324982.696823
1340434.552842
1334143.458470
1324926.381770
1304475.204148
1292609.525705
1250468.723273
1231301.899430
1245365.899230
1268030.835065
1288010.833944
1304074.071982
1315192.250282
1299272.702188
1284892.792379
1277541.353519
1281960.359680
1292299.140290
1301075.820637
1311259.692366
1294793.675114
1283950.279494
1283958.720198
1282572.463301
1272749.784692
1277318.509518
1278868.986903
1261458.437297
1235176.480266
1249089.526932
1228517.999389
1209751.723407
1212664.775549
1233800.927713
1239980.075085
1267744.120545
1264571.702867
1261154.839082
1257517.018265
1242492.041317
1245598.710437
1258090.518235
1265697.013075
1253189.832588
1252217.549221
1257438.231736
1248770.139541
1260310.659246
1276475.370359
1274171.996794
1264360.762824
1273501.584187
1292778.008230
1307520.069774
1310472.356104
1307861.267753
1310917.538203
1302802.749769
1297994.158162
1294439.035442
1300125.095317
1310987.163425
1301900.365520
1297911.574176
1291011.632311
1290057.648602
1292857.128316
1296581.372173
1300998.951734
1308954.861313
1325128.214173
1325540.297664
1335104.758753
1333383.024873
1328495.576874
1338695.264709
1346255.369070
1343165.351830
1352860.491455
1346867.920721
1334327.624082
1343863.241144
1331157.148217
1329442.081446
1305520.638125
1309269.927982
1303189.016589
1310537.469627
1315594.541662
1297800.640791
1290223.798761
1288400.801030
1298477.329496
1321692.302039
1325011.535859
1311537.940446
1328339.349345
1334784.527845
1319819.057498
1328411.541878
1328071.757010
1332483.433066
1348743.100468
1345900.427797
1347704.912270
1362881.330815
1352852.916529
1348335.570356
1341357.149774
1353562.312738
1344151.624086
1361729.235514
1362980.328924
1366391.505449
1402260.883795
1399745.712426
1397561.554492
1388693.013154
1382270.788634
1382710.632828
1360526.994074
1343191.387026
1353468.194800
1363747.349487
1372288.197705
1380039.291815
1387725.388545
1389128.320423
1382664.328004
1376771.998829
1380767.300226
1351652.856554
1343379.765691
1336537.861628
1348039.921579
1348543.158639
1360787.947365
1370576.762262
1359002.585421
1364940.972814
1372035.052224
1400267.724108
1405105.453506
1418682.965854
1425787.929654
1405212.877476
1341704.121696
1355694.984106
1329553.441369
1296670.174509
1322227.775943
1319093.009359
1343762.292524
1345234.631051
1332455.305155
1346534.175497
1343621.147932
1326775.375229
1365451.665674
1351557.259969
1331951.127978
1326095.833872
1352351.695599
1352334.116305
1365246.118109
1360975.612575
1358124.169756
1379500.087778
1358857.294821
1334866.946441
1335391.380090
1323094.513761
1342498.887019
1344025.451673
1334740.293705
1317562.962684
1319833.526502
1324991.584959
1325662.972393
1348197.991859
1342223.680108
1352888.570696
1380764.338352
1370061.266751
1348147.298265
1337891.698372
1340830.269684
1348355.237352
1353076.717301
1361354.306673
1337588.370455
1313090.706796
1303255.935651
1290448.105114
1264647.302859
1247803.012647
1224659.862897
1245048.740942
1267639.280279
1259747.121091
1246568.158367
1283831.908386
1294273.644403
1296225.108972
1306307.689090
1310238.989225
1313193.278636
1296445.008309
1323819.143659
1321197.983816
1321910.556820
1321054.689866
1304352.653847
1297686.497907
1304906.212111
1312915.123122
1299652.658480
1302784.143719
1324443.366034
1335037.922291
1332376.164834
1352244.129618
1360248.872315
1361023.317178
1358085.092736
1362290.371428
1362566.547956
1358054.834671
1367908.130416
1398314.385362
1385360.336536
1394368.208422
1397761.012023
1402824.642882
1397021.209059
1396208.845077
1385154.253065
1376706.003992
1391025.551583
1390815.936992
1403912.802554
1411763.677575
1411179.019599
1427699.106164
1427938.464176
1437086.390873
1422401.753463
1406679.726460
1416061.492323
1420743.700520
1428522.503469
1467254.851177
1469480.772171
1475264.535080
1465759.842967
1484197.550247
1477414.343417
1485001.993937
1474075.767213
1471582.189727
1470708.909555
1493241.579170
1497752.745366
1507245.127012
1496008.268915
1487559.934957
1474570.728289
1455614.255337
1447535.048526
1428520.206668
1442375.050512
1416318.774358
1424733.484685
1443913.930818
1456430.764602
1435111.288060
1426972.378423
1430012.496907
1422221.070060
1407519.578977
1409826.574441
1413733.509138
1409314.769396
1410139.414178
1395553.973396
1382799.935611
1400986.556003
1421229.375351
1456495.231619
1471941.683833
1457095.421008
1462370.026354
1463106.522001
1470805.756866
1482746.325168
1488419.372342
1504572.034214
1504324.798464
1507679.984075
1486894.157914
1486628.113936
1492317.492670
1490431.279016
1515840.740541
1517783.466385
1523869.733100
1520461.454495
1511289.864848
1509778.720788
1520168.730782
1520575.820896
1530992.429041
1535822.033948
1533526.137280
1524275.640131
1517916.015030
1525180.937679
1528633.338760
1535099.593367
1539632.604951
1514626.427886
1513684.403795
1522924.959611
1530283.657955
1514590.625282
1508235.955503
1491313.868125
1456706.193753
1455624.996913
1457131.008066
1478316.396477
1471243.110121
1484777.286203
1461752.655427
1469708.259367
1491694.631709
1484035.766031
1488546.168398
1482995.220481
1468385.569336
1466240.595508
1470469.813698
1482259.625012
1488624.016272
1493944.475215
1499730.158182
1515946.475346
1515278.408646
1512019.350720
1518367.843403
1525703.490007
1517055.841940
1516809.362468
1520800.270972
1525970.910163
1517900.150719
1512772.166007
1493802.300736
1501774.000954
1516722.385068
1515059.883983
1513127.295388
1509158.351457
1507743.359169
1512699.763510
1525757.558659
1529743.072275
1527425.175309
1534917.620846
1513905.805325
1517574.017792
1517883.938761
1564347.154994
1579015.733752
1568635.250954
1574796.633307
1564764.492816
1576116.320667
1589884.454813
1594366.650721
1601428.062254
1605472.324730
1603519.269077
1596808.525007
1599918.177129
1598876.738923
1599321.963354
1602114.067378
1609381.869228
1596330.800143
1595112.114819
1582113.119253
1595199.660213
1591071.785629
1596155.098434
1580145.799251
1577735.059964
1571426.424374
1568259.020987
1563298.695810
1580664.740362
1579411.864142
1581827.389303
1584286.997921
1591555.231399
1602692.665656
1622453.123862
1622094.605007
1628940.645963
1640964.381923
1644051.664775
1649696.569607
1651638.984808
1665736.614803
1654362.494422
1649905.977040
1671692.488394
1678626.574904
1687248.684233
1692592.814358
1697020.850406
1700033.132830
1699443.273958
1729182.642119
1727081.242212
1716338.726853
1718457.615285
1721401.993875
1727391.331312
1725779.039799
1713807.491480
1764328.035224
1830367.176204
1801470.401628
1817398.958055
1815664.807586
1827479.604569
1834838.204559
1835379.042495
1829574.947045
1830428.859686
1853903.672729
1876663.822333
1874161.570567
1790568.772167
1757928.329000
1757519.565586
1695852.356642
1663569.348430
1731825.799185
1726462.536170
1756186.291107
1750402.094411
1705791.434509
1580496.364054
1593860.667752
1485759.334472
1518633.682310
1409820.752515
1446664.802147
1380832.431939
1416798.525399
1423984.494828
1405786.605424
1512672.159375
1548950.470890
1567763.226343
1524517.488003
1551968.723667
1577455.909132
1539062.558666
1549102.143305
1616808.774538
1613484.369765
1627225.373859
1690346.197477
1705798.103551
1725676.386803
1729354.677535
1678399.185128
1724361.499356
1722234.446761
1721455.460087
1753184.777580
1742729.725536
1786306.877790
1780952.763721
1768573.959214
1774192.339292
1803234.822114
1792090.120734
1774950.145358
1761794.511457
1767762.588027
1801402.211479
1791923.928655
1810290.198674
1799334.244440
1780705.141738
1780965.352414
1792444.414881
1797314.790332
1800563.992901
1835800.651000
1851429.501244
1866550.315802
1854604.424826
1886970.223690
1910601.300268
1904624.239390
1933976.645802
1869357.002022
1864242.707794
1865073.846109
1892908.598355
1898399.028038
1905648.346716
1919061.037387
1930737.460293
1902056.882601
1912900.120209
1930957.619637
1965986.278962
2011643.792848
2126546.265134
2119273.876804
2122713.384956
2120818.542511
2129062.389781
2122387.875723
2121640.982607
2116234.225598
2086308.811387
2088427.913082
2151541.196695
2140668.075304
2134787.256713
2109121.233389
2074892.680941
2099931.043258
2089390.399495
2104471.653816
2082260.134257
2067659.054848
2100210.826248
2134867.342244
