1000000.000000
999971.358071
996639.497116
992006.329912
983897.367984
977692.185361
978611.655086
978818.147885
987472.646697
994647.539155
994239.571931
993893.343264
994995.981482
998656.156178
998453.849805
1001418.065891
1002475.251515
1006591.304455
1009606.086257
1022840.612594
1027344.804693
1037463.155741
1041582.911376
1050290.428342
1039901.842294
1039322.776813
1044269.106215
1049607.445747
1052211.049216
1054441.796497
1073106.287835
1073483.139018
1070495.717003
1075694.477758
1072961.941283
1073195.220807
1077844.514280
1084504.664000
1082925.100401
1079805.758847
1076044.157981
1075152.744501
1075131.258350
1065262.401013
1064818.164172
1073523.552676
1075267.743836
1079797.654858
1088195.326205
1088178.193888
1090094.688330
1086227.108846
1082432.371184
1078755.558148
1073239.495961
1080318.296705
1078392.703134
1076265.727154
1090179.051939
1101736.856789
1106405.443335
1115931.401871
1119698.091652
1124454.192278
1121518.902669
1131333.420387
1134030.464304
1136632.118176
1150058.990032
1149794.042241
1149912.469325
1144055.038765
1142957.873762
1141888.910633
1147935.880408
1149440.556267
1140683.617414
1140152.518638
1146318.123684
1142796.215085
1140111.906325
1130906.293345
1117028.476650
1127577.745339
1130427.925384
1127121.032069
1124033.112568
1118907.949058
1123458.300950
1132239.218240
1131325.576617
1136773.540713
1142329.524855
1142682.256650
1143139.214791
1142170.153713
1136664.495768
1133415.748129
1128610.681405
1131502.965863
1137894.041863
1141644.660170
1137558.492378
1138763.063345
1143386.196795
1143836.989701
1141032.010542
1140059.556523
1132264.778330
1132721.740619
1131899.696610
1128469.275171
1129200.899245
1130047.359686
1150991.971940
1157160.167689
1160820.269840
1167659.490462
1172604.285516
1183191.565458
1182337.002563
1183977.973423
1185999.358548
1177982.450872
1180708.827231
1196459.417938
1205969.394362
1241462.636595
1236107.160629
1231513.120953
1237927.078200
1239354.595316
1246431.548898
1251569.157267
1253433.572187
1254824.398623
1256343.708698
1266741.486850
1273560.703539
1269763.482224
1264799.164977
1280919.533807
1282290.359171
1284065.180510
1286961.020431
1290068.894246
1287057.852363
1283293.877410
1283162.067375
1272696.919754
1262241.016189
1251428.022608
1253535.540613
1261190.166085
1254573.685406
1252564.194855
1258175.976957
1273085.094667
1264530.693890
1268389.961243
1263454.523774
1258969.732956
1270000.631332
1276890.679970
1282826.107643
1283360.323183
1285050.319326
1276597.942026
1289916.449861
1289361.947461
1292807.604373
1303968.722962
1313238.812134
1321173.061860
1327962.103670
1337852.810169
1353381.129995
1354876.600585
1365568.008480
1370719.116736
1373762.771493
1377571.585397
1388097.856221
1406165.916374
1426460.666099
1429791.999246
1425318.033865
1423504.400453
1412957.609682
1422505.894365
1415499.103575
1406060.361777
1392360.418406
1355335.974059
1344258.053175
1325748.084273
1330068.009231
1346627.102906
1368305.648170
1378099.873531
1380444.188952
1370883.732685
1359018.492071
1356263.191200
1342768.937320
1354717.967860
1361749.544659
1368196.928899
1352635.589059
1354319.965581
1354602.660949
1345346.937307
1343238.593939
1350115.194819
1347711.430608
1333474.048405
1307068.445812
1311942.094836
1308706.813689
1290300.055567
1288499.625964
1293940.576252
1302627.999819
1325773.710567
1330938.337256
1335721.446355
1329157.835159
1317322.621783
1318761.938568
1322591.102867
1333868.284187
1333942.396305
1334091.416423
1340910.969959
1338246.268490
1344300.435009
1351717.485912
1347942.393691
1347078.419719
1344929.606487
1376756.900732
1382699.315957
1388251.213287
1392077.124319
1402585.898241
1398252.324525
1389120.419526
1384527.700773
1395370.980710
1399209.401185
1397352.435350
1388691.600007
1391593.501393
1391438.968464
1386227.630356
1378538.298952
1395371.043620
1396424.974274
1414252.787009
1413834.165848
1412251.860328
1416511.005510
1410720.867499
1412114.015009
1425722.410950
1426686.636338
1424870.683172
1430085.903153
1408570.127747
1417333.204846
1411823.021241
1412892.150158
1393752.109966
1389946.138154
1372647.809938
1371002.417701
1386581.246966
1372101.337679
1368143.966592
1368032.889290
1381011.510961
1401966.447754
1405256.474774
1404313.446205
1423656.011543
1428652.934684
1420900.481299
1420013.130020
1415977.323597
1417482.046631
1440142.763364
1447323.072590
1454615.837506
1459340.099026
1455992.616217
1458134.532163
1460246.675464
1467672.789876
1459114.274186
1446433.040181
1449481.904810
1455918.896186
1474779.063330
1477746.161549
1492746.826721
1483214.791984
1473176.432127
1480800.775288
1462610.898388
1459485.384361
1470164.921591
1480256.831925
1486143.749072
1489938.990649
1514054.921046
1519812.095092
1512974.318898
1506556.827522
1513459.737192
1489091.907409
1479954.822551
1488314.409063
1479515.213115
1473036.485467
1472051.288363
1488169.088238
1475773.062095
1487246.156083
1495397.116858
1515994.799100
1523827.167769
1535601.044959
1543996.706715
1550506.896821
1483901.957031
1487993.939727
1471516.424759
1426433.851225
1450517.158802
1446644.517093
1463704.359646
1463577.177520
1450749.848907
1468321.454953
1429001.422571
1418804.386647
1425924.337854
1402702.420115
1403012.017622
1387492.280181
1418802.348453
1424751.210437
1445476.966162
1432150.207284
1431385.242650
1442162.003913
1422651.560849
1406478.410544
1418883.478242
1400728.333211
1409887.176761
1403392.783205
1400650.879626
1384946.795100
1377517.436935
1379827.846905
1382148.937374
1410525.594381
1409497.673135
1420165.902788
1452535.568560
1444566.612713
1421398.389114
1414250.976441
1404403.906141
1409284.630973
1420741.567795
1427954.174899
1415456.870264
1408827.288469
1405118.682552
1386455.039897
1368331.305582
1340143.040745
1334383.379793
1340240.951247
1358636.135386
1362797.653604
1351761.351330
1374113.924585
1383786.065622
1386494.717713
1396501.800584
1398656.751368
1403227.693201
1392047.915942
1423098.208276
1425016.826483
1423903.812209
1444977.956057
1432290.014844
1427268.355911
1439865.793373
1448393.224472
1434721.511001
1437714.797655
1447462.677138
1474503.587962
1472030.068276
1486022.918067
1486641.416011
1493335.675140
1482214.060771
1478048.468546
1482331.307430
1478868.964661
1490524.700302
1529010.836796
1513835.321714
1520223.183491
1518712.789058
1545947.399218
1545658.550216
1544320.892352
1528145.749037
1512404.979486
1530055.443085
1533239.821044
1542469.655057
1548417.321120
1558748.407281
1578620.412826
1578602.473828
1583062.858211
1575924.148597
1551058.718203
1558444.828860
1564460.145948
1577969.960111
1622536.450535
1628188.953939
1628355.007943
1632261.682654
1652395.113534
1649306.525883
1654486.637458
1644018.371720
1641835.984556
1643452.948814
1674568.660601
1673200.018123
1683964.396791
1687452.222057
1673286.401529
1672610.272477
1631619.216303
1617614.317948
1598406.971282
1617593.033612
1596590.335525
1596020.594799
1616689.867512
1627632.500706
1615890.403829
1624164.565121
1624824.720376
1619350.731158
1601335.712154
1613750.905198
1627395.600037
1624407.334801
1629948.428183
1622171.712058
1625684.845317
1620914.616684
1616994.554210
1648247.450149
1670592.243925
1666674.335116
1669687.240292
1667564.563883
1665377.246283
1677504.914631
1686464.933510
1718341.188868
1707972.322048
1712331.155666
1696519.958029
1696279.325482
1705109.279110
1698719.182225
1724138.983083
1724804.281369
1713713.758963
1709303.288783
1689561.642291
1687156.252670
1687664.143321
1693055.854273
1699832.884594
1705260.176483
1704870.451812
1702873.585171
1688633.606039
1691154.782914
1694851.467777
1696186.161648
1694773.119217
1704762.808278
1705412.367810
1711474.928642
1709750.591349
1702753.477186
1684523.463758
1670958.184600
1644620.548152
1640335.732936
1638016.258926
1668489.048979
1663342.450561
1677660.299311
1678342.196461
1682732.008105
1696839.859584
1698160.968176
1701188.035057
1702637.916670
1709281.279704
1699943.758347
1696883.046946
1697028.878668
1711279.516982
1704058.449326
1714226.358228
1725723.313658
1729274.972819
1726661.498560
1713496.710726
1721704.643210
1720700.452973
1711009.401057
1725301.493462
1713610.871215
1731541.819286
1725628.352865
1733114.720533
1734229.408172
1740751.260755
1736138.934554
1733651.340188
1722035.410275
1720480.449380
1741981.640435
1753386.872075
1766316.949843
1759638.851773
1774834.968726
1762101.878902
1756229.476777
1758670.390083
1765997.777366
1778873.154922
1791159.076347
1794005.151683
1795009.056535
1802873.672059
1816721.676129
1820737.416032
1822591.294084
1823238.946252
1811784.490861
1796971.061579
1801595.566729
1803764.966198
1800420.406955
1807399.176526
1807492.770551
1800179.623062
1800744.410604
1786726.722227
1801425.114593
1797591.079353
1807424.749858
1783579.804780
1777001.765392
1773318.556843
1779840.271638
1785315.109485
1797110.899585
1788497.007570
1783876.814251
1790840.697440
1785729.992252
1810413.062382
1815859.831112
1834263.751229
1834959.195379
1842976.486345
1841339.411888
1836378.748419
1836357.507314
1849277.472666
1847641.953672
1840718.830342
1848583.825767
1843816.918466
1840875.563514
1842784.266183
1841050.675342
1853365.265693
1856138.818702
1867197.154576
1858725.530172
1852402.287402
1853583.000941
1855053.572734
1835832.852749
1833181.742947
1816791.131585
1754326.155804
1785409.027575
1795423.904993
1807414.465261
1807980.277026
1811042.592353
1827211.689960
1837941.343822
1832614.130146
1835318.953046
1840812.532966
1853221.276371
1855285.205798
1802484.468450
1787705.324626
1787909.726557
1770290.915765
1722296.323138
1751215.650258
1758254.416569
1779943.383365
1795425.112942
1761197.748432
1674047.688187
1686456.730223
1595024.351989
1626248.078252
1538158.025672
1543548.101304
1506580.305145
1489147.118996
1541610.463120
1474189.609267
1543514.131650
1580878.356995
1607324.029270
1596160.014611
1588625.144752
1616954.100972
1573282.206803
1566454.200604
1644586.325332
1633982.606504
1649545.239327
1664991.256932
1676298.382606
1709121.221755
1709214.163595
1666748.634238
1703133.093146
1726872.614236
1712115.155848
1735566.370439
1734528.081137
1764319.426347
1784810.585306
1743519.569390
1746772.949568
1767867.623711
1756788.818591
1763978.703133
1737795.920422
1739771.623307
1750724.796394
1750469.930003
1765599.747962
1762918.391515
1745656.794948
1740944.571036
1759077.093214
1771277.884921
1773933.301203
1812863.144611
1820415.296032
1828220.273123
1829954.493609
1842152.977431
1848851.045585
1849742.691500
1861409.322486
1817736.247639
1821998.163819
1803843.234618
1826835.535690
1831240.095164
1839312.235803
1860379.873232
1877075.244289
1864045.919847
1866527.510828
1870009.603373
1901567.468108
1935753.367522
2038251.775795
2056188.255349
2049648.133331
2057957.718074
2044155.498678
2054730.873918
2030486.332667
2026259.116320
2007406.949464
2019991.316122
2055644.953828
2063717.538496
2057577.714468
2042416.672110
2013702.975099
2019671.015728
2038056.284652
2040541.379907
2030279.242174
2037836.519080
2035225.494994
2064420.674433
