1000000.000000
999875.579379
996542.190619
991907.857632
983798.089203
977591.723748
978509.409346
978714.018216
987365.490871
994537.541865
994127.409090
993778.582343
994878.566464
998535.979506
998331.935814
1001293.555258
1002348.069387
1006462.367602
1009475.177354
1022705.858708
1027207.591184
1037322.622530
1041439.336438
1050143.406593
1039753.730968
1039173.123214
1044116.902932
1049452.909497
1052054.236129
1054283.387651
1072942.873926
1079911.367946
1084113.153917
1089999.799403
1086891.370512
1085243.001549
1087947.650628
1090614.493914
1084984.276214
1088495.148264
1087557.201941
1085158.791495
1087275.866737
1082829.790425
1084977.622188
1091245.625703
1092041.756381
1094241.884725
1098280.490411
1095862.564608
1087727.682702
1079358.183710
1072984.790429
1068985.862086
1073145.466385
1076749.361814
1076729.020289
1077681.884368
1087234.894400
1089895.557581
1099490.339547
1103448.703444
1104244.924400
1112025.792612
1110196.592305
1114075.606956
1116910.232838
1119157.743951
1122172.615288
1123795.885958
1124590.568113
1121211.725506
1120005.306365
1129381.364966
1130649.389866
1129932.852525
1125553.631635
1130864.013066
1133941.671501
1130215.283607
1126385.067741
1114521.264559
1097784.905150
1101633.556340
1108725.717299
1110605.282799
1097220.192195
1086404.829486
1091800.020445
1100278.032296
1101748.488488
1099875.343975
1105647.429533
1109170.363962
1110199.157162
1104089.723252
1101327.544962
1103020.529965
1094295.548869
1096184.500465
1100528.888521
1105879.215941
1103702.232587
1098290.741138
1102694.616174
1101347.010660
1102338.965016
1100251.143407
1091453.572365
1093925.459292
1094698.152671
1085415.232034
1086913.743523
1087219.644121
1110054.817836
1112630.472861
1111419.850733
1117732.795203
1120664.506694
1127184.966915
1124676.166552
1124064.525109
1122073.934718
1120400.013773
1127943.909206
1170881.331140
1172279.149896
1179255.623275
1179079.067319
1175413.762907
1190809.144524
1191377.501178
1199403.917367
1205050.116222
1197927.734142
1195035.284293
1198833.167247
1209419.131043
1207678.141598
1205215.404073
1196630.837217
1211130.480473
1207994.043835
1203991.279961
1205684.652277
1206514.316996
1211884.271819
1210896.851577
1217701.069988
1206265.698804
1190936.379843
1179769.136846
1186236.091228
1188960.623422
1185383.027623
1188992.807403
1195096.305381
1205278.873797
1208327.243611
1205150.342105
1202121.824884
1203987.114380
1211405.193729
1213445.808697
1215812.459037
1219276.469705
1222825.865664
1218885.562626
1222654.234758
1224458.208479
1217668.143986
1226225.706076
1236491.045379
1239806.713018
1244931.624685
1248581.602629
1250012.181491
1255240.114608
1263275.499679
1264027.424569
1272856.436801
1267913.175464
1278011.522769
1283723.282724
1304768.380717
1304900.479215
1294035.594426
1296825.303263
1290481.381345
1285229.211985
1269789.863276
1261671.270106
1248371.087574
1222622.963901
1228163.688238
1207645.111440
1212478.044031
1210772.079053
1218957.820947
1222376.589217
1227296.022354
1221682.958926
1218738.125080
1211930.067018
1189158.685094
1208043.708666
1206989.438864
1214819.935822
1207535.788523
1208712.583859
1202617.225464
1200901.394698
1190459.072669
1195530.047747
1195008.557557
1182279.962066
1172343.153718
1181437.661755
1197682.939796
1187922.012260
1183879.940055
1186049.443747
1210293.329956
1224452.830720
1223714.955898
1224595.414392
1220529.580116
1210928.711681
1214905.467800
1220363.830483
1226884.236747
1227068.722421
1229916.692724
1235797.383789
1225338.254254
1229131.842947
1247742.446956
1242565.870239
1240877.720288
1244260.927670
1266906.315136
1274629.505622
1277058.908527
1283311.185555
1290476.228294
1287080.180685
1281218.498789
1282594.951711
1287858.267635
1294968.004458
1304332.375581
1297864.520896
1301110.813754
1299689.483086
1294976.675448
1300063.052712
1311240.389901
1308240.818138
1312681.417989
1310775.656496
1315770.909687
1324433.599171
1327019.209101
1329309.712971
1342248.309813
1344458.027353
1347519.533271
1341611.725212
1325913.984760
1331464.746280
1325254.665696
1336748.209323
1320858.994537
1321862.900719
1317544.641270
1314714.954616
1329927.108056
1323249.204834
1326863.025001
1320017.878395
1324287.654190
1341105.500970
1350735.495852
1342900.429759
1357071.475992
1357485.904142
1345274.170696
1347573.664577
1343444.432382
1347139.714412
1356952.438659
1366667.828477
1371283.896835
1373905.211554
1378551.480821
1385719.151472
1395802.159779
1406839.051424
1398570.155301
1387879.586935
1397230.548244
1409099.263593
1420344.274345
1431911.886572
1439691.937744
1421843.297082
1411432.446900
1418174.573658
1413518.418389
1424703.794385
1431263.032311
1433753.525285
1435986.952756
1434750.004683
1452786.601129
1452861.659878
1451160.399477
1440209.612148
1432615.001200
1416240.962244
1407454.449552
1409837.131401
1396463.213805
1394252.814762
1403179.535519
1409175.897391
1397595.088818
1396745.939492
1399845.991404
1406273.731502
1419306.715405
1418484.118208
1423457.362739
1424013.372771
1377773.157427
1377910.356858
1381108.897604
1338773.625912
1352813.138038
1358319.122108
1375496.234230
1372266.182113
1366835.011196
1368482.911711
1340992.379655
1335328.396953
1331293.339844
1313427.134620
1339224.148065
1336289.401065
1361351.012684
1357236.052566
1361501.730853
1369300.059405
1362956.410843
1375654.900681
1370272.414281
1360868.793526
1364906.927151
1358342.223360
1368765.468113
1370956.657556
1369761.163236
1357092.466265
1355264.136693
1353523.383347
1357528.109639
1372796.018753
1378656.708119
1382942.625239
1391464.645242
1388898.935835
1349120.897756
1359684.416834
1350467.714176
1361816.941443
1374934.945935
1384981.993757
1383102.801181
1374291.876226
1366730.740356
1372263.603593
1359782.601484
1342967.059866
1338836.960219
1341413.230880
1359190.239451
1363712.422587
1358507.647457
1373163.822897
1377757.858450
1386109.784004
1394666.979887
1396660.180499
1393244.280894
1383885.719486
1407892.484525
1404262.640321
1395887.691992
1408803.899358
1401742.034538
1389545.262612
1392738.867937
1386225.819784
1372127.456861
1376357.022162
1390681.948463
1414881.346836
1412970.538574
1429164.777895
1425458.666541
1418394.344549
1414254.246129
1407176.133025
1415923.044376
1411760.674217
1414864.788822
1426550.793952
1410328.102486
1405118.872732
1408438.676228
1421597.516091
1427195.123643
1428111.037317
1424349.261775
1413828.526980
1427858.622282
1433002.668350
1443064.566086
1444947.901850
1451120.233851
1463617.498616
1469537.577263
1476828.696917
1471211.551918
1457054.876333
1469436.566012
1472324.575651
1491025.496663
1513508.908148
1520056.081116
1509800.969834
1509852.968890
1517983.630586
1518178.117744
1518782.995652
1514665.554182
1513842.301249
1506427.732866
1518424.411884
1513153.811745
1525373.259399
1526648.881602
1515843.599459
1524400.179262
1484356.681924
1475024.179135
1468402.742542
1478237.939659
1474242.591773
1483616.155461
1492336.737142
1508162.869726
1510684.117111
1535874.554812
1528594.336553
1534139.616759
1521908.943110
1540373.871143
1547147.216090
1535575.739794
1543767.669317
1536357.018316
1546349.210795
1534601.048330
1528521.088425
1552543.970480
1563085.010789
1558166.398214
1559256.012712
1554797.192114
1548046.858476
1556573.180262
1558367.649532
1576740.081001
1571346.997565
1574397.117418
1578434.844575
1577613.938865
1577158.297853
1573198.444722
1586492.681569
1596559.711833
1593465.959840
1592180.079166
1571511.625933
1576750.280481
1574615.420024
1579520.215333
1578996.761494
1589983.215152
1600825.836730
1602770.770588
1584385.535507
1575105.017907
1572476.455064
1570639.374302
1566277.139374
1569185.617663
1570368.917388
1583986.690791
1572253.706712
1566330.113202
1540902.572935
1523988.900383
1499895.780718
1495176.705100
1490783.499963
1512735.899094
1513164.661029
1518495.416837
1522679.617438
1519048.771738
1526761.775643
1525584.769188
1527820.856256
1514539.450957
1518060.779291
1527714.305021
1529562.999170
1525670.346180
1534418.044913
1527770.023089
1536988.189032
1532141.887142
1535668.772109
1534162.591585
1528833.237633
1531455.500012
1534656.688368
1527247.503520
1535978.915696
1524904.800413
1569134.440349
1579728.570186
1581735.349052
1558786.406129
1565080.913005
1568993.010497
1562928.041658
1535683.000933
1529663.215124
1535806.886925
1532968.379382
1532402.884166
1526484.140203
1544758.863784
1542785.790412
1524577.356984
1536701.575853
1533116.164879
1550970.388472
1563731.826332
1579726.007294
1589708.509566
1594200.509752
1605771.082100
1605090.597061
1609056.307817
1609601.648623
1603106.910351
1594663.141537
1587670.972418
1583895.352733
1591741.066028
1595337.331871
1602690.188124
1598030.195322
1602544.573378
1594667.437049
1608898.396886
1609093.478276
1620965.054819
1603561.764212
1598986.531360
1587246.306567
1596851.313683
1591490.794318
1591851.797939
1588606.683957
1588946.985707
1588670.994404
1589626.895995
1600364.039487
1606669.739650
1617007.833633
1613257.817666
1621365.377609
1625475.589510
1622782.686031
1620406.274228
1632798.277937
1624805.547257
1616206.872728
1624541.538413
1623750.250030
1612667.280593
1606668.675350
1605983.004368
1621890.148497
1627084.621435
1641639.927959
1634997.602473
1633582.312368
1631616.667309
1635623.076064
1619958.779044
1615953.300442
1619227.027046
1564864.263776
1592318.548068
1595120.420837
1598958.616961
1598261.212413
1596769.097304
1606860.451013
1617222.808622
1614260.110259
1602854.577640
1602243.684767
1616629.439391
1615858.528367
1576506.030952
1564208.585017
1564431.560659
1546703.859847
1485518.323842
1503346.816173
1510443.478857
1523693.758007
1521434.774426
1474200.133093
1380531.187738
1377152.960976
1265786.216609
1300725.430516
1230994.041580
1240598.777592
1198382.123033
1191995.826853
1235912.182028
1161355.268417
1238305.530900
1287550.313451
1308864.324158
1283809.483177
1276109.804706
1322449.086265
1284592.928189
1271851.097405
1349316.751486
1335036.662396
1351621.885055
1339496.725471
1351113.630039
1376885.292168
1379945.506026
1346379.068958
1382181.942794
1399679.028953
1375638.692049
1388781.440325
1390496.611436
1407679.520413
1403677.148717
1350746.284651
1354433.225394
1361006.778537
1357895.247735
1369038.084300
1328070.121794
1331194.471952
1336964.086423
1325366.687773
1339188.153938
1328409.275960
1322572.173416
1320798.656756
1345592.525223
1354032.574192
1351986.911663
1382095.830417
1392537.473973
1410126.290600
1408503.414213
1435039.763545
1443890.444747
1430935.448063
1437495.142131
1396050.571039
1399613.341936
1385093.456635
1403883.610188
1408001.599102
1421614.202209
1442677.862018
1466817.789351
1435226.557248
1438725.534880
1429329.728364
1449418.171226
1466241.199893
1497616.101318
1500401.472752
1496068.851016
1503310.506112
1499816.573119
1515683.213247
1502961.241522
1514423.418101
1520201.138978
1532691.810474
1546390.994566
1559435.268192
1544311.986269
1551440.884415
1537954.561078
1534653.054387
1545287.145015
1537587.334348
1515489.455024
1516896.695336
1523726.879209
1538943.807403
