1000000.000000
999875.579379
996542.190619
991907.857632
983798.089203
977591.723748
978509.409346
978714.018216
987365.490871
994537.541865
994127.409090
993778.582343
994878.566464
998535.979506
998331.935814
1001293.555258
1002348.069387
1006462.367602
1009475.177354
1022705.858708
1027207.591184
1037322.622530
1041439.336438
1050143.406593
1039753.730968
1039173.123214
1044116.902932
1049452.909497
1052054.236129
1054283.387651
1072942.873926
1077500.495863
1083076.454288
1089207.574310
1086276.418530
1091854.882841
1102922.272324
1101100.394205
1099301.855874
1096275.937614
1095910.722391
1100450.462592
1101788.590582
1092522.307227
1091067.272179
1098832.831728
1101129.005949
1104204.143319
1105211.974167
1103638.631940
1093342.414425
1092424.164574
1087685.967701
1085156.914575
1085842.372529
1082398.121359
1075299.785442
1077399.809075
1091760.155344
1102164.951274
1109251.806527
1112578.226116
1113642.846662
1117240.352935
1119250.525782
1124361.942080
1128468.763561
1130107.122362
1140708.065057
1141731.249548
1143299.663156
1131932.885084
1128790.932300
1128135.132060
1135208.116839
1135337.664279
1142040.755634
1149560.107498
1149305.765862
1151397.487967
1147833.419662
1134440.948694
1122987.076765
1130189.435653
1136963.753100
1131476.089444
1128959.029568
1120057.275365
1127900.086791
1135956.054824
1135792.657182
1136322.164280
1142852.368191
1147505.643369
1145405.237234
1140480.562886
1135070.556313
1137869.007937
1132334.889079
1140382.681616
1145475.324573
1149894.721793
1148145.901685
1147730.700635
1155495.625302
1154497.016154
1151776.846193
1150523.203534
1140553.230629
1139290.712953
1137321.981264
1134732.809163
1133074.611079
1131583.570876
1153107.825378
1160144.172901
1164980.506817
1174879.396052
1176765.129805
1183915.167513
1186238.033306
1189704.888607
1184861.296156
1179438.222097
1183335.862814
1181956.947286
1183819.873434
1194079.881326
1194595.219251
1199922.346084
1201405.439499
1197784.438648
1201982.013094
1204742.486960
1210116.368473
1210228.423745
1212953.906424
1217555.501780
1224279.490767
1219112.527660
1212119.147422
1224342.237019
1225258.491087
1222767.388830
1230429.044850
1229535.632023
1232290.052132
1229518.596169
1232304.903269
1217959.565066
1207185.469690
1198498.053275
1200799.981420
1203680.633440
1206591.533661
1206293.185094
1215666.203164
1232354.675055
1232531.882328
1232756.121379
1223653.902943
1227572.711726
1232884.282569
1235068.015406
1237385.194098
1242643.819435
1242939.893472
1232654.558972
1236081.479558
1241256.550285
1240702.421551
1246401.347023
1250161.814857
1256339.307478
1268284.218767
1271690.564598
1284736.739837
1289284.448604
1293335.073779
1306393.799335
1315061.763195
1313883.985079
1324308.278006
1341916.655918
1352963.584539
1347251.881806
1337804.399698
1350305.950884
1337400.554304
1335831.699145
1329988.267393
1319334.417050
1299499.093288
1276509.379572
1258183.372774
1245771.973005
1253078.719324
1262800.515782
1284601.233679
1293728.375386
1297465.332010
1292471.014415
1281625.519273
1273291.110652
1263237.481735
1270446.468656
1275559.546458
1290460.067967
1269651.803347
1261548.976465
1258383.799941
1253548.857660
1244615.456227
1249319.420755
1250784.062716
1236412.645983
1221244.333783
1225499.851261
1220442.826328
1205513.851307
1213645.013484
1225074.097441
1239232.971123
1260283.521758
1265846.682344
1273648.850134
1275590.555491
1265011.293521
1267208.304134
1273891.604732
1282189.370661
1293451.417383
1292851.014602
1296744.114768
1293891.282462
1304668.998204
1308627.086964
1312204.462529
1302523.286099
1310262.709027
1326424.733851
1341241.490606
1342313.046294
1343910.444683
1342292.257564
1340351.497260
1340653.795880
1338609.865700
1340226.802753
1349794.457019
1342131.875579
1334437.309348
1338383.479441
1338755.066153
1332963.299929
1338179.796964
1345378.637616
1348490.531701
1358885.977256
1351341.618601
1364387.803520
1370564.307698
1370101.535804
1379694.490746
1392979.823553
1397069.920312
1404408.693255
1406889.108998
1393518.811919
1400118.314646
1389166.128508
1389734.855300
1373997.688664
1381454.448956
1378858.398423
1379288.312078
1387576.109681
1376900.181978
1373399.351477
1372356.344649
1381490.975404
1397908.094436
1401895.261211
1405911.882123
1416961.879917
1421234.553364
1409603.495810
1415635.401691
1412784.607102
1413842.105026
1424410.092191
1428078.414832
1429166.531944
1433125.149451
1428590.120813
1423987.876309
1425321.338571
1438594.628826
1434009.687791
1445422.938203
1454157.212574
1454434.515347
1480609.919995
1483570.774175
1481741.651900
1476707.515023
1472012.700654
1473077.097797
1460517.041730
1450193.205696
1455882.072278
1464363.447453
1476315.248282
1481424.573528
1489650.339958
1483650.513966
1482070.836460
1474717.863370
1467571.294584
1445489.522022
1437453.490678
1434819.757944
1439242.324558
1429362.693118
1439892.339795
1451083.207825
1442658.931727
1445217.611760
1456323.625820
1469138.206674
1486673.583116
1487959.422700
1494583.923531
1477256.968346
1417874.127278
1423663.438497
1407751.117521
1372088.501450
1383807.178439
1385348.409412
1406000.607169
1401805.908755
1391657.090673
1395849.905309
1385765.961036
1378015.568909
1396272.381627
1384718.807372
1397379.373414
1406242.358529
1432756.737955
1428302.714029
1431674.791435
1427647.358261
1430930.672363
1443968.429650
1432202.949712
1414875.620897
1424489.442216
1415664.781979
1426103.564010
1421536.391927
1418032.520713
1403549.877144
1391671.473952
1402089.523169
1406957.756355
1432230.729350
1431365.574317
1439884.484064
1457904.958634
1455238.253093
1424792.358619
1428173.510015
1421599.778901
1428360.802730
1440677.509661
1445677.382652
1437409.931781
1423973.776689
1412254.821771
1406010.158863
1387299.506700
1368495.151609
1354827.394887
1366943.605642
1383935.938777
1376079.042987
1362881.439131
1383181.471714
1394334.973531
1394573.429571
1402796.308288
1408786.554012
1403052.876019
1388287.544264
1415053.999254
1413615.846166
1413970.302654
1411728.650786
1404408.542015
1390944.744681
1399300.836057
1404438.314898
1392141.894183
1400004.263794
1414827.177035
1436669.892457
1446002.921473
1463790.826438
1463135.912878
1460274.984691
1458538.691997
1437640.232556
1443124.997734
1432494.382075
1441130.998196
1467056.113626
1458695.088339
1464375.738648
1458034.606318
1459726.436429
1454672.236947
1456126.977815
1451025.886740
1447149.027920
1460063.896997
1463867.700904
1472909.161815
1473341.386680
1474730.787391
1478727.718033
1483138.263470
1489581.340053
1476460.624712
1460188.805490
1469210.200757
1471907.175293
1483954.015400
1515506.497652
1524077.275419
1526407.995621
1507017.807386
1524720.465529
1525510.844169
1524725.233594
1514155.335977
1514529.518489
1521025.972383
1540877.717805
1540851.067579
1547717.471943
1545466.408111
1531756.928040
1528804.119712
1496269.954948
1488289.994887
1480074.677262
1481452.854013
1464774.370529
1468336.490443
1477241.797183
1485467.038806
1472742.310321
1477877.362845
1475803.163013
1464309.208367
1452287.437118
1455050.337464
1460497.548405
1459280.709499
1464952.007965
1461917.342388
1466722.083908
1472025.604074
1481984.160537
1512529.694788
1525101.522659
1513603.545277
1516545.520998
1512578.190224
1516767.413038
1527537.037986
1532972.026423
1545750.858527
1537087.467026
1539810.898193
1533374.427764
1533401.155557
1536820.746852
1533930.448730
1550364.690957
1554137.280679
1558525.004462
1547092.485625
1533861.973066
1529011.006307
1532822.967171
1534552.484284
1539752.043364
1555964.130345
1556586.582891
1557179.410685
1543869.395566
1545732.164044
1547762.193498
1555572.921079
1556019.218623
1540082.237060
1544797.641180
1559292.147217
1567064.296847
1560523.892461
1542944.553116
1533575.517828
1512384.394830
1508195.548294
1511352.503590
1537536.516585
1533836.685761
1535341.169563
1520601.175499
1517472.612330
1535093.814835
1533545.178028
1536146.066025
1534544.574629
1527681.668143
1524501.183094
1525814.684575
1534035.742445
1546176.116380
1539693.136013
1544895.788213
1550092.506998
1549369.233829
1550284.054025
1559416.157727
1558957.949856
1558651.704514
1553880.119532
1556707.552648
1549412.288033
1561705.417655
1559225.501468
1554930.293388
1564739.222067
1578469.588815
1574854.119309
1577927.797437
1558077.428822
1557002.471118
1565449.898063
1575372.317529
1580349.646193
1580819.215762
1594682.559356
1587133.024489
1580516.000969
1589062.273361
1623426.611698
1646028.807466
1651946.895685
1662695.308206
1658400.581921
1658336.812706
1671307.709833
1671858.771479
1679225.036339
1683734.588762
1671212.700966
1663234.998901
1672542.993990
1673028.544586
1671411.307141
1670749.239167
1671367.987296
1663543.964507
1665654.932934
1646272.624508
1660730.844714
1651397.499325
1658145.698935
1643800.564588
1638302.824214
1634247.252852
1642340.382248
1644544.828249
1655788.332145
1647692.422786
1647445.124977
1654531.729030
1656726.787500
1668728.612821
1690735.200829
1703277.940210
1709944.550745
1729377.622013
1728540.600059
1733918.047939
1733406.132914
1736427.676116
1723333.367690
1715505.278074
1730225.945117
1743872.423067
1742818.866979
1748010.543557
1760173.385261
1761398.242244
1763657.970260
1793559.797950
1796794.626624
1791801.976223
1793612.462276
1797714.055332
1792100.849794
1798439.886799
1793878.408194
1803540.935212
1848602.358291
1827798.363062
1831712.348535
1830314.893317
1839690.308509
1846828.198369
1863482.628044
1865723.333892
1863997.755604
1876183.914765
1902424.343723
1889170.086786
1825852.725365
1807730.396870
1801880.359163
1755487.525701
1704119.587010
1745152.393379
1749732.959394
1774628.385471
1768430.919821
1727635.285667
1601569.981413
1612254.130556
1481224.811862
1505657.794996
1398199.320947
1409949.022811
1345028.999736
1365550.622271
1420307.440388
1359652.386783
1470761.813586
1522930.086209
1549738.329587
1513335.441069
1509808.773102
1553477.657137
1490180.227932
1476404.917727
1582118.299153
1567394.643437
1590957.087370
1618182.815919
1619032.315679
1656888.310383
1655500.108656
1599763.931487
1648994.073821
1671003.057355
1652226.447254
1688077.379103
1687453.301225
1721742.209517
1719229.400445
1669772.699984
1674618.405547
1704763.727509
1697383.803214
1688929.407891
1658548.654820
1665910.180736
1694006.436784
1684899.143632
1701737.868082
1696267.244574
1688961.463781
1679118.086402
1705728.322368
1708228.477386
1703321.791898
1746952.306953
1759385.936779
1776791.726332
1776944.686774
1794761.285399
1819285.551026
1803376.972397
1826632.923250
1770762.048795
1765956.795440
1764511.177772
1785346.208358
1788733.634006
1793478.872458
1804441.978653
1822249.066514
1791413.059960
1815318.046825
1818980.738293
1839157.130760
1882461.600382
1965402.113705
1964402.331355
1951112.121646
1946112.214076
1966468.843024
1972966.769233
1965659.539334
1986635.127705
1983644.643032
1986654.259697
2020904.461044
2021599.334939
2002304.143911
1981936.408457
1959343.841989
1979724.084530
1990009.431823
1987960.023168
1964954.192795
1949207.604504
1957795.800026
1980773.513793
