1000000.000000
999971.358071
996639.497116
992006.329912
983897.367984
977692.185361
978611.655086
978818.147885
987472.646697
994647.539155
994239.571931
993893.343264
994995.981482
998656.156178
998453.849805
1001418.065891
1002475.251515
1006591.304455
1009606.086257
1022840.612594
1027344.804693
1037463.155741
1041582.911376
1050290.428342
1039901.842294
1039322.776813
1044269.106215
1049607.445747
1052211.049216
1054441.796497
1073106.287835
1081464.417361
1085130.260796
1088412.592073
1085922.900400
1090867.939966
1093890.222114
1096682.636593
1103397.691404
1096063.218824
1094883.723585
1098094.534759
1097088.816012
1091968.780271
1092899.590018
1103679.473147
1102034.985721
1105397.861292
1105902.920894
1103739.272193
1090997.604398
1095173.460039
1082905.886625
1076863.222204
1073899.129857
1073221.910535
1068575.214901
1072185.280462
1084608.390902
1092708.757320
1105736.051976
1107472.352660
1113159.100752
1117464.655582
1119941.083701
1121789.477454
1128375.572204
1127652.254352
1130673.953255
1131383.197251
1136610.211198
1126543.296799
1125731.972901
1124419.797774
1129891.312042
1132129.265925
1134648.728983
1140195.039419
1147992.741361
1147759.439972
1146354.715877
1129464.145935
1115321.160663
1131136.597116
1131627.477767
1126167.464822
1117446.216774
1108768.474956
1117243.902278
1127435.137662
1126644.749260
1128411.590960
1132609.488095
1138014.955591
1138064.982712
1130985.248986
1128421.008745
1131873.618175
1122930.954858
1133805.341729
1134216.439211
1139060.065199
1137366.648756
1143361.186502
1153550.809724
1153377.064137
1151051.171646
1142168.893338
1133493.943910
1129223.939261
1131849.156319
1130547.108867
1131417.369698
1136562.680724
1155401.070188
1163331.879307
1166211.145320
1171462.012675
1176492.424623
1182916.549312
1182883.553924
1181682.510777
1173667.886296
1164150.528597
1169902.130196
1180082.872736
1188622.273120
1207267.645375
1207772.486330
1215921.892753
1221377.253085
1219117.834857
1226195.691418
1229024.146337
1232482.805411
1230171.440927
1227246.478030
1237211.282712
1238940.020247
1235205.625013
1226436.583170
1233791.566587
1233643.013117
1232120.516144
1241019.705958
1240596.624468
1247824.788899
1242158.521719
1244930.655059
1222716.633808
1217639.638184
1208535.989181
1203428.041953
1206981.172396
1208994.228679
1211072.742873
1217979.823725
1230930.427575
1232878.787459
1226665.818822
1223492.857836
1231734.822691
1240832.794527
1238663.237663
1239627.590037
1244259.003399
1243340.975011
1237938.456788
1242429.349653
1239438.107783
1242765.721736
1258200.932174
1264888.989264
1269137.715262
1282360.995270
1284310.803525
1289221.583654
1293441.397439
1298384.635030
1300541.325687
1311522.269682
1311090.115447
1322679.607280
1328947.606834
1345650.750339
1338903.016151
1335608.802672
1344458.773890
1332508.056861
1335839.854689
1325496.097540
1309052.952113
1281272.548103
1278392.713782
1254341.332021
1247416.360619
1254459.096804
1266118.180449
1280829.645950
1290868.024590
1300478.447977
1290211.440110
1279231.239715
1264120.028877
1261310.302048
1272550.421022
1278212.641785
1291337.095133
1280467.826484
1275891.477106
1271451.243947
1270943.714361
1253929.120709
1261685.956761
1262465.306313
1245879.164624
1224896.273553
1240488.210908
1225624.726205
1210919.963205
1215053.789158
1225879.894872
1232538.603753
1258426.184206
1256729.822451
1262690.707192
1261152.141980
1250674.094206
1257902.995031
1266349.131748
1267797.438376
1262558.457911
1258068.094062
1262002.328238
1252657.769457
1265046.713546
1278870.765694
1277384.196473
1275732.979859
1288645.585544
1316031.319382
1332077.250436
1336586.830586
1336028.181880
1338387.981400
1329263.711441
1324223.548968
1325465.131468
1326080.171154
1334060.712004
1330260.350294
1326490.059880
1325848.053725
1323640.517769
1320881.289248
1327807.864200
1331831.431542
1339999.104149
1351921.206302
1347659.870643
1354717.533718
1360426.597598
1357202.444786
1362167.865628
1368790.918445
1367728.387341
1373890.756161
1368366.170931
1358556.955038
1364845.514654
1354905.072772
1358129.856974
1334569.251045
1341020.637984
1336347.993094
1341742.654843
1344740.487276
1340381.298681
1332674.725085
1332123.449606
1338331.691737
1354586.081635
1362381.778038
1348211.412287
1359046.243582
1359786.810082
1346416.478150
1355622.723097
1352739.595107
1358036.387320
1366127.519311
1367380.694732
1370609.609327
1378261.466010
1379229.834256
1378772.349924
1375537.256538
1385519.954881
1378946.475907
1390342.465829
1397453.907425
1404294.344985
1427182.356130
1431192.818336
1431305.659735
1420786.258239
1418687.565483
1424355.470914
1411172.135281
1398274.710458
1404647.471484
1413517.671103
1426416.670659
1432365.054776
1443070.484942
1442819.287971
1441628.773710
1436112.680639
1432261.358237
1412329.467564
1400956.971478
1397639.620375
1403455.149962
1402225.187140
1407930.405203
1418842.364709
1409098.115654
1407121.952961
1413567.017743
1420468.995413
1431913.867668
1436173.834654
1441050.441465
1436295.017692
1388556.044239
1395409.292914
1373491.374690
1336649.099461
1360088.736999
1353864.051900
1377499.515760
1373614.014496
1355695.021209
1365003.716098
1348643.348214
1326555.305938
1348389.175328
1330806.643089
1333001.805649
1346138.513822
1377061.047541
1373161.636708
1373120.164997
1368695.149730
1366910.558173
1381122.398763
1363385.765119
1339820.602568
1348888.459490
1342199.950146
1361337.638862
1332881.076599
1309395.523958
1301453.385762
1296735.539727
1303062.750880
1305791.099011
1326555.315284
1323239.055783
1332406.339467
1357984.844896
1345299.993208
1319456.033987
1314818.806204
1313327.095171
1316006.863318
1324443.504141
1331448.404710
1321107.666254
1305989.307031
1300084.786605
1287781.579571
1268323.749721
1249742.294484
1236798.246672
1248842.179157
1269847.779486
1272207.522467
1254383.382029
1283154.547843
1297616.286202
1298521.691772
1307686.329299
1313607.906523
1316101.916780
1307693.335650
1326002.929405
1322196.896221
1322707.799157
1328418.842235
1309508.560671
1301557.247864
1313383.732027
1315299.698754
1280576.815371
1280812.765718
1304677.415192
1324100.733100
1326975.702342
1343260.092344
1349387.455743
1348921.289988
1349643.828784
1344630.533265
1350267.335243
1344231.717108
1350771.958905
1365716.921607
1353361.776162
1352612.663441
1354231.289458
1358818.883292
1360683.181782
1357625.456120
1351274.218888
1346114.025798
1366837.030951
1372013.052667
1386887.527350
1387532.728218
1392930.726795
1400718.437980
1409225.690801
1413100.365860
1408019.040868
1391836.388037
1402249.163608
1403356.727398
1414279.898815
1440246.522860
1443654.876033
1447830.863093
1440354.117629
1458703.709173
1455365.766940
1460261.138155
1451629.668815
1450577.433594
1441408.647233
1459674.568306
1461308.463856
1471714.212236
1467166.368385
1453442.111587
1441895.221062
1413670.968749
1410556.955053
1397291.920628
1401353.817710
1379911.060020
1390043.973489
1397306.521985
1408858.121354
1398961.756958
1398187.817622
1399013.104891
1393129.537894
1377559.975440
1383645.434578
1386495.401777
1376593.044091
1379182.359852
1367359.028832
1363231.890573
1378556.436455
1387441.009575
1413913.963624
1426466.890296
1412302.762463
1417167.971597
1412372.307873
1414833.671556
1433325.410742
1433316.424066
1446266.338382
1444049.191394
1445164.541367
1437869.646056
1447274.867184
1451390.165451
1450979.349059
1466223.134146
1465602.008124
1466802.663673
1460427.805576
1447081.443313
1447324.167178
1455014.410652
1461192.962117
1467104.629260
1475362.139932
1478513.768414
1476277.928879
1466138.540893
1462033.617604
1466444.776270
1475552.347958
1476541.078031
1458090.326688
1464060.684382
1478063.690245
1483451.528090
1471759.176574
1451069.232596
1433483.796903
1400918.736541
1400760.706759
1403992.605667
1424028.813615
1418996.241190
1424136.420744
1410063.424780
1419041.869888
1446018.358292
1438880.247715
1444920.983060
1436723.630115
1418296.925052
1424388.170146
1429150.119614
1439554.817248
1447438.232231
1441056.337307
1450877.810196
1465209.798230
1463010.841849
1464985.814965
1473293.345086
1475619.326309
1477001.524575
1474151.645439
1475432.706420
1468363.099711
1475078.142917
1482679.462459
1472677.416903
1476519.541207
1488522.024161
1484098.759143
1481083.813366
1476392.710130
1472887.751340
1481133.831153
1484990.753419
1493743.515045
1491097.963265
1500297.782859
1487248.169576
1486098.712081
1491991.961754
1514786.658029
1538636.086797
1532889.084265
1537929.121990
1529998.962183
1537948.934023
1559345.224513
1560819.821877
1569335.357702
1572000.426138
1568950.148644
1565143.041737
1563273.719909
1566439.558506
1563213.581654
1568487.924051
1567694.935771
1562782.869927
1563332.869328
1553251.954372
1570309.292412
1564970.440061
1567779.508195
1555837.365625
1547957.313733
1538608.043459
1547482.646444
1543199.974409
1557055.636330
1555752.188509
1559210.539890
1562898.569385
1570892.245923
1576060.009465
1591608.358587
1595432.172433
1598828.220484
1612756.212383
1617487.627614
1622744.609534
1622242.933516
1629765.728910
1616094.335832
1613158.631371
1628766.230144
1633775.864135
1637005.961675
1636919.774726
1639896.706825
1649118.169528
1652197.549387
1679883.957512
1674517.098979
1667047.472547
1670902.898925
1672285.874863
1669614.034987
1667864.050489
1667512.328889
1664288.357577
1710127.112169
1705527.153534
1714374.498347
1709785.527408
1719560.499517
1731548.518814
1744090.687569
1735620.374827
1746209.195946
1761536.627558
1790705.422713
1784937.208313
1705971.283005
1677827.523169
1676982.846235
1627601.598577
1598574.153813
1646294.345153
1645220.725274
1673587.660842
1658551.571537
1613092.474491
1488896.164743
1495313.508114
1373721.417948
1413932.722713
1299073.712247
1322263.614255
1259765.608901
1288194.237043
1304571.941988
1268160.140057
1388045.927283
1426262.524216
1452494.585969
1417184.283663
1428265.944927
1463014.016797
1410900.670424
1406324.682127
1489019.873902
1483841.006134
1498516.422622
1517741.478392
1527801.571483
1555818.487754
1552905.017482
1497899.274054
1545686.512784
1557738.080039
1542950.090460
1572122.364227
1569326.746315
1605135.165399
1591644.507247
1558716.175663
1568536.068804
1590039.930868
1580839.967133
1574923.676910
1557433.612303
1569193.822267
1596107.214013
1587220.686793
1605959.555978
1592786.789143
1587061.103576
1581520.546945
1604508.284859
1609150.532402
1616254.613167
1642836.208730
1660546.983125
1677654.255206
1669729.018185
1703983.138074
1718466.241123
1707353.352660
1726528.307014
1666689.066033
1668663.141095
1664973.292518
1687092.084952
1692319.997532
1700812.749510
1720897.690504
1737699.692361
1697609.456483
1706141.046755
1714568.588836
1735705.268200
1765428.663071
1818021.100636
1822945.084577
1821167.066836
1822025.042870
1827997.511856
1827557.271248
1832334.278633
1841099.083423
1837197.853428
1844135.845352
1875883.826902
1884516.027346
1875172.756104
1867688.601370
1848658.263210
1858754.587046
1850355.459355
1861358.882052
1841586.090548
1830169.577172
1851622.375903
1880701.664017
