1000000.000000
999875.579379
996542.190619
991907.857632
983798.089203
977591.723748
978509.409346
978714.018216
987365.490871
994537.541865
994127.409090
993778.582343
994878.566464
998535.979506
998331.935814
1001293.555258
1002348.069387
1006462.367602
1009475.177354
1022705.858708
1027207.591184
1037322.622530
1041439.336438
1050143.406593
1039753.730968
1039173.123214
1044116.902932
1049452.909497
1052054.236129
1054283.387651
1072942.873926
1078496.429252
1083010.041443
1095286.196800
1093317.525765
1091531.822296
1099374.015394
1101993.853715
1106708.330297
1099367.078860
1101865.016695
1103213.204130
1101995.436069
1093842.313245
1090571.980307
1096991.246263
1100866.568496
1109753.205198
1109411.577642
1109151.448279
1099864.258733
1097425.238373
1093747.512279
1090821.557160
1089527.595333
1093421.003255
1089215.531808
1090536.208614
1102678.421322
1112337.479249
1120582.663164
1125245.797765
1130749.208667
1136720.269545
1138568.703659
1141418.388926
1143361.871234
1143111.779873
1149875.323402
1148167.661375
1146810.229287
1137288.200217
1139270.589601
1139313.708036
1148197.163602
1148896.047401
1145152.154190
1148709.050969
1149139.345147
1150169.591114
1147425.195031
1134905.907996
1124922.523923
1136200.114075
1142640.164100
1144540.684921
1128644.275505
1113036.206781
1124471.025058
1131909.854849
1133106.945313
1142287.143631
1148237.181408
1151017.579234
1152394.070826
1140776.600583
1135541.981548
1136100.932027
1126411.329096
1132735.565800
1140255.758958
1143189.225870
1139934.827956
1143382.722807
1151780.521056
1151230.854224
1146416.389922
1143742.729122
1136295.310234
1133936.294374
1135076.740921
1132635.126302
1132747.618491
1133257.579221
1160396.059224
1166223.230753
1169723.518817
1175733.246898
1180935.306727
1191224.327405
1190098.622906
1190538.096688
1191561.100732
1188132.803465
1190165.133534
1183634.654088
1191905.295919
1214877.745704
1211096.186903
1213869.703497
1217605.380683
1214199.281168
1223028.707423
1227229.881272
1233165.042641
1235531.202998
1237444.316899
1253210.458719
1251736.899641
1248734.943061
1241115.914141
1263788.474534
1259859.953611
1257102.794381
1265783.546487
1266226.787129
1271855.962103
1267452.760906
1267484.022466
1253107.120012
1245594.513366
1232921.122371
1239077.953091
1241495.057642
1240817.642062
1243968.970625
1256626.351928
1269579.085467
1266628.626151
1268665.344478
1264898.424956
1268866.338684
1275629.688145
1279123.244315
1285849.605770
1288555.291846
1287701.856239
1278149.821777
1287620.849677
1284503.632055
1289986.349963
1297740.195275
1302232.385172
1308622.961493
1321364.954273
1328598.050849
1333808.310448
1342843.127442
1352578.958385
1364826.676442
1370763.024273
1369344.847996
1372737.673164
1379863.771320
1396896.441432
1389618.214047
1382497.377196
1386608.399050
1378951.468236
1377560.486907
1370405.894038
1360776.699515
1340575.065095
1318571.071416
1311264.295195
1295107.981144
1305173.472140
1326426.849498
1351491.900658
1358869.382742
1362678.073853
1359241.270210
1352563.031452
1347916.392866
1338561.155069
1352071.279084
1359629.388001
1372914.675358
1358950.184501
1356235.309767
1358701.250090
1356029.193701
1348282.098655
1355653.403570
1353220.557819
1336254.294870
1321625.790642
1330110.982538
1327066.239777
1311058.655187
1310441.706765
1319132.965957
1324675.095249
1345541.842891
1346956.015838
1356159.881777
1352138.152489
1338287.293311
1342935.044393
1346606.570461
1351221.298966
1354017.098523
1354358.695207
1353724.038773
1344463.319870
1354383.301339
1356699.103036
1368675.056742
1364452.204700
1371171.588474
1394505.935157
1401140.891155
1406160.703314
1407855.772797
1415966.007436
1411035.555711
1415413.898214
1411596.267655
1419720.159505
1420873.363033
1421671.365114
1414803.358552
1417697.386713
1422577.145405
1422020.654241
1422769.602534
1437558.539830
1436774.753460
1452491.339901
1451746.799043
1457318.036728
1462258.872141
1459223.579667
1463057.802424
1476126.038446
1474279.639263
1487368.332229
1491184.111330
1462817.212388
1471142.374747
1462350.617509
1463247.174016
1449623.630918
1452841.246640
1437108.601413
1441746.721046
1459522.158304
1452768.529981
1453208.956855
1446270.132234
1457824.149854
1478834.178998
1480601.305588
1477243.934539
1492723.505392
1498715.383849
1497404.345376
1492861.999995
1484602.477405
1485579.913181
1500359.667063
1507136.684534
1513495.654087
1517513.036620
1509875.169293
1507907.127884
1503372.187782
1518038.587557
1513805.220508
1513391.219165
1516149.679523
1515890.573372
1535628.232326
1535590.822194
1544375.217094
1537501.682460
1534187.221815
1538831.615175
1531663.586012
1531242.905774
1529068.695083
1537458.768137
1551407.439436
1553105.071562
1570779.639697
1571776.396754
1571334.602083
1571308.277896
1572738.002604
1546571.915378
1532613.652282
1538565.698816
1530280.349753
1528822.421941
1534333.569276
1542850.474102
1527361.693316
1541192.742328
1547416.694660
1554229.718956
1570033.324703
1571756.001522
1579450.726840
1582612.094955
1525027.856598
1526653.055764
1499846.425842
1461269.423705
1488601.612154
1486167.721778
1505269.167190
1511904.649285
1505145.446287
1516175.774082
1485020.976100
1470256.519711
1484402.504782
1457855.700387
1449532.383611
1453902.998421
1484880.757007
1485375.190073
1490725.141599
1482560.301070
1480140.077344
1499302.448778
1488434.998182
1467715.247089
1479437.803086
1464542.505974
1477186.804754
1460732.689827
1449476.472533
1433241.024859
1423577.564038
1431688.670156
1434579.216770
1465953.258194
1463591.559029
1476592.589509
1498428.844584
1487492.087168
1457799.077059
1454291.559099
1449239.208564
1452860.783750
1464325.257623
1479562.365394
1468182.299742
1450749.067392
1441981.102233
1429653.296289
1415209.661741
1388985.582011
1376065.395004
1394655.452488
1410337.187794
1411990.991253
1392458.494930
1414394.861033
1425460.892553
1425050.187351
1439863.758063
1445012.186666
1447612.380122
1440553.021396
1474021.639748
1474670.980969
1471767.946657
1482684.767356
1474120.069326
1466589.803271
1473711.535380
1480459.464055
1462221.833662
1461374.188681
1476384.935480
1502919.824390
1507944.222859
1531099.904001
1530369.165710
1533692.807894
1529370.364979
1523770.440248
1529914.551037
1520345.050934
1531683.646255
1563645.467670
1546152.003476
1544291.244624
1543686.932736
1563486.767626
1558694.537339
1549653.825495
1533200.839176
1520244.995286
1540341.465173
1542503.130843
1554931.354794
1559828.713124
1563672.152641
1574226.173377
1578403.372834
1590757.096696
1589469.081041
1571689.160730
1573414.126999
1579550.427016
1590203.302198
1629867.520327
1633915.400253
1634863.929796
1633838.423235
1655376.807435
1651689.327156
1661043.509277
1648818.404171
1648633.925887
1638296.739557
1658294.767102
1652653.795177
1673116.675429
1671285.552342
1656849.762979
1655141.209210
1618015.735794
1608656.719689
1596948.712067
1605785.240462
1585042.303043
1587264.969498
1600965.916685
1615313.627706
1603877.777029
1597426.632482
1599206.102832
1592733.383728
1573694.243209
1581418.015858
1591787.901481
1591856.553695
1593727.417339
1583111.472754
1589946.561223
1591932.876743
1602865.660190
1636382.352118
1650993.884012
1643875.479358
1646793.492000
1640003.057754
1642044.339888
1658253.234713
1667743.239994
1687692.665123
1674739.232279
1677169.306262
1669005.073001
1671479.436624
1676955.561189
1677454.675485
1697955.393988
1704937.930457
1701645.589303
1695966.812426
1676041.963357
1674507.095397
1679325.241886
1683715.070937
1688684.554379
1712804.063555
1717860.877691
1721276.456871
1712918.758177
1709103.903549
1707789.428348
1716534.654771
1721850.919581
1722783.491658
1722897.415999
1730292.006182
1732013.127186
1722280.606105
1702397.084067
1690460.936330
1660965.319384
1661818.220345
1668180.904195
1695303.525268
1693525.872824
1702230.614330
1694305.255959
1705439.050732
1722763.710925
1728932.165328
1738253.318051
1741336.038037
1734105.833334
1723746.933505
1725788.348739
1739623.518944
1754291.492493
1751759.642076
1763419.528676
1778153.691119
1781950.128659
1776899.449204
1770878.960580
1777536.068463
1770815.516037
1772589.480133
1781038.634590
1774521.111597
1791328.424282
1783689.895987
1796123.805664
1797661.431772
1795684.402123
1791161.148933
1799095.665765
1788545.095927
1793546.250625
1820175.970156
1816472.768632
1821769.838338
1814783.857922
1825976.065631
1813580.328368
1774518.370732
1786629.431396
1794973.071194
1804125.371183
1816471.561876
1828288.569549
1840055.580208
1851134.437230
1867925.589655
1861296.989641
1867877.197765
1870593.015569
1858358.889319
1848970.790460
1849997.003025
1848972.469082
1845861.298808
1855804.045780
1857944.544760
1849962.826430
1849814.301416
1830483.087867
1851774.359773
1847538.716174
1860317.846014
1838155.669135
1828967.347190
1820823.121438
1829383.786663
1832862.963767
1847266.560809
1841276.831301
1846569.725917
1852038.776561
1845084.749281
1859761.513719
1865188.833689
1882561.911477
1881570.728091
1889516.192430
1889884.120098
1892569.702583
1891773.571592
1904489.322932
1899718.813935
1895398.237976
1905021.776113
1899552.017940
1893863.688221
1893875.001723
1892632.686150
1907995.893541
1917448.888054
1957723.744590
1953784.226334
1949996.217211
1952697.835036
1962538.340297
1951412.167897
1953601.186966
1951418.987175
1931748.259633
1974346.475820
1962515.499877
1963898.339104
1965333.654515
1972227.715612
1979889.980275
2002834.777969
2003181.348449
2002525.703293
2007249.121016
2034004.538985
2024268.238142
1963817.116237
1943000.565463
1946626.641102
1915445.192010
1865626.398483
1916507.626275
1908209.326490
1947091.921560
1943670.338836
1905967.902733
1814208.235500
1822953.025553
1707636.880375
1743431.263688
1631127.730108
1661810.452082
1600689.603455
1601904.818276
1651385.614724
1580215.845832
1698939.171240
1733250.571543
1785364.385616
1754951.687243
1763807.940750
1798590.036829
1736613.041275
1727503.697554
1837098.559765
1837081.171570
1841734.978108
1897030.793408
1907869.066259
1916069.323392
1919927.157753
1875248.810810
1917837.887425
1934369.400605
1922267.932653
1946033.914095
1932486.437606
1955480.692807
1969702.428172
1925074.936293
1925673.867585
1965721.683674
1957286.420705
1958221.707322
1925019.992476
1931740.960461
1956054.919378
1950941.734069
1967910.492942
1955034.306524
1956551.712815
1947298.301791
1962294.949529
1971501.682949
1977487.641976
2008952.574373
2018712.521315
2023741.623435
2022188.348037
2031880.509544
2049960.477602
2056770.882308
2072039.851591
2021838.066250
2017826.638304
2010565.202018
2034836.945455
2043470.224147
2049006.588149
2065423.389432
2095570.821503
2071535.005509
2090819.890374
2099146.503727
2115612.041142
2151021.960820
2225980.382167
2241735.130307
2247319.591162
2256556.248205
2256323.740068
2270636.905731
2258980.625967
2288447.746442
2298993.488516
2309457.076267
2356526.606681
2344010.931586
2321596.788808
2288375.856806
2269927.749258
2296647.086910
2307221.323981
2306330.856790
2296787.165023
2319277.173040
2335915.055434
2346796.983177
