1000000.000000
999962.457894
996532.142749
991887.853637
983826.089740
977559.144319
978446.687952
978695.400244
987317.540230
994441.741045
994066.798281
993808.227169
995019.238516
998619.366300
998614.078688
1001765.818382
1002823.949507
1006958.981363
1009973.117608
1022928.087013
1027625.067145
1037597.905084
1041601.974011
1050278.609889
1040071.398036
1039500.099052
1044464.525299
1049453.908270
1052143.802622
1054362.565700
1073118.157446
1080870.710461
1075101.015499
1077753.268644
1077084.205003
1080487.072141
1082327.061698
1086614.853950
1090837.237248
1079070.492524
1077376.911756
1077601.221463
1077181.638538
1073118.500193
1073809.574086
1082974.264809
1080827.149569
1084120.926371
1086561.564114
1084273.310070
1078265.205478
1077848.107958
1067705.217162
1063015.007870
1054592.418857
1055453.281693
1054139.187783
1055919.939088
1068002.225098
1074060.558604
1088907.775153
1090751.691369
1094315.052091
1100022.370449
1092818.171188
1100328.535201
1103468.314575
1102977.557748
1107766.961423
1105685.835549
1107755.413476
1098156.019285
1094142.929883
1086364.299540
1093466.210671
1097358.815993
1094252.076189
1099560.929358
1106602.142243
1106197.276149
1101064.984894
1087617.784647
1074174.435777
1090961.882612
1095765.072414
1088954.807972
1088902.365616
1079718.790457
1091274.171418
1103496.299052
1102543.900505
1105554.302710
1110654.732973
1116162.557812
1115718.343966
1111498.097766
1108384.479129
1111488.016047
1108169.538708
1112681.345652
1113221.441066
1114755.541484
1105930.552538
1109872.362316
1111036.802938
1111088.113012
1107869.175821
1102044.401069
1095813.684551
1094249.572768
1095470.250548
1096651.251539
1095117.309622
1097986.781108
1120119.797728
1127998.872704
1131566.878894
1138272.113373
1142904.788161
1147908.785674
1147965.218399
1146964.724054
1148087.619520
1147944.572918
1155613.540307
1168535.131241
1168846.659865
1195589.945576
1195042.742878
1192316.361867
1199739.916150
1199937.823559
1208939.890226
1214100.512906
1219254.841281
1220265.244070
1220893.052289
1227718.358985
1228668.862814
1224756.179532
1217800.381641
1229362.173685
1238063.546717
1237652.378461
1250499.538575
1249251.526422
1250002.102229
1247167.076163
1243548.462095
1220727.955054
1220941.562320
1210636.471100
1208970.474655
1215623.215820
1211859.783541
1219493.235300
1224801.244091
1238738.333522
1231230.600066
1229057.634513
1222626.649560
1226300.370130
1228161.187382
1232229.290097
1231506.805763
1234712.616115
1235069.322073
1226536.488569
1229336.702044
1226710.514076
1223585.470159
1230516.313191
1235038.573407
1240307.672507
1243844.919654
1245248.024028
1251673.445726
1259425.947683
1266907.694089
1273158.192686
1276903.568871
1276318.192744
1281866.616200
1289210.765767
1306862.372878
1301767.806621
1296565.937682
1296592.585909
1282808.352608
1287143.410878
1279395.390644
1264030.494781
1245455.407776
1228623.833785
1200294.654831
1196494.342465
1214581.840138
1223679.564814
1225176.407638
1235825.471035
1243823.434659
1236612.929382
1224216.236016
1217017.197065
1212714.738186
1223764.884522
1229797.457323
1240670.345471
1229995.490278
1227220.158150
1227765.009123
1221202.820834
1206055.999542
1210230.160479
1206529.344158
1188304.390060
1173376.824603
1184482.963618
1194015.709087
1190229.300819
1184181.836627
1191797.830951
1205006.759356
1224017.961243
1221693.487585
1226793.614857
1219908.245494
1210080.995803
1213246.877547
1215258.038084
1220749.884065
1212456.168257
1211187.081596
1216337.667489
1216739.482471
1226324.990114
1243365.601538
1245399.304161
1238969.902194
1245593.485716
1262767.211579
1274154.013472
1275456.422257
1275016.749870
1278186.975957
1272642.320227
1264235.059702
1261211.739760
1263011.525423
1266528.468425
1259246.224453
1256238.488004
1251663.890644
1249292.265409
1243216.215266
1240175.213603
1246378.939090
1253607.800977
1260649.298338
1256797.124377
1276289.498671
1279463.901761
1274661.059598
1281175.421542
1290058.501494
1292934.906092
1296886.630261
1294753.915651
1277404.081055
1284902.505441
1274335.050700
1280010.226569
1256219.309885
1256469.822246
1250527.204036
1255677.784574
1268432.030914
1253670.402482
1252448.751839
1253228.337796
1261992.160863
1278099.694329
1283476.146288
1272681.752857
1293403.497311
1294308.324498
1284848.558285
1288338.100216
1284433.441984
1288039.333293
1301235.469940
1308358.508509
1311717.703770
1322534.839212
1321216.542712
1317179.353919
1320140.183286
1326926.498707
1320691.956342
1317632.602097
1320424.161923
1323176.112276
1346493.657615
1346822.530319
1355982.939390
1344355.314113
1337081.853789
1344034.125166
1326377.672076
1325382.792553
1333043.247694
1344009.628100
1350929.409569
1356955.044178
1369168.680586
1368078.800171
1366156.395358
1361286.099804
1372080.192571
1351809.960985
1340819.313760
1341091.450572
1342415.696785
1332542.800883
1334799.501480
1349821.965874
1342564.681070
1349140.175276
1346869.487797
1364170.593963
1370620.504282
1373487.565455
1381095.036742
1359268.135258
1304041.383434
1304689.389432
1300408.529713
1265424.536314
1290257.868291
1286007.282106
1298220.131125
1301974.541172
1297921.679761
1308422.921676
1286376.582504
1279269.297583
1309947.245577
1305481.515860
1306265.750947
1302781.931863
1317285.882864
1314600.265872
1316244.668811
1317701.818501
1314538.729908
1324600.795533
1308184.538762
1271143.050061
1276758.496855
1265677.694577
1275320.527471
1274985.471132
1261500.569155
1242023.199204
1245535.123456
1250690.430799
1252175.310989
1285439.253954
1281253.643071
1281655.631188
1296294.802807
1281259.705197
1261686.309669
1251965.249046
1243837.768500
1252703.911339
1260512.316581
1264550.907356
1253312.425545
1241512.490608
1239021.199842
1232838.766710
1212103.861276
1191040.684512
1181401.005306
1193062.836093
1213462.407367
1207739.825881
1187037.102696
1208789.287983
1215993.321428
1221286.597852
1230362.940425
1235272.368888
1229498.323345
1215592.579182
1232981.400774
1234142.553570
1232750.813527
1249294.232647
1240449.248112
1232538.958130
1238116.978223
1242562.900225
1226511.013423
1219580.234516
1249166.451172
1264638.729503
1262205.126421
1266912.115787
1278101.486960
1276592.550328
1269212.918944
1264711.052526
1270492.262890
1265698.694800
1273997.456287
1300922.171759
1288306.947458
1288775.828615
1285200.954307
1303941.356368
1305315.198672
1310932.338094
1305986.656735
1298473.158013
1312466.837390
1312449.567979
1325570.349817
1328352.349830
1332897.149752
1342424.925438
1350063.409113
1359693.333645
1347235.108016
1331829.678207
1343002.801200
1346749.669720
1356621.982402
1384097.026150
1389241.575583
1392289.633101
1394960.144211
1405328.393702
1400182.339614
1398863.367385
1394918.315035
1394710.606653
1390859.546656
1412049.909212
1414859.001147
1418630.634202
1417961.708128
1413113.010355
1408511.785175
1380041.350950
1376418.104630
1363248.030806
1370535.400249
1359049.358057
1366670.673851
1380539.021574
1389724.095528
1380657.317584
1377207.415672
1375953.621896
1372453.178865
1359572.020612
1361615.328334
1361134.590691
1349015.190063
1350133.560022
1340156.760144
1337127.318277
1348227.703207
1348684.479223
1384762.974077
1393074.136110
1381762.060401
1385435.969530
1383182.428947
1385926.456297
1396232.140680
1396686.294009
1421224.359493
1417669.882015
1417728.142429
1406363.985088
1405727.928681
1410738.865711
1408251.733851
1421319.084204
1423726.259343
1422481.619245
1417616.596279
1399811.362355
1393346.308580
1395385.303009
1400167.125302
1404330.459847
1415627.947524
1415744.037408
1411561.555103
1403947.153723
1410653.635996
1411183.674209
1414127.380667
1414932.070670
1407383.782546
1418302.583428
1426980.310196
1423916.913158
1414054.992460
1406671.085269
1390736.813345
1360303.745136
1360847.135967
1361760.807241
1378234.443787
1381354.428131
1387576.382713
1378991.063185
1390259.595516
1407820.567327
1402050.761874
1404378.172732
1401891.192609
1387080.253103
1388599.688179
1389901.200094
1393817.638874
1401489.319915
1397001.338512
1408673.635148
1418628.912154
1423445.056353
1420494.866681
1426318.249265
1424615.941341
1418072.963115
1414577.903088
1421415.994394
1419083.564503
1419342.826703
1421157.043115
1414002.423584
1414027.695674
1425627.354795
1423263.223197
1424294.876489
1404124.356691
1406427.668219
1406955.780494
1408938.102381
1420247.874495
1419674.164596
1430236.026705
1418842.188997
1385034.572156
1392370.564136
1397119.497346
1407032.791082
1404498.238569
1416423.455052
1414532.445689
1430135.143895
1435811.036593
1439684.952933
1446368.889669
1448692.731643
1444713.242063
1434456.433060
1433390.723784
1432484.661664
1432813.799631
1434092.396845
1436391.217182
1428378.335236
1430482.064140
1423249.349200
1435069.076928
1435231.982745
1441065.100211
1428905.685280
1416771.478462
1409020.168998
1421253.273346
1417483.916455
1424821.853175
1422945.856183
1421755.899275
1427704.854882
1436657.653347
1449534.415200
1460786.383352
1467235.589627
1471465.733962
1476099.819952
1475513.724041
1471207.097606
1468411.453481
1470221.225818
1460504.196888
1455845.238834
1467879.417827
1465657.617437
1453667.034363
1449272.664530
1454585.825268
1462655.109140
1463299.984338
1492572.897298
1483088.856208
1479912.863374
1483185.169014
1493600.968321
1488642.839518
1490924.825733
1483410.938873
1466861.434936
1523742.563501
1532719.806545
1538921.448567
1534065.200316
1536085.733343
1543065.128189
1548502.595187
1539141.133890
1541663.556688
1536276.359723
1553678.372326
1547415.668043
1507608.303058
1479145.372014
1481603.471673
1449606.873597
1412356.428767
1440513.817432
1435014.643499
1453979.795995
1441426.445207
1406627.835218
1328517.338734
1341094.583262
1244365.708013
1269263.446227
1196875.496320
1204175.607111
1164423.445749
1175962.823893
1204135.701122
1159564.417191
1236150.235129
1253264.961295
1272468.120462
1243600.137799
1254082.141712
1286556.229281
1238709.910616
1228480.035747
1296853.189141
1292402.793436
1306149.026734
1342553.294768
1355322.220600
1382408.400953
1382242.586530
1339742.726209
1371660.362570
1375855.375941
1366972.948480
1389143.934306
1394168.858117
1421693.771436
1424569.534339
1385891.977111
1392421.228178
1420631.316490
1423187.262600
1415101.500877
1391261.204554
1398648.302180
1421503.011783
1413460.539412
1427775.562995
1424902.189878
1419040.921732
1415305.433596
1428271.201517
1437993.376890
1435051.050482
1457796.638083
1471894.142716
1482697.404491
1472096.297486
1491306.752598
1503546.446447
1483001.462707
1500563.141439
1471419.764012
1469550.940492
1459188.542245
1480545.253284
1484525.945085
1489167.673228
1500231.338062
1511929.637717
1487862.466802
1489035.251414
1486219.094111
1505120.110716
1526204.289679
1585359.616150
1576111.777535
1575797.858428
1577664.574771
1581148.256206
1572237.137142
1569859.327560
1572177.753143
1563395.875631
1572854.383606
1589293.120955
1588507.157695
1579482.431639
1568103.163995
1545308.284564
1543796.709791
1548147.872776
1554882.551120
1548789.421059
1548600.081996
1558123.352835
1575433.880249
