1000000.000000
999879.968026
996573.062307
991948.890633
983955.213994
977729.517577
978601.738807
978898.795139
987546.540317
994614.348599
994388.218121
993940.974232
994968.529577
998665.735942
998652.111781
1001657.835221
1002687.046738
1006771.327504
1009730.984935
1023325.963232
1027924.546657
1038062.302177
1042204.587950
1050861.489201
1040353.180110
1039524.400417
1044403.645275
1049766.481797
1052548.008319
1054783.134462
1073762.947467
1078219.030986
1083282.833031
1086139.377077
1086519.125133
1087938.871564
1095722.822987
1094255.243901
1089389.271224
1091177.015809
1088767.604462
1090314.157405
1089084.637564
1082232.651899
1084201.777178
1092296.231434
1091445.565922
1091891.895571
1097788.584445
1098147.071729
1093226.767940
1088071.281070
1079189.622061
1076556.912943
1076142.153427
1075833.810858
1070052.226603
1072946.252354
1080713.489188
1086771.953836
1095896.432598
1101344.912626
1103632.339901
1107161.622073
1105835.490797
1113147.187249
1119717.032060
1118162.286180
1123281.595692
1124146.406754
1123154.388289
1116119.781324
1110425.903645
1109268.049359
1115111.452064
1117419.867038
1122060.399244
1126877.423208
1128579.634766
1130860.615498
1125414.441247
1111132.527787
1102452.491864
1108779.472818
1116395.109387
1110422.205294
1110921.639287
1106650.684221
1115618.661364
1121573.676034
1121771.741265
1120898.291884
1126455.629634
1132034.205570
1128665.929096
1127560.338440
1123827.556457
1127787.536992
1122294.906140
1127647.444375
1127881.455734
1132070.659726
1126704.057456
1122980.201816
1126231.434332
1125814.240550
1123776.709163
1121963.158635
1117345.128550
1116990.862338
1117291.536011
1114193.389576
1112567.901622
1114736.216430
1134826.826867
1138823.395206
1142436.073107
1153181.165040
1153263.865938
1157765.839093
1159387.664858
1164832.493834
1158267.565277
1153252.002338
1156440.065203
1154013.560131
1154712.081766
1169437.027572
1171181.415643
1173108.798857
1173040.997960
1176478.469379
1179928.794332
1181801.522484
1181096.311979
1183621.245583
1183529.661755
1180749.553199
1187678.132035
1184135.421280
1176332.903905
1182789.229892
1184985.686484
1187242.153733
1193863.488476
1193886.573133
1194185.827653
1193680.379738
1200615.583535
1185619.155808
1174518.418506
1170427.934403
1168349.328997
1172924.026856
1175314.841009
1171128.925823
1179808.606086
1193200.184936
1194847.158317
1194561.302741
1183601.739089
1189450.399398
1192746.561659
1196055.200605
1194850.018290
1201116.424005
1198466.249727
1192419.622755
1193244.298028
1198181.815906
1197196.398345
1203409.112777
1207282.489965
1215147.451623
1218816.901280
1220901.611215
1225297.395350
1228636.396073
1235492.458231
1239419.338796
1246286.102625
1246195.371787
1255538.447801
1267520.840745
1277967.935050
1270363.627950
1261914.821712
1268068.064581
1256660.162746
1260658.679050
1255784.435037
1245219.296636
1227215.280868
1209195.181187
1188620.008373
1176991.402099
1185803.968609
1193455.672252
1204492.459642
1215334.242599
1222071.365475
1214601.955070
1205898.626728
1200183.204185
1195187.018683
1205605.354711
1209736.327823
1216359.169648
1197819.176103
1191274.332297
1187396.446753
1186524.548810
1178048.952244
1180059.915820
1179347.259203
1167843.615951
1156769.194094
1164021.360744
1165683.731043
1163989.791455
1167659.414165
1180730.178768
1194946.107010
1214043.217044
1215355.687170
1216484.022781
1215443.684203
1206657.564853
1208548.366941
1216376.866632
1216809.133633
1220400.004192
1223437.328251
1230922.373792
1224003.970922
1232065.237326
1243220.717123
1240414.436468
1235161.798033
1242822.409281
1255633.604771
1269365.699208
1271401.509990
1271963.052200
1273338.430286
1271259.016740
1268008.554950
1267941.679385
1270545.925567
1280266.465842
1275656.366191
1268797.180620
1266747.322656
1266150.971189
1261831.885737
1267956.828396
1271326.967041
1274905.234418
1282729.027004
1278419.819669
1282155.281316
1284946.504938
1284688.168829
1292063.863623
1298716.838596
1299617.202035
1304202.923261
1298891.871906
1292291.161644
1297328.806917
1291167.092936
1295635.977891
1275717.950103
1279078.564444
1278894.772066
1277986.156079
1285657.215334
1274353.155793
1276438.317077
1276099.674292
1285301.101778
1300100.454209
1304518.453472
1300828.485849
1314107.540330
1318522.747443
1303246.267117
1309644.297136
1308219.231653
1313528.754649
1327383.022147
1331650.893530
1329975.381455
1335702.064684
1330315.995552
1329187.272714
1332722.866642
1343270.817779
1338124.683087
1337510.638661
1345654.812645
1351502.749807
1370702.452047
1374622.278617
1372887.422817
1363317.333783
1355386.453896
1357415.010571
1351025.392312
1347887.671387
1355174.667997
1358226.305597
1366352.670500
1371453.034934
1381080.141467
1377790.694210
1374398.523401
1365188.374194
1364117.856715
1342951.903238
1335447.080817
1334471.553288
1335417.142113
1330810.656552
1341535.819688
1347038.776839
1340547.314657
1344266.877620
1346779.249345
1371035.841314
1378810.762059
1381621.239107
1386968.514097
1377937.246389
1326745.983984
1333042.669337
1320914.316062
1291431.005007
1300184.890738
1304101.937245
1321633.352558
1318989.416277
1320419.168983
1324055.250616
1315125.360572
1309395.504911
1324837.413758
1315650.441883
1320588.068787
1322725.096858
1338836.789284
1331962.231063
1332215.214252
1336832.531039
1336119.788484
1350605.728191
1341604.467364
1327511.724336
1328069.620709
1316546.499948
1329513.497686
1334657.978728
1332871.263145
1318300.935073
1315572.025258
1317163.542361
1320242.444928
1338592.148795
1339662.814328
1345279.664301
1349816.152972
1347883.384811
1314583.433696
1317264.367272
1317484.860399
1325978.468370
1332623.794671
1335351.885493
1324770.873940
1311746.654160
1301619.806417
1302706.973904
1286138.753632
1272742.474857
1258866.545817
1266851.191369
1281939.677243
1276275.036433
1265635.342961
1286677.804913
1288795.539223
1290662.311123
1299651.251687
1301908.237393
1297451.582393
1281871.002022
1303427.851181
1297744.732453
1297772.740312
1305404.099681
1297621.323140
1288306.545538
1290766.944125
1292491.303502
1283559.543156
1291462.386878
1308911.254847
1320433.270763
1325996.663571
1349595.316053
1351599.126981
1351976.597663
1351921.097759
1342318.718803
1346718.917406
1343263.989049
1348874.898918
1368730.809278
1359785.194539
1359767.597736
1355919.789142
1361405.713163
1361474.081219
1365152.486421
1361429.353730
1356600.569385
1364755.254880
1370225.538056
1376583.642304
1380539.322864
1385249.095620
1396361.353664
1397129.035002
1401738.195398
1394190.399254
1382045.138118
1391107.151555
1392422.563908
1403423.539257
1425557.291455
1434156.314005
1434030.001208
1424681.655114
1437049.714031
1435119.676948
1434380.788639
1427591.509923
1425379.435176
1430607.744722
1444650.220130
1447633.762249
1456384.033160
1452143.025146
1449696.182416
1447272.699190
1416635.755912
1412395.682549
1404924.997005
1410234.397950
1397818.194139
1404352.075428
1416290.302702
1427048.475708
1421323.527399
1425895.192311
1424997.849540
1423980.210926
1412613.381002
1418579.392058
1418091.328384
1412648.123797
1419065.408325
1412727.105474
1415893.962326
1418984.234921
1433197.217541
1460643.451652
1470409.759602
1462401.020456
1463112.874832
1462201.841907
1462953.188544
1473239.110868
1476875.520133
1490928.930870
1484150.195557
1489413.001788
1481071.308451
1478770.121737
1478895.365270
1474515.247548
1492062.576314
1499259.483043
1505477.726349
1498376.245489
1488704.842497
1485649.834102
1488701.775205
1488608.715756
1491842.145888
1498495.961871
1499898.319840
1495228.057850
1487189.465985
1489850.678087
1495328.890196
1499208.750761
1498431.506236
1489466.927903
1491652.510582
1507987.726500
1509942.606640
1498295.081503
1489646.486201
1476831.920650
1451945.899887
1447134.201112
1448354.319419
1470879.832855
1468247.742555
1477727.989327
1464192.904510
1462161.963599
1477337.118152
1472233.399361
1478281.726736
1469988.104851
1465457.111968
1465494.091082
1467621.113511
1473550.524778
1479797.721746
1479541.427675
1485313.302001
1483892.355210
1484422.867107
1477982.448552
1479937.688297
1482883.164918
1476062.770511
1475758.093910
1479708.289946
1478099.976898
1485204.515136
1486775.336871
1481982.520367
1485779.304625
1500675.119453
1501311.487607
1503134.856206
1486605.178685
1484593.023901
1480605.377236
1489139.216876
1487102.810479
1484821.153020
1495076.116521
1485969.077308
1489381.315857
1496578.017954
1525023.315420
1536119.151202
1544996.673458
1556955.591078
1546628.307743
1549564.143446
1558127.105792
1559636.700012
1564961.074384
1567620.625421
1564807.605352
1557387.318530
1567470.822599
1561918.331254
1563643.853081
1564655.222641
1566286.716527
1557521.008922
1559293.370337
1551826.336472
1562639.004172
1558848.098167
1564954.818431
1554443.507727
1549411.017079
1542148.807143
1545261.734075
1544502.298999
1556876.436838
1551412.015014
1551592.722257
1554902.597925
1558027.780941
1567375.334513
1586552.936573
1588333.846544
1593282.951379
1608401.871730
1609680.685634
1613920.368541
1613937.548560
1617483.644851
1607200.274846
1599066.840962
1613321.454598
1623168.959730
1620437.996930
1620429.580656
1628228.950094
1633632.907683
1635007.275430
1651342.546936
1649598.867235
1650059.300773
1650513.483143
1657148.371312
1648822.547866
1647533.939899
1642032.547061
1634245.471299
1671045.806649
1658928.592919
1663934.012481
1659606.407860
1666305.321689
1666454.312115
1672842.723089
1665011.470058
1662915.567530
1671038.954152
1684740.761774
1675192.645630
1617914.836464
1598143.795685
1598839.083047
1561813.350385
1519690.351051
1564102.583474
1563914.768541
1588597.291731
1582588.033844
1540494.605636
1432023.520786
1437329.582107
1325780.048266
1356803.444741
1270957.691112
1302157.422328
1247736.929800
1262445.708803
1288377.871294
1244397.270393
1334646.480334
1381599.912897
1401553.859329
1362283.684129
1376947.048176
1412359.438026
1379009.315616
1379408.540893
1449174.483256
1435004.011306
1456179.311489
1460122.541658
1469604.676584
1500396.907136
1499368.580302
1458948.530499
1498814.492819
1510598.832012
1499525.377727
1520902.264518
1522248.935629
1551504.758145
1540259.501832
1516561.917438
1521331.839653
1541383.880946
1537349.655758
1529689.021633
1496638.571131
1504525.951280
1531547.620832
1518643.186541
1536073.940754
1527513.744790
1519075.041945
1513001.058443
1532362.918909
1542064.909107
1532677.957868
1560056.088260
1572194.747773
1590454.582303
1586947.385724
1606550.983610
1620954.191693
1606298.419489
1625252.712966
1575835.374766
1575619.536086
1571553.192751
1597613.444778
1602449.725001
1606954.537202
1618672.428074
1631623.507133
1602642.760595
1616909.603199
1612435.871270
1630092.137800
1656405.003110
1714549.625494
1704605.587130
1698844.520414
1688663.161350
1691032.810800
1697314.838662
1695536.644067
1705125.866270
1690343.239228
1695993.442332
1715939.384540
1716604.633427
1704793.028882
1698861.091352
1680868.554112
1689915.575686
1696779.624293
1693021.972157
1668702.138080
1657300.565874
1682189.809648
1702246.525822
