1000000.000000
999783.840385
996475.116597
991848.869425
983854.492630
977627.432266
978497.815416
978792.909457
987438.413548
994503.385906
994275.294015
993825.953910
994851.570884
998546.616352
998531.253637
1001534.975691
1002562.512707
1006644.194036
1009601.300112
1023192.503318
1027788.738133
1037923.580363
1042063.516903
1050716.673150
1040208.123322
1039377.204357
1044254.038812
1049614.086882
1052393.341639
1054626.503250
1073602.020903
1079367.995988
1080694.302775
1083839.288654
1086360.847616
1091163.608198
1095319.912742
1097156.234700
1099774.668944
1088182.922747
1083749.790001
1089309.920663
1088820.472632
1084008.168236
1082395.982783
1093282.527189
1089822.642713
1093498.947681
1096048.713363
1097033.424582
1082680.521061
1086986.908886
1076998.800801
1073758.191942
1070711.150543
1071074.916243
1064140.781152
1070648.723687
1081249.794438
1089911.361337
1100729.481265
1106368.322484
1112653.244490
1114835.113530
1115799.742261
1121264.009028
1124716.815487
1126381.484781
1135181.506326
1132650.381595
1133716.103700
1121581.607787
1120907.048341
1116411.276568
1120559.761833
1126291.149912
1130045.547397
1135020.045796
1137198.887085
1138962.935285
1135949.107604
1120610.123780
1113627.503256
1124317.943072
1126796.790384
1117240.184829
1111932.858609
1104181.623617
1112625.821281
1119799.803562
1118678.185792
1120928.845137
1128076.475724
1134216.210810
1132779.813447
1127500.053150
1124175.436680
1127870.647732
1121894.174990
1132302.384456
1134073.628636
1137856.237136
1134444.064672
1137980.775975
1142923.270638
1143176.985807
1141861.047976
1136498.931499
1128980.424779
1122580.002418
1123935.941869
1127136.850999
1125985.911140
1129522.871674
1152454.824060
1160428.814113
1164396.183470
1168939.527700
1170954.697298
1175991.651225
1176953.713415
1181144.804947
1176167.240016
1171777.715398
1174566.856653
1170859.293734
1175328.914636
1195733.857667
1195923.888969
1200723.583101
1199933.623286
1197769.157111
1204722.331195
1204740.084213
1208317.349638
1209240.111093
1206262.462046
1207246.867428
1211121.285292
1206826.377331
1200741.983853
1207471.103536
1208209.393143
1207870.777137
1218686.358093
1221491.440179
1225902.486466
1225787.592112
1225389.628240
1207250.938630
1204185.288722
1198309.931199
1190480.216242
1195697.736326
1202200.526595
1202368.606222
1207724.856854
1221647.902841
1222979.085024
1222421.962051
1217516.648992
1225820.619382
1231176.222328
1228512.097079
1227658.564373
1231251.396890
1229117.014206
1222289.463864
1223839.507506
1223746.748255
1229903.201800
1238364.147659
1241964.025061
1249581.682541
1259788.186533
1262237.701576
1271847.753239
1275282.882011
1280500.753195
1279654.101283
1290029.866888
1289552.412360
1296222.958528
1307616.657933
1318237.742846
1314743.717200
1310054.460211
1317927.010526
1303409.816489
1309171.632174
1304698.910801
1278950.635512
1254506.850319
1251184.169029
1220571.535206
1223867.962831
1232397.616880
1248256.381458
1268088.700953
1282232.991219
1289344.053726
1280764.115459
1271158.657739
1257463.490909
1256477.954479
1263244.309586
1274279.491999
1285537.181403
1269186.924194
1262040.159490
1261102.584808
1256694.054635
1238206.770473
1241255.348900
1240241.304623
1221941.427175
1200086.572848
1220022.876671
1198530.677358
1186145.443249
1196956.279197
1210891.414374
1212763.149491
1234456.347549
1234500.053911
1241560.283967
1242126.531180
1235074.559764
1243221.555365
1247512.653058
1250624.123285
1246341.073270
1245290.245986
1240429.935824
1237188.042199
1250230.562667
1256500.537023
1259394.599602
1253060.159804
1265489.542882
1276939.148835
1293900.358414
1299829.384107
1298639.454427
1297973.382608
1290437.736555
1289114.468981
1285526.125109
1282675.071353
1291518.970492
1284662.862270
1283640.528424
1283570.990909
1283598.182677
1277956.036023
1284397.799271
1289443.668038
1302307.913596
1314687.262996
1309821.863874
1319697.799032
1319735.270076
1317889.746724
1324630.493895
1331550.148773
1330595.686502
1340932.619693
1337527.554330
1328686.030787
1337417.288145
1326430.999933
1323751.176244
1302971.715918
1306410.945499
1300946.692279
1307155.967444
1309635.704502
1305838.832419
1296567.460100
1299671.958748
1309880.448250
1326819.519325
1331091.265238
1326385.823656
1342871.010581
1347736.223192
1337194.807893
1346890.210325
1346092.430671
1346327.934957
1356291.531303
1359058.005180
1365304.401658
1375887.050084
1374381.475021
1364196.744587
1357044.922986
1367674.286046
1368143.470913
1382447.994813
1387693.735042
1388685.052999
1410198.139291
1412912.860903
1409676.765374
1403023.399712
1399128.684510
1402966.717516
1388347.196799
1376178.353938
1381366.211355
1385947.889226
1394592.367248
1402751.003206
1412031.471921
1412190.170869
1406329.518781
1401402.885586
1398452.216163
1377898.802128
1371653.050680
1364593.538324
1370282.593430
1368721.311040
1375933.578352
1385532.060670
1373803.474615
1374350.648448
1380491.954537
1393146.099696
1405902.207552
1409313.271348
1417706.326902
1406721.328855
1353246.989689
1358996.441782
1330543.174020
1305286.306016
1326664.705484
1321195.695256
1342405.945425
1340550.181205
1322710.868175
1327351.914049
1322448.811790
1298741.166639
1328395.158832
1320111.747160
1314940.924989
1322340.019683
1349825.423571
1345931.156011
1342704.133257
1338102.325649
1339488.299834
1358921.535117
1337827.874276
1310819.569097
1315982.650295
1307866.609326
1322715.278976
1314609.849593
1297410.387725
1282977.193475
1280359.771368
1290262.173908
1293161.517512
1318589.305742
1316619.277812
1325564.190870
1346360.180202
1328056.012018
1310662.915490
1298057.325831
1298871.671776
1303427.390060
1311449.928080
1316055.850548
1300116.164569
1284940.463830
1281141.091599
1270784.154077
1250934.161143
1229896.474791
1211742.638810
1239831.850555
1254451.890599
1249490.427779
1224839.157267
1257895.552657
1264870.585161
1267583.487516
1274723.269043
1278305.227629
1275482.988946
1265259.169550
1288626.704925
1290005.266756
1292781.730570
1297860.747308
1284035.191423
1278143.488264
1284683.909802
1295183.355379
1275194.246234
1275153.464674
1297762.487668
1313666.778943
1317108.700864
1329739.741932
1336965.275510
1336545.688076
1338368.862727
1327678.331323
1331492.581766
1323428.734037
1333270.391240
1351879.352418
1346229.003548
1353346.889707
1350572.085472
1355648.703597
1353983.254060
1354857.580561
1347091.391562
1343040.926838
1363018.996058
1367967.374867
1375391.266354
1375777.071328
1376660.552530
1384323.795122
1389832.884691
1396059.877870
1384130.727935
1370834.243575
1376612.308197
1376038.586361
1382820.584984
1412600.510643
1418723.376114
1423725.363241
1414219.957769
1426475.709997
1421715.948453
1424381.831758
1418587.763909
1420766.401338
1420309.753837
1434219.144047
1440261.396708
1447725.757530
1443138.332505
1436690.902926
1428297.096051
1399260.876104
1391526.738031
1379306.339992
1380074.766350
1355355.580844
1362110.103316
1375854.372127
1383352.371753
1369196.852825
1363633.821999
1368690.317460
1358844.113416
1346450.498804
1344690.120940
1345745.492205
1337124.643397
1340485.678199
1330244.571679
1319469.868836
1338831.398445
1352765.900263
1383050.521943
1391879.159996
1380755.928457
1385950.015744
1382746.521446
1386644.226326
1401336.405873
1402661.458346
1411861.813403
1409342.353102
1408471.241886
1395036.162938
1398998.235821
1400167.566369
1398303.356625
1415247.361593
1418310.096480
1424640.826994
1419100.003906
1407681.186005
1407871.619265
1416045.653749
1419483.968445
1425999.461585
1436161.296909
1436145.500009
1431782.291911
1428379.308705
1427226.272965
1434519.830927
1442961.583825
1442432.514304
1426906.233007
1442884.168000
1451342.465652
1451576.922303
1443014.516956
1432971.702669
1420415.216856
1385565.084202
1387881.794100
1390439.168285
1416666.952839
1408634.325748
1420936.394835
1397992.179313
1402887.933761
1424522.765520
1417332.730557
1422878.178052
1419501.246726
1400199.631909
1399336.692504
1402729.260472
1415874.417769
1420395.214879
1411274.915137
1420818.666388
1438333.910432
1436830.474181
1438391.257105
1457253.332950
1457755.247368
1452206.143539
1450093.171186
1454502.975537
1454080.606833
1453508.205275
1448340.963858
1439192.698693
1454412.035365
1464569.854951
1459039.211893
1464898.714662
1455194.012417
1458943.295371
1470109.195930
1478953.631161
1488774.492988
1486094.363512
1493462.434593
1482463.489122
1480753.613790
1487610.189147
1518243.326091
1535966.696530
1531221.554377
1536937.039024
1532871.084875
1541527.468351
1557356.991209
1559837.727013
1563395.436296
1572141.270337
1566637.443868
1561368.450265
1567264.217328
1568277.481183
1573680.595996
1574608.105497
1578045.065049
1571019.846274
1571103.560993
1561205.414739
1576710.429440
1569498.326676
1575211.910446
1563426.174421
1556957.961455
1549910.291091
1555033.227250
1556682.874148
1571361.050788
1568850.867273
1569487.641381
1575586.016268
1583137.470730
1591886.516555
1610924.431828
1620475.566792
1626878.176904
1641039.701140
1642734.849585
1646323.541012
1645791.499031
1651069.905800
1639946.373362
1636862.682663
1657623.013451
1663012.842524
1666945.821420
1671565.116607
1681396.330788
1689908.636675
1692750.515928
1719301.163033
1716045.828267
1710489.461035
1716884.355090
1725271.827093
1720096.614410
1722301.642427
1717794.136724
1721722.648966
1763490.333952
1750595.246791
1764389.062435
1761234.852788
1775558.012277
1780724.415916
1791641.643007
1789470.006374
1795454.496845
1802958.118880
1828730.025919
1818198.559095
1740594.594540
1712157.375532
1715164.143356
1652838.316514
1633114.038718
1683740.838288
1669639.151503
1701350.776863
1679166.836713
1641679.689472
1523094.966252
1538636.216132
1418581.567463
1481754.682535
1357714.361398
1386997.975282
1328440.725404
1349765.237301
1364300.130633
1331334.508449
1444336.622921
1475696.007763
1508419.165343
1465598.059841
1484205.172489
1511183.426888
1452910.013992
1450327.130746
1538910.209303
1540716.028876
1554637.265196
1586994.900723
1594236.905128
1618289.852993
1609978.016910
1558485.063150
1611588.320176
1620071.619528
1623165.356470
1650763.112262
1640788.703148
1690563.097152
1684809.652309
1669138.461434
1682283.532026
1715355.401758
1697436.551696
1681051.246995
1668006.105119
1679388.241496
1709042.745111
1699047.954414
1719402.468544
1710617.245191
1705414.280101
1701664.031115
1717040.539503
1715101.940473
1715261.416397
1745973.672923
1757719.704279
1769822.846945
1762442.232960
1793332.262010
1807473.564215
1800542.640657
1827925.277492
1762099.340404
1767013.682567
1772693.306412
1795168.599737
1797997.339643
1801925.229294
1820135.655123
1833352.860058
1804573.714912
1817287.471312
1829458.644843
1846939.068433
1884926.503605
1961783.505852
1956496.696079
1954411.605753
1951516.573563
1969683.959667
1963389.610035
1966920.672543
1971435.418869
1963514.181595
1964860.521285
2001630.570659
2000370.417372
1995402.164038
1960337.394180
1942899.663487
1965105.995911
1960174.096905
1969718.600449
1957824.437955
1947397.355964
1965458.129485
1988671.621157
