1000000.000000
999783.840385
996475.116597
991848.869425
983854.492630
977627.432266
978497.815416
978792.909457
987438.413548
994503.385906
994275.294015
993825.953910
994851.570884
998546.616352
998531.253637
1001534.975691
1002562.512707
1006644.194036
1009601.300112
1023192.503318
1027788.738133
1037923.580363
1042063.516903
1050716.673150
1040208.123322
1039377.204357
1044254.038812
1049614.086882
1052393.341639
1054626.503250
1073602.020903
1078633.362896
1080799.037166
1082728.310385
1081180.407008
1083694.572613
1091045.021673
1093599.370169
1095110.775186
1091205.613057
1085929.779277
1086917.997466
1085525.226826
1078347.421498
1080248.092289
1088864.525188
1092489.337772
1096871.688493
1101745.584110
1102391.749771
1094466.600817
1090267.074223
1083543.942269
1079970.252059
1076472.405870
1077944.733064
1072835.940914
1074161.346367
1083118.844546
1090888.871851
1099676.267245
1106223.158555
1110982.237872
1116354.550842
1113295.154469
1121111.509583
1127622.265943
1124943.415081
1134084.783351
1129486.308759
1132676.889160
1126669.152424
1111154.877342
1102703.105356
1115182.434746
1117972.018420
1121988.889549
1127083.773365
1131865.900967
1129713.851464
1124303.626328
1107751.401179
1094039.171388
1101938.013265
1109490.117305
1099421.574895
1099156.379754
1095087.825547
1104555.882052
1111461.257091
1114286.682250
1115588.934595
1119438.304329
1124026.877808
1122654.911394
1119940.027270
1115833.506494
1118341.022248
1114325.479026
1119148.129857
1118762.156776
1121394.682370
1114458.902416
1115188.324782
1116775.102032
1114504.923895
1110681.983439
1106818.796387
1099739.513428
1096308.257647
1098746.916742
1097078.347560
1094237.270108
1098338.836971
1116617.561800
1124268.196514
1126827.608364
1132808.137289
1133068.403193
1138025.270264
1141339.647450
1144368.393163
1136846.381567
1130290.049222
1134208.051960
1151463.541557
1157354.880420
1174830.384459
1173115.655979
1173346.183336
1176832.274142
1174652.190513
1181566.448663
1179888.521917
1183657.372520
1181769.278579
1183840.154588
1189987.583619
1196754.873590
1192279.253574
1184581.556130
1197565.565540
1206614.306560
1208721.884164
1220561.918919
1222199.928373
1218528.621775
1215642.076242
1211200.218631
1194217.609565
1179613.804886
1173981.394299
1173738.859677
1183372.940943
1186295.921574
1182569.349320
1189263.510138
1205665.270099
1203907.783672
1204034.392994
1194165.136256
1195761.897362
1202220.120481
1208706.237801
1206414.387786
1213855.531482
1210289.254640
1198936.740642
1197633.405884
1200849.516947
1205567.190449
1209811.684879
1213695.059193
1220740.856830
1224178.098384
1228483.090360
1237789.312599
1244714.036038
1248798.416662
1259028.983376
1266764.990059
1265112.763120
1280007.752394
1288394.311971
1304850.340093
1296300.768333
1282595.899678
1285915.918827
1274532.412406
1280635.718627
1276869.395388
1264744.489794
1246692.313770
1226055.188462
1197477.284311
1179125.646887
1184517.903906
1196766.388757
1208665.381041
1222640.524760
1227889.771762
1213367.214911
1197440.134603
1188070.667627
1180664.998889
1193246.858606
1197579.093537
1206110.746210
1190612.548430
1187042.806591
1185589.165477
1179480.472073
1168774.851196
1170672.113928
1165879.392928
1153384.114502
1134448.286734
1137292.099061
1130335.342040
1120931.539556
1126006.969310
1136458.239433
1150564.876785
1170842.639764
1168678.195473
1167192.280393
1163135.572508
1147948.168315
1145752.216113
1147545.997914
1144475.712062
1142291.110428
1143453.408311
1147373.720957
1146294.897196
1154313.722121
1164932.799769
1162660.687304
1156766.603194
1161496.989012
1178560.838797
1191965.277247
1195369.233474
1193342.879581
1192903.375965
1187070.830459
1180853.811342
1176841.299473
1180671.558237
1187861.192628
1183384.794102
1180392.646627
1181990.470646
1184203.681891
1177109.326989
1175801.375899
1184867.933045
1188016.356961
1196678.757803
1191741.062422
1197688.579341
1196192.616015
1193156.975321
1203597.780172
1210606.242092
1214019.161854
1218079.414083
1215527.022768
1204287.003490
1211999.527612
1204721.768772
1207332.723814
1185101.140210
1184061.564996
1179616.366521
1183881.915871
1188250.894827
1174099.570954
1172236.129044
1171057.072179
1178979.887030
1198605.080100
1200640.989612
1191622.907759
1205374.929764
1205754.409769
1190185.397333
1194918.711120
1194668.175744
1197850.826064
1215014.516669
1217642.021850
1222407.573982
1231086.390819
1241383.023806
1235728.112081
1241294.603040
1249239.421900
1242935.033909
1249815.781344
1256968.987761
1261393.845753
1284918.658820
1287724.658398
1291993.075143
1282607.357665
1274717.316789
1277213.485596
1261866.673691
1255759.801147
1266483.105883
1269754.538485
1272526.058852
1271820.229964
1279214.539629
1277212.603633
1270305.232641
1262822.033867
1261896.679269
1243958.217902
1236517.870723
1234372.739574
1235458.910785
1225291.943036
1239098.772788
1249595.587019
1241105.255579
1236646.090324
1245314.421998
1262305.321858
1263214.374876
1270542.475940
1277139.475876
1265378.592354
1216698.860557
1223432.931170
1218466.311874
1185287.605958
1194207.726349
1193094.252470
1204060.763129
1205937.153789
1195976.650105
1209383.780669
1210527.327241
1202385.617434
1222160.209316
1214577.954975
1212585.568726
1215022.915515
1231605.645731
1234432.222380
1237574.190158
1236205.333516
1233777.302899
1245316.210792
1225185.371791
1192179.073591
1190484.666646
1182837.366188
1191186.450645
1184784.544563
1179987.802628
1168406.016489
1163978.341415
1166518.376916
1167585.985495
1182944.339083
1183250.010527
1187234.206898
1205086.496635
1195986.443884
1173053.410872
1167624.393559
1168963.429326
1173262.831530
1181133.553701
1184251.834919
1171232.223528
1159887.289181
1151930.301789
1141939.977599
1124887.329288
1110832.339754
1100139.148139
1103573.735268
1121437.882505
1108348.219112
1099162.832998
1126691.452864
1126285.089844
1131433.712443
1137043.836959
1141414.916384
1144398.257170
1129707.061965
1145816.101902
1144458.724789
1146142.492262
1147322.646008
1137483.292718
1127838.778835
1131421.030121
1135355.312785
1124043.506788
1135438.118302
1157354.510612
1174083.106865
1175864.877303
1185972.560367
1187666.869989
1192397.719066
1189151.158243
1185342.463687
1191401.567062
1183195.611413
1193832.368695
1219707.056746
1205016.270907
1208524.249520
1206045.135269
1218229.119965
1218589.594855
1229304.189593
1224286.264115
1218520.125250
1228443.490033
1233716.539307
1237150.952822
1240242.752561
1248050.612017
1259342.093965
1263815.860909
1268999.308435
1253634.962970
1236195.156740
1245272.941805
1251816.108018
1262001.587472
1289316.825198
1297528.132432
1297641.561103
1290178.653441
1297058.944584
1295869.313290
1294897.108156
1286935.999841
1287321.927969
1291892.878578
1310998.298805
1305579.029686
1309535.057372
1304962.174108
1289004.280245
1283859.530657
1256723.061225
1244933.801622
1236464.487147
1243391.576132
1225678.947711
1230327.519847
1243128.660187
1249537.905461
1239282.938765
1243613.294496
1244295.096173
1237551.263459
1229706.253630
1236076.464684
1235693.562650
1226224.331962
1230043.504574
1219714.106515
1216214.720124
1227514.325209
1234352.034109
1263214.969804
1278430.240889
1261118.461867
1263390.382856
1258401.167534
1259335.645001
1269172.994106
1270577.991534
1285233.320124
1282366.230544
1283259.696567
1274311.047734
1274802.738673
1277701.782971
1275041.068696
1297209.419797
1299996.652666
1308443.902361
1306203.621478
1294017.617484
1288869.957128
1291369.718649
1292029.828312
1298463.542433
1303658.713577
1305415.946209
1303090.556455
1306844.816345
1308377.898261
1307162.323101
1310027.744026
1308474.739938
1296569.680448
1304926.006479
1317549.055101
1310652.885291
1303442.868811
1303819.673128
1287984.846076
1258020.379172
1256869.022055
1256553.356267
1276632.693793
1270569.358996
1270971.538031
1259070.213127
1264926.818551
1278940.292500
1270723.967396
1272579.498899
1264697.186778
1257969.933325
1251308.001316
1250929.074827
1255596.515459
1262218.424104
1260091.785857
1267456.525474
1275877.145911
1279464.949696
1279222.479262
1297996.033954
1303997.563722
1292156.074051
1287039.918204
1289277.892871
1284554.251888
1291075.715220
1291338.282460
1276756.652724
1283582.900022
1295741.878233
1293635.908151
1294137.932730
1276624.567517
1272859.807615
1275529.450798
1284788.532021
1286864.770967
1287048.719148
1296573.576770
1286300.071393
1290839.544174
1297066.166556
1321937.265975
1335277.934421
1331083.508428
1335887.778912
1333626.489965
1343306.718509
1355834.136537
1358983.137394
1366986.615658
1371927.194669
1368414.045517
1364567.159742
1361793.521091
1362786.412890
1362325.926071
1367140.231486
1370819.746403
1360547.592057
1367954.814657
1358244.884266
1372141.250709
1365584.400119
1376786.258626
1366200.707572
1361114.997418
1355659.882068
1359635.575946
1358680.733986
1366036.814864
1362434.980162
1362382.768514
1367355.717138
1373498.679428
1388815.758183
1410828.357402
1417458.750841
1424095.203009
1433737.514478
1438031.871200
1437169.473330
1438030.431981
1444277.995701
1436535.015359
1431234.631520
1449407.221569
1461595.129418
1463333.230157
1468980.956022
1479094.643542
1483049.459117
1483720.770362
1502222.774145
1500611.639492
1492880.182329
1490145.137296
1492639.848366
1488762.431779
1488865.924252
1482427.641117
1478513.482060
1516052.877051
1503205.477631
1516900.007371
1511794.513843
1517427.589762
1526942.630440
1528558.466580
1526852.936008
1526169.167316
1532599.007170
1550758.533763
1550212.255932
1495392.880289
1475596.798241
1476581.038797
1438071.820222
1403013.499168
1429840.019992
1435582.327630
1456867.396920
1457807.291844
1419178.772321
1334389.800275
1334502.192142
1236870.749378
1269238.838964
1191381.158549
1204542.318102
1164618.662985
1168419.464154
1181119.210622
1130965.642845
1203676.575600
1232735.343637
1256109.286761
1227741.467078
1225992.568475
1253208.054284
1221566.535762
1216326.663274
1275003.144147
1268471.977701
1290325.826917
1308791.078034
1318642.478254
1341688.857504
1342493.274243
1298676.531301
1325808.202443
1336873.962885
1327537.926391
1351859.099171
1360082.107176
1391474.374842
1389473.287259
1357582.333449
1360212.265141
1380440.222946
1380569.856457
1373340.922492
1354301.368824
1360505.768910
1370601.111140
1364068.005065
1377574.709076
1375193.731296
1362266.354602
1362608.224924
1383487.243898
1387093.414053
1382177.666303
1413193.553805
1420984.622156
1435703.391198
1427922.431357
1446331.297900
1457022.204066
1443741.186357
1464847.396642
1416690.575489
1415297.217439
1409927.894065
1433433.492272
1435790.206199
1441801.345404
1452024.076050
1460974.916052
1434342.894241
1442653.220457
1447981.185802
1471006.568342
1499915.086091
1576135.358417
1570363.046007
1566674.337194
1560604.074715
1557065.674010
1555001.115274
1547477.842517
1544042.158573
1528328.746607
1531484.876859
1559412.217989
1557394.086436
1551570.511982
1541671.922771
1518156.532589
1522427.280935
1524885.660537
1530559.050915
1512821.072943
1498471.571961
1506101.920391
1529022.825416
