1000000.000000
999879.968026
996573.062307
991948.890633
983955.213994
977729.517577
978601.738807
978898.795139
987546.540317
994614.348599
994388.218121
993940.974232
994968.529577
998665.735942
998652.111781
1001657.835221
1002687.046738
1006771.327504
1009730.984935
1023325.963232
1027924.546657
1038062.302177
1042204.587950
1050861.489201
1040353.180110
1039524.400417
1044403.645275
1049766.481797
1052548.008319
1054783.134462
1073762.947467
1073123.941657
1069371.145631
1074895.757081
1074087.184247
1073223.378588
1081439.125008
1083604.023546
1084028.719109
1078821.490515
1072836.309099
1071900.536138
1067078.027041
1057888.584231
1059745.226593
1070976.995483
1073330.124100
1080000.899159
1082918.609790
1084347.534882
1080330.846802
1075801.613301
1073660.916219
1070582.838586
1066675.909772
1077467.600930
1078219.081673
1081401.399036
1092666.330070
1101161.788122
1103118.824968
1115846.600699
1122580.216459
1130844.959253
1127802.053977
1137251.010331
1139003.330929
1135814.611155
1148689.683647
1149328.847850
1149006.837917
1143003.778775
1138332.554183
1137764.268124
1150823.235056
1157010.824980
1147864.787346
1145772.508993
1152637.478304
1152007.846831
1149897.477794
1132541.140177
1121602.407908
1131357.465785
1136685.968841
1128640.180693
1136093.869407
1133691.273601
1145096.189618
1149787.049658
1146179.756169
1157150.054449
1159850.033225
1162470.010976
1162389.853775
1163331.508531
1158315.095046
1155975.584044
1151808.665404
1153638.393125
1158789.509515
1162607.004546
1153455.069421
1150777.938049
1151391.442096
1151290.650690
1147744.924059
1146311.763732
1140150.686539
1138909.291820
1139939.441357
1137764.613343
1137607.541353
1139714.640359
1160866.495861
1165533.793538
1170260.149292
1182404.797715
1184498.378954
1192914.279648
1195643.365494
1202466.088164
1197704.776160
1192978.286835
1198023.159472
1210678.800499
1221242.036820
1256422.506411
1259960.829058
1260824.427493
1261302.771557
1263886.299215
1274685.559592
1278383.941216
1280727.350843
1281259.757245
1287399.787267
1299268.608849
1304558.246938
1299190.338089
1288677.554678
1308915.216816
1314068.838208
1316108.067539
1329756.427870
1333091.108729
1327144.510983
1322853.414625
1322120.594841
1307781.542918
1296055.788544
1282914.694209
1284223.223727
1295165.204926
1287643.492017
1285087.025641
1293893.258990
1312331.817784
1301658.758384
1306685.185984
1298710.546773
1297600.324630
1307817.615285
1315871.459680
1316718.091982
1320678.484866
1320221.858826
1302860.836893
1308689.005575
1306510.095596
1315719.729444
1316411.449106
1325010.450887
1331954.348979
1332276.940577
1343342.732799
1354106.132446
1358037.436577
1369483.665651
1375923.185854
1381580.762932
1383117.794054
1390289.403792
1405530.033334
1416945.493069
1414181.799507
1403195.090527
1395559.299076
1386947.087466
1395897.965674
1390593.211930
1376255.311016
1361890.557483
1334304.938181
1312301.044599
1291721.437352
1305504.259151
1329989.282098
1348732.032318
1361752.485170
1368849.368385
1360386.772886
1347851.453466
1344949.649489
1335730.217072
1350843.929645
1360564.598865
1367037.682536
1347137.864866
1343787.412648
1345936.893813
1339697.569455
1341539.008523
1347289.888736
1340298.016252
1325936.834482
1295181.069450
1305715.433225
1300132.321346
1280195.536256
1280734.990004
1287827.637805
1299304.587285
1321052.982118
1323687.279036
1326379.716088
1322639.580419
1314406.607370
1317753.980531
1322481.507357
1328530.976366
1321084.844004
1324559.474287
1329981.749436
1328262.942493
1327055.846513
1325421.929019
1336732.192165
1334247.812629
1338598.451740
1361305.991507
1369781.097273
1376899.702228
1378490.474438
1384601.272394
1380135.902811
1372391.169822
1365689.972039
1372556.341453
1382328.177030
1378709.490103
1371290.171899
1371639.557762
1371915.997712
1368889.836517
1361574.673876
1373855.454236
1378376.039955
1396177.533666
1400744.107030
1398478.705504
1399956.052492
1394205.909615
1397427.163836
1410504.950572
1410007.031638
1409850.686742
1410206.175218
1385761.441776
1392213.613396
1383027.812406
1383544.133721
1362709.246660
1363101.722701
1350738.969744
1350052.429919
1363852.908459
1344976.043100
1346456.760445
1345464.302111
1361693.935160
1383911.627260
1384647.871803
1380196.987074
1403871.122197
1408602.682602
1398986.538186
1404463.355717
1403409.598296
1410580.431127
1429511.207995
1432806.910250
1441842.941223
1448108.345232
1438590.211533
1436981.740220
1440312.342866
1447017.163124
1449337.992028
1442079.470448
1445319.157220
1451937.495378
1465357.818828
1467900.594530
1483578.553149
1474205.155794
1465381.291713
1470337.756019
1455018.820903
1457026.067282
1469840.296813
1479236.045691
1493769.830864
1500447.672997
1519610.757615
1526536.698119
1523267.181964
1518855.533122
1529626.022050
1504451.812657
1493406.165311
1499053.670912
1487338.251196
1488516.025397
1483956.959040
1505113.082439
1486364.047937
1496772.709938
1501994.002376
1523962.533011
1537092.134317
1541811.200097
1552844.549524
1559774.943388
1489510.506690
1494878.495156
1472165.513593
1430193.583043
1457773.949469
1452163.175905
1471773.951852
1469630.927911
1462564.668032
1476341.236671
1448676.414417
1436754.545894
1451295.330577
1428394.865242
1417924.593561
1414119.569473
1441817.709542
1450486.653929
1456806.453409
1443683.438793
1447186.629925
1461732.468736
1438053.674032
1417149.850999
1421656.696895
1401008.672906
1417239.821713
1422768.338543
1414312.067420
1387682.002026
1384619.670775
1382370.179380
1386489.794676
1415514.405372
1413244.466574
1418493.939255
1451356.396231
1433957.242474
1408291.933565
1398159.782403
1388596.261968
1393528.416068
1403838.843163
1409675.584190
1389466.452876
1380320.007455
1380218.481764
1363708.620110
1341945.952272
1312770.566045
1301905.192424
1316236.763193
1324111.927204
1326898.279099
1301360.166776
1328149.772079
1331129.421800
1336567.565540
1347061.733574
1350093.878403
1347485.454242
1332274.469147
1361300.270866
1364717.453338
1366613.294140
1387546.156868
1374927.420739
1369633.638457
1378335.625578
1393036.535518
1384898.950493
1386446.255145
1405981.741507
1430750.171062
1429364.939612
1445322.766015
1450431.146492
1452038.220703
1439590.530313
1438793.778291
1444856.761411
1439642.561818
1452845.178119
1494760.093198
1479211.631660
1483747.713723
1478197.694525
1501088.911404
1505205.576226
1505506.878489
1491672.504475
1478940.510484
1497669.356965
1504600.363100
1517611.452439
1526310.569284
1539539.507342
1558021.551745
1560132.486324
1569263.828810
1555851.579971
1532348.350548
1538569.829148
1544586.295908
1551920.185602
1597941.313768
1609091.319940
1612054.278522
1612874.598936
1628680.449530
1627817.946127
1630992.772021
1622167.708808
1620154.026893
1630235.473308
1657590.981202
1666448.911340
1682125.425190
1679835.407670
1666737.023881
1669548.992197
1639545.130530
1621457.238105
1598353.893416
1618055.412311
1585230.268454
1589723.368905
1612090.735329
1620208.155015
1606577.462803
1608109.632901
1612657.167227
1603691.415303
1584120.485869
1592340.396847
1603538.260139
1602438.239676
1607694.875410
1599187.815329
1598843.824397
1601281.861644
1603279.109065
1641558.122358
1664095.104361
1659292.222093
1660911.461644
1656564.071153
1654892.839133
1669754.515051
1679573.446148
1713596.896312
1705599.838184
1707723.926998
1691307.150438
1695781.623753
1701558.537994
1696175.143399
1724358.885947
1727812.879809
1725369.032843
1720436.712798
1698478.702006
1698464.383097
1700901.731313
1701213.392506
1708843.975896
1711332.339151
1707934.981806
1703069.211559
1693060.768307
1693454.087041
1702210.355741
1703402.850145
1702899.403551
1705381.462707
1708344.682739
1712591.554139
1709032.859060
1703635.698358
1685887.346521
1665823.080326
1628462.781839
1627233.274448
1622932.957435
1653603.272009
1647080.692922
1672378.428037
1662249.432573
1671583.358823
1688902.828505
1684523.404462
1688856.613715
1685746.337440
1683423.349636
1676265.685785
1675194.620595
1677468.221119
1685025.818369
1680752.479231
1692976.923740
1703606.745871
1709619.188771
1709152.299235
1716700.936272
1726012.044764
1715455.388520
1703859.495051
1717095.778675
1706884.591819
1716145.885305
1708880.670252
1709718.899931
1714142.563969
1715389.696103
1712104.620684
1714656.670726
1705364.285024
1708636.076490
1726796.806061
1739761.090691
1747242.105580
1745340.520576
1763169.496014
1752635.381655
1761727.313457
1763330.189291
1773489.266288
1778630.953087
1781085.087593
1787482.354108
1793490.789080
1809513.738422
1817461.990883
1821786.896659
1819334.450574
1822035.155800
1810465.818078
1795828.708340
1803359.706235
1799591.037767
1803610.150737
1808398.954487
1811081.945289
1801768.992672
1793514.643295
1784667.844022
1800652.041641
1796163.433500
1804364.842202
1785222.124339
1776594.835722
1770622.213158
1773214.037666
1780475.614990
1792117.525892
1778343.612846
1772682.842919
1780710.574779
1782480.779992
1810362.638910
1819300.994743
1829843.856248
1828509.524028
1838580.213583
1836788.692755
1832889.766814
1830737.194144
1846176.287325
1847973.289724
1842165.891931
1859075.360119
1856967.657224
1852785.634528
1855620.324292
1855153.872484
1867712.893084
1867881.129410
1881565.933993
1873446.543320
1866181.591922
1871116.311079
1879269.772907
1859623.433513
1855790.578091
1839600.540595
1764724.208248
1802009.555034
1814709.425888
1831802.590215
1828315.179977
1830512.171644
1842430.669449
1854366.360436
1846199.441508
1846161.147780
1844582.332753
1857142.974504
1858879.658649
1793291.092037
1771419.755850
1774666.003047
1737939.358169
1695080.443607
1738565.897949
1735219.225334
1764155.712446
1766067.286861
1730226.476304
1624966.824485
1640227.655400
1533584.822707
1587447.272960
1491925.642785
1516982.268715
1483412.330258
1469422.554049
1494247.803223
1438482.195045
1511300.489619
1543584.534374
1567321.493847
1539264.004234
1542490.526903
1565875.821285
1520874.104134
1515640.667246
1591649.018244
1585751.234052
1600378.868085
1619233.412332
1625697.625027
1653206.043830
1656317.493878
1616239.371389
1654042.465816
1668102.726355
1660582.524482
1675826.786927
1675241.403415
1712519.727607
1729778.987301
1701261.674642
1710390.104173
1743790.703731
1729291.313363
1725597.866194
1702665.781179
1705233.687266
1723859.819871
1718770.132901
1736028.146266
1727052.785613
1709544.409555
1707355.958044
1723661.636219
1732739.357213
1726440.197819
1763833.746850
1778403.475716
1794062.589213
1796141.076074
1819289.033083
1828938.155664
1832516.127213
1845473.092514
1792403.317155
1800447.655132
1789643.370372
1815602.396164
1816352.134275
1825102.779907
1846546.982382
1858089.234835
1845355.853464
1841652.836515
1841313.912410
1869969.433177
1906119.348580
2011213.672829
2001336.571714
2012737.230958
2018795.781774
2005298.762092
2012081.301507
1998383.459460
1988192.839969
1966246.950303
1970370.149457
2014769.062627
2012825.174640
2004273.800266
1984850.814447
1963887.733932
1972524.190295
1980193.612797
1990275.118053
1976732.414877
2005097.468417
2008000.455487
2042536.515838
