1000000.000000
999879.968026
996573.062307
991948.890633
983955.213994
977729.517577
978601.738807
978898.795139
987546.540317
994614.348599
994388.218121
993940.974232
994968.529577
998665.735942
998652.111781
1001657.835221
1002687.046738
1006771.327504
1009730.984935
1023325.963232
1027924.546657
1038062.302177
1042204.587950
1050861.489201
1040353.180110
1039524.400417
1044403.645275
1049766.481797
1052548.008319
1054783.134462
1073762.947467
1078438.484415
1079793.126752
1083331.469471
1080686.204013
1081758.524308
1085860.282424
1089908.698985
1091881.066954
1089164.979997
1085651.986341
1085227.808850
1084180.332310
1078564.035871
1079642.588100
1088193.850598
1089790.833933
1093744.842727
1099412.512309
1099428.979767
1094394.726347
1090553.828725
1085934.783276
1081457.477292
1079461.478338
1084757.722885
1082851.343446
1083862.790088
1093770.836502
1100967.549574
1109957.205375
1117162.996266
1121667.110647
1128090.900476
1124884.195099
1131850.996906
1136063.082948
1134975.440860
1142351.368028
1141425.960535
1143359.021978
1137567.883209
1131828.865169
1131288.002158
1139545.796343
1141626.266895
1139495.098580
1142175.942247
1147392.856430
1144989.935704
1140588.785763
1126034.122645
1110964.257286
1120929.487502
1125438.153074
1120297.302516
1116617.740061
1110677.133707
1119044.460710
1127045.466795
1127677.851067
1130592.255748
1135527.460890
1138761.623349
1138747.832224
1135444.082461
1131675.027500
1131790.806533
1126419.530371
1130540.827504
1132864.362751
1136326.784562
1131045.222106
1131405.613089
1135569.330831
1135594.332674
1133347.262498
1130333.906784
1123694.469062
1121762.563427
1123548.011923
1120558.862984
1119607.800541
1123107.113530
1143898.205288
1149886.283314
1151511.842753
1157173.687761
1159271.908108
1166356.663287
1166886.169645
1170420.176891
1167651.273880
1163232.572737
1167810.166057
1184728.097610
1189822.807064
1209179.580683
1208480.072036
1207174.281575
1213547.690180
1214407.646159
1220602.632479
1221795.430705
1223523.927646
1221563.442356
1223117.451512
1230492.467336
1233268.561381
1230993.011793
1222659.339995
1234254.801048
1239190.865083
1241158.312181
1248495.555054
1251787.435143
1250933.982265
1247960.994506
1246859.447895
1232894.942544
1220970.132356
1212770.447528
1211997.601945
1219498.089404
1217528.203302
1216232.901117
1222773.971368
1236406.747867
1233592.593544
1233422.480083
1227186.557038
1228384.216038
1236198.019338
1241362.415226
1242651.342371
1247352.585864
1246605.052896
1239173.345246
1241913.072270
1242909.405381
1247281.494308
1256294.887894
1263453.847765
1269479.560048
1273413.474973
1278795.274323
1288615.821465
1293261.602236
1300490.553610
1304630.158031
1311903.748380
1311055.340050
1322853.777370
1332155.742529
1350469.718338
1345698.655367
1337160.246987
1339618.637874
1327804.710236
1332624.792458
1325217.766044
1313536.288175
1296871.928020
1273253.963948
1255017.879250
1239503.778936
1244121.661736
1257784.558203
1269207.009678
1279313.316476
1284208.227197
1273942.747052
1262745.755385
1255116.084773
1244603.303911
1257524.362370
1262092.141060
1269428.462085
1257144.980233
1254985.743121
1253576.436385
1249314.271442
1240111.233393
1245185.619041
1242661.280429
1229189.801205
1209199.716556
1215846.858267
1212565.510047
1200470.514904
1201314.231772
1207695.795847
1219746.148023
1241270.285007
1241349.320169
1243180.385426
1238658.289396
1225721.070760
1227684.662744
1232045.601730
1235077.102573
1232235.411394
1233264.409989
1239020.420912
1233086.696891
1238734.029649
1250325.766265
1247770.531438
1246146.663600
1249740.409296
1271617.211169
1282785.258448
1288100.655370
1289208.731138
1293791.191681
1288237.973214
1280579.073548
1278138.625652
1285264.878364
1291260.624406
1290493.854332
1283816.103317
1283952.109401
1283941.855904
1277992.323273
1276630.605794
1286931.462517
1290427.779523
1301070.215055
1298603.702430
1301248.233351
1303612.593482
1300514.702686
1304873.902013
1313235.913662
1314013.295089
1318046.892145
1314815.909684
1300503.344537
1306860.803230
1299264.183937
1303064.328565
1281431.431529
1280156.533879
1273300.638530
1275097.121410
1284059.873362
1271814.712447
1270553.983921
1268957.120255
1277700.299344
1297485.711942
1302818.043567
1293396.766373
1309210.139800
1310772.439272
1297476.574709
1300718.069633
1298835.307054
1302014.717283
1318799.110840
1325103.084419
1330752.184165
1337062.619601
1340272.798089
1339826.976298
1343662.418946
1352459.225139
1343932.237792
1340284.406000
1347000.101769
1353526.815594
1373213.332581
1378485.941359
1385371.850547
1374245.195012
1365479.107058
1370983.937850
1356888.730490
1353927.217356
1363960.570194
1368969.860759
1374973.703121
1377888.294347
1392302.049417
1392852.485872
1386867.582854
1379142.649761
1381818.297331
1362687.918270
1354772.357080
1356216.969966
1351755.689832
1346366.504768
1352922.171835
1366036.229435
1355773.831404
1356724.988403
1364779.723801
1380363.465797
1386313.045080
1393403.222946
1398785.640160
1398259.368647
1346318.121578
1351708.506391
1342662.974723
1304459.236205
1321452.651323
1318572.605012
1333980.514561
1334125.311325
1321387.615194
1332448.048254
1313491.341652
1300590.989248
1312442.438470
1299088.644902
1301157.710429
1302881.021867
1325440.940397
1325179.623684
1332675.551218
1330545.008038
1328199.720734
1338609.423635
1321074.691822
1299944.289319
1304437.050898
1293792.578221
1305176.838022
1295821.598030
1288154.305223
1275783.602235
1272327.773718
1274611.987770
1275953.752325
1294138.096784
1294648.940652
1301156.639646
1319878.768486
1310070.461413
1282469.065757
1278471.962580
1275450.634139
1280077.522655
1289367.266699
1294995.325541
1284708.784845
1275589.011677
1269879.268666
1260329.351612
1244057.934256
1226279.918823
1217844.478913
1222776.793983
1238890.425822
1235133.129666
1224528.408473
1249264.258539
1253010.141299
1256669.192500
1264699.027886
1268395.206428
1270662.798688
1259862.060505
1279650.032765
1278806.670392
1277184.056299
1289613.791756
1278885.150454
1271084.694186
1278267.732545
1282126.517000
1264919.322402
1269023.534991
1286096.542935
1306080.729165
1306746.799522
1319622.302478
1322004.947432
1325662.336154
1321810.271200
1318774.305938
1325111.979720
1318432.471410
1327515.744087
1352309.931500
1337305.574815
1338963.047006
1338288.192862
1353585.144876
1355533.651930
1359545.115555
1350902.997654
1340560.763051
1355263.612685
1361179.137476
1368843.480506
1371465.057566
1378949.211973
1392577.190000
1397187.297911
1401841.198663
1392460.903903
1374155.044294
1382821.400452
1387238.858452
1397531.543786
1428728.868915
1435298.010222
1435750.381139
1434245.381653
1444545.115836
1441837.049898
1443252.112795
1436465.833699
1436320.520218
1434612.905041
1454078.429045
1450939.835653
1459139.951091
1457372.900398
1444765.624716
1440513.333438
1407628.435345
1396922.472412
1384818.844153
1395411.280320
1377902.851858
1383796.305690
1397304.070103
1406178.534160
1397981.292996
1404322.626201
1405458.521136
1402283.360714
1390723.216644
1399069.228307
1402905.507268
1393925.280629
1398131.574794
1388297.412790
1388147.258087
1392811.513923
1394513.256574
1421285.747128
1435394.828733
1424183.595262
1426498.357001
1421680.566616
1420654.633694
1432697.515304
1436384.004800
1455371.338677
1450230.837993
1451542.314891
1443214.287503
1445469.454456
1449528.440220
1445805.343438
1465535.317834
1468094.578227
1468851.776622
1466284.740071
1450055.176386
1449217.646774
1451146.876978
1455531.466591
1460109.104746
1465258.945862
1468060.057412
1465720.857665
1460057.703909
1459823.186406
1461194.969274
1464159.956083
1462526.993696
1459033.932937
1465961.561428
1475539.502826
1469830.849164
1460455.976088
1449662.145369
1432833.190307
1402631.412678
1400207.146378
1398768.940692
1421182.882679
1415885.400647
1423247.060304
1415201.943310
1419939.855994
1435804.792088
1430169.002434
1433694.176816
1426277.050232
1422108.022518
1418404.351303
1418321.374738
1421893.920467
1428936.985120
1423611.842967
1434114.679191
1442793.013752
1446333.220059
1446274.933226
1453019.371940
1457689.977849
1454037.718919
1447348.627177
1451951.979903
1445628.594547
1460589.221349
1461346.770059
1456279.681107
1456539.743433
1465403.767909
1464076.322804
1463645.287564
1449718.903288
1447719.721906
1457205.850438
1462785.005569
1467139.024452
1463756.917094
1474723.733602
1464480.316607
1463471.760296
1468970.023756
1482671.441708
1495045.126761
1496169.630069
1501024.436354
1498805.226126
1508288.640870
1522354.696440
1524430.628232
1528377.470231
1531756.307357
1526576.655340
1518420.293666
1515829.420470
1515440.599984
1515936.316774
1521980.628000
1525591.636283
1518659.672941
1521605.514468
1514730.601286
1529936.546310
1525216.655961
1533990.258285
1519337.227836
1513305.485773
1506246.811717
1511510.523622
1511010.405840
1519287.862014
1516040.638938
1515684.470704
1520025.931112
1524436.400839
1538364.452217
1550732.984708
1561791.762239
1564950.820324
1573476.031566
1575783.281930
1572737.320006
1573124.162442
1580431.665478
1574563.810209
1568963.761541
1583604.374187
1587713.049846
1586958.930587
1587240.068125
1590490.702251
1599628.776546
1601189.821365
1616606.839954
1611038.956790
1604933.642052
1604709.201730
1608927.028405
1597616.424526
1594967.204956
1587849.636705
1546510.422514
1578214.484402
1577969.463165
1588641.881058
1585412.796411
1589505.167383
1600380.127868
1607411.250634
1601651.119629
1603516.021915
1605882.458254
1622274.548558
1621936.484685
1568599.040401
1548949.036777
1552057.845330
1521735.206878
1486169.099467
1513506.506891
1514174.543745
1534445.615037
1533184.692603
1494885.201100
1407083.675393
1412216.960825
1315745.086738
1352388.175455
1271908.940256
1288422.034655
1246434.728563
1244450.282257
1269529.090925
1219198.639960
1297878.858657
1332798.897260
1353366.090458
1326646.399249
1326384.272362
1354188.164566
1316899.987220
1311551.618978
1376448.631422
1369683.895020
1385891.451624
1389406.963483
1399368.759109
1424801.391672
1423883.086366
1384906.941611
1417901.782730
1431909.337002
1420446.350857
1440695.296087
1442706.498987
1471248.630911
1468694.844192
1439072.351504
1444804.021322
1462256.308646
1454906.692551
1453744.807090
1429884.335976
1436962.358076
1449792.419327
1443951.216888
1458097.544455
1450514.277579
1437858.540973
1436234.807285
1453859.397149
1459129.200118
1455590.788064
1483908.363501
1494542.793842
1508903.126861
1504602.591663
1526596.101401
1534759.564257
1525063.721751
1537592.907606
1490712.877928
1494624.502762
1485558.136932
1506588.227887
1509159.853356
1516829.317919
1532149.096121
1544605.682059
1520953.357043
1524900.698597
1525679.673011
1546964.089095
1572620.537003
1641941.665998
1641683.357365
1638215.636831
1638298.764875
1631353.929861
1635348.973750
1627235.323576
1625696.747960
1615908.450064
1622568.443134
1647485.012639
1651592.286171
1645343.832426
1635208.324207
1617165.232809
1617871.082452
1622336.999598
1625885.299435
1608682.895227
1603322.872368
1611314.247109
1635735.931151
