1000000.000000
999879.968026
996573.062307
991948.890633
983955.213994
977729.517577
978601.738807
978898.795139
987546.540317
994614.348599
994388.218121
993940.974232
994968.529577
998665.735942
998652.111781
1001657.835221
1002687.046738
1006771.327504
1009730.984935
1023325.963232
1027924.546657
1038062.302177
1042204.587950
1050861.489201
1040353.180110
1039524.400417
1044403.645275
1049766.481797
1052548.008319
1054783.134462
1073762.947467
1079848.223723
1071036.295358
1073607.876915
1075453.271884
1075632.871701
1082027.561306
1077727.645158
1072835.939318
1077715.870451
1074697.261010
1070490.146516
1063437.565496
1057413.712339
1064879.544094
1075023.426605
1069217.811575
1068630.473730
1073535.682436
1076974.639429
1079073.693130
1069008.276340
1059434.311435
1054883.820725
1056897.233336
1060035.824118
1055550.009492
1054949.833177
1056641.638884
1059982.334000
1075781.434183
1080254.403170
1082045.454566
1087199.419790
1078548.787938
1088308.682983
1102206.200402
1099209.206878
1097443.078965
1093499.526950
1095799.509655
1097066.882408
1072191.768378
1056617.955429
1072063.917743
1079075.326993
1086221.902305
1090880.186499
1096090.511780
1093332.797565
1089125.973381
1069838.638144
1058343.979126
1062425.736343
1071991.464748
1060215.687526
1055154.539052
1054294.363068
1062846.626308
1064847.028653
1073325.415536
1070168.156168
1072524.535508
1078592.030528
1075296.603229
1074915.052700
1074085.148018
1082409.022822
1079686.903280
1080242.748813
1073781.347064
1076486.943470
1062688.651139
1062776.559262
1060272.642846
1061761.457676
1058308.772173
1055640.834023
1061052.265356
1058019.925198
1064423.670307
1067603.327533
1064739.979148
1071282.329757
1096995.839214
1103558.524868
1105756.001398
1107050.992237
1103602.991850
1108320.714438
1110316.986510
1111593.449315
1109115.037204
1110789.480577
1113395.533795
1118608.229437
1128131.027573
1155883.249091
1149082.559016
1143897.346686
1145284.796141
1161195.604353
1165541.219867
1163858.803936
1163395.112788
1166548.523055
1164413.481134
1159435.211971
1165966.351951
1163955.515060
1155373.351732
1157916.457850
1167089.743285
1173579.977771
1184029.519349
1182327.209652
1176923.461867
1170733.315799
1178947.795548
1157938.400529
1143824.565931
1148730.441931
1145941.214345
1155859.257740
1167829.399287
1155372.694384
1162210.780600
1177883.133432
1184113.810192
1183347.030304
1169832.290508
1177580.991682
1179348.870443
1186455.186511
1180133.009783
1195317.150042
1189281.197875
1188138.140434
1182935.794393
1191777.317828
1188995.766812
1195061.103088
1197033.689754
1205608.951857
1197512.924395
1203809.678994
1210771.415647
1222648.552981
1223548.496466
1223799.905311
1223574.121351
1221637.397808
1230621.345207
1236293.542022
1248933.495600
1233809.409068
1221963.339449
1222606.460248
1209177.899077
1216148.018530
1211935.661636
1196906.872531
1175663.997377
1163657.899887
1130800.320140
1119037.985464
1128524.069175
1137811.730042
1131095.049872
1146547.506575
1151475.651554
1140759.685643
1126919.303001
1121804.293789
1114360.431203
1124143.076151
1130588.032659
1127586.928447
1111270.106038
1110501.470452
1109305.333743
1108832.619503
1088734.026851
1090070.453745
1081965.104709
1073229.363637
1064304.574678
1072210.009328
1073745.735640
1081093.413945
1089232.200702
1100903.214146
1118878.214774
1134395.017095
1130464.828270
1124282.238258
1117241.543113
1100667.394899
1096564.166358
1097580.820015
1082245.126901
1085426.443492
1094756.212550
1097728.365094
1102507.037489
1115094.996621
1129867.504362
1121518.526127
1119178.796200
1123066.081326
1120599.591168
1143464.523362
1146107.670013
1144004.475220
1145312.385032
1147166.931179
1143734.661925
1143307.927941
1144785.961875
1147664.369926
1144813.657645
1137245.848013
1132101.078088
1134824.684625
1124672.993255
1132274.357769
1140466.745607
1139585.031896
1144962.668492
1136233.160554
1130497.268093
1127809.205831
1124210.910610
1137580.781344
1129522.718219
1129434.319920
1136350.600575
1120968.244872
1123932.265104
1129481.376524
1131022.400670
1147822.655516
1117722.530888
1114464.599207
1118462.996675
1126949.883850
1124984.166713
1115442.341444
1124199.862586
1125683.745328
1131261.896080
1151121.529447
1150803.032596
1135146.983465
1146482.514542
1150010.553251
1133484.171947
1131153.074597
1133046.109993
1141407.031533
1164338.984089
1166893.421084
1171139.550370
1180057.092945
1191738.931750
1185008.488468
1188647.631290
1196031.732144
1186283.464876
1176598.511240
1184396.006121
1188329.214447
1199319.443245
1203994.745078
1202863.253728
1190282.355357
1182934.794614
1183363.366863
1171083.056969
1174687.882088
1180861.396158
1172412.324426
1174048.061587
1167395.322163
1174753.784847
1170169.545889
1161663.232622
1151792.051139
1159099.049986
1140884.834827
1130864.522643
1131399.200963
1125866.417263
1119782.435546
1145301.108570
1140723.913248
1135707.871527
1136543.337246
1132975.287479
1161342.832988
1160639.824761
1163416.920589
1172196.577479
1170197.266546
1130422.414377
1134386.793386
1125851.566648
1101176.119448
1098039.036100
1101142.604733
1093233.510249
1102549.333291
1104553.395025
1115190.620504
1112833.465725
1106715.295054
1126736.915658
1122174.114241
1106394.092364
1102359.316264
1115403.691677
1107779.670571
1102846.538735
1114006.131053
1103665.693906
1120830.067440
1094261.453318
1051679.634783
1030934.638639
1022039.946755
1029326.872556
1023428.152060
1019903.842368
1007539.677293
1015975.510307
1014477.361216
1014469.906187
1023288.846590
1029025.600549
1026513.145364
1044656.220581
1035072.672015
1004054.244119
1001919.417435
1008035.537318
1014623.972924
1018911.205567
1016176.354462
1003019.536801
991215.671378
978412.337311
972753.557869
960320.412161
949846.870568
942598.243766
939689.578408
961053.308965
951414.504624
946141.415753
974428.843256
960137.128910
964352.750564
970042.325425
973353.448039
977187.044533
966673.958407
977170.243498
970614.401813
971700.548203
988018.234779
976282.470796
966749.222366
963279.498450
962302.735382
952059.050442
970843.438849
997349.033373
1014473.567230
1017006.811231
1034569.678201
1037345.474987
1047436.108348
1049558.388341
1044137.829995
1052732.128553
1051401.337250
1059767.813520
1073748.696416
1059068.358619
1054073.917946
1048035.239073
1068296.283043
1073246.068479
1091210.583345
1087260.563684
1080614.089856
1083369.962874
1089859.510794
1084967.819517
1091255.773743
1105240.048288
1125846.301624
1130519.406189
1130493.117298
1114055.780348
1104927.063175
1109786.412884
1112254.158191
1123771.974468
1139224.745964
1150528.308403
1145518.383039
1149402.256372
1158926.846130
1152685.720314
1152957.416098
1149478.841266
1149425.575032
1152950.084766
1159607.471417
1152795.051713
1166370.366310
1156482.957961
1151204.409449
1144379.640045
1109890.510013
1106158.778192
1105116.990456
1109272.301422
1103756.653715
1111750.832412
1127477.360611
1136752.387446
1139365.125877
1139890.531961
1143954.187676
1144800.069019
1129164.701755
1137252.844980
1128957.863749
1113680.185374
1118348.057760
1104396.768444
1103028.464085
1114458.667010
1132494.873511
1164712.639340
1175563.501549
1151178.641146
1148758.349117
1144762.610652
1140029.903327
1153077.226999
1148955.563423
1162796.243700
1161583.952258
1161026.580900
1152903.190423
1153130.058755
1147563.044575
1144121.987317
1171037.602680
1176170.865610
1183161.674497
1185636.765655
1184606.470368
1175720.845383
1175455.512634
1173541.703778
1176082.993856
1178562.108503
1180475.342229
1169655.905654
1188480.010872
1193048.596182
1194176.501079
1196149.724979
1189688.191618
1192100.251367
1194675.427562
1210407.505658
1195171.334883
1184520.776261
1198256.179566
1178103.625878
1143539.070321
1141610.061397
1142659.985763
1165028.512187
1158179.574830
1158741.710601
1143572.948241
1143510.135594
1154742.206246
1141786.553848
1153921.512036
1140819.790449
1133223.453710
1112763.583018
1116322.026337
1124689.058717
1124810.029191
1126910.878320
1135005.939039
1140648.072403
1141344.823139
1135945.087104
1158234.326464
1163013.573177
1145082.559228
1148698.716069
1152393.592637
1154191.862788
1149659.948347
1144297.560001
1131288.601667
1145623.598860
1154289.159099
1158565.828040
1162826.306363
1130403.925324
1127946.475901
1118304.768604
1121067.707711
1116901.616791
1113396.703524
1114913.934874
1103870.321232
1109728.059802
1120900.611823
1133661.712460
1129832.512441
1127037.471816
1132753.456835
1117685.387151
1133878.072405
1151361.922772
1156937.755999
1166225.375945
1170387.552380
1171699.504683
1171391.850711
1170300.113869
1164405.673912
1164137.382110
1168998.485625
1170800.179106
1159332.931117
1171778.767840
1174176.863437
1182571.512890
1174562.332397
1188512.525876
1176664.032875
1173052.723217
1157051.865649
1157395.311220
1151757.704534
1164600.400732
1161843.734516
1159433.990881
1160228.496998
1167021.505464
1175829.849635
1197590.298048
1209210.899557
1216680.473700
1223035.986667
1225475.856213
1227961.122525
1230246.324730
1230080.791155
1224145.568856
1217340.592153
1235986.391199
1253079.585267
1253531.595200
1255201.352192
1260160.253555
1263753.465229
1267338.660541
1274314.542610
1268288.748929
1268932.608754
1266326.611902
1267142.855816
1252120.653350
1244293.616388
1240481.666066
1205533.787651
1230363.222316
1237737.303878
1245878.534805
1237473.809774
1237071.948711
1240533.325140
1238880.950433
1222579.279494
1218082.302456
1211828.149168
1221079.057068
1220865.582003
1168098.817645
1149756.308795
1156899.692277
1126520.559410
1098201.655319
1115932.767392
1120514.635440
1144718.546078
1144063.912647
1099552.962327
1008259.194852
1004260.781241
905097.888149
939522.234187
883512.775794
911775.832434
874540.617354
873257.157165
874671.523766
857581.470085
947980.266739
972905.929338
997622.622219
946518.519179
970673.799064
1001001.581129
998479.972235
1014316.807092
1040678.841807
1033300.840589
1048347.671039
1013468.271074
1012553.225884
1030830.769425
1028259.380058
997771.850865
1022810.858375
1033798.177678
1027171.119341
1039043.571156
1062323.455907
1089457.662369
1056112.804194
1035123.909125
1042887.487834
1055771.385179
1062028.993038
1039256.010904
1016678.209540
1028739.854003
1058300.461002
1047721.168783
1063784.601052
1056047.745668
1049442.751191
1054731.238017
1072990.134015
1072697.481344
1051177.120410
1068541.106982
1081735.970862
1101854.473646
1092940.697425
1119739.419855
1120619.863575
1096573.059453
1108332.398115
1057501.230200
1063267.072112
1053645.511902
1085786.765838
1083418.139219
1084849.524734
1089211.277799
1099994.160128
1070426.282407
1083312.810921
1072951.661918
1084857.334467
1093987.963175
1125591.115951
1111521.610255
1107654.242208
1080025.092477
1070603.610935
1075837.835171
1080535.340454
1077931.555218
1064728.022675
1060440.921357
1057524.747359
1064538.084978
1049697.716415
1040695.264209
1029476.272584
1024458.893682
1030143.707218
1032023.883820
1008079.338109
987709.412172
1001562.823373
1022092.962485
