1000000.000000
999783.840385
996475.116597
991848.869425
983854.492630
977627.432266
978497.815416
978792.909457
987438.413548
994503.385906
994275.294015
993825.953910
994851.570884
998546.616352
998531.253637
1001534.975691
1002562.512707
1006644.194036
1009601.300112
1023192.503318
1027788.738133
1037923.580363
1042063.516903
1050716.673150
1040208.123322
1039377.204357
1044254.038812
1049614.086882
1052393.341639
1054626.503250
1073602.020903
1077062.199790
1074361.466157
1077346.249625
1078221.397008
1078289.011353
1079662.852263
1082570.909050
1079469.149294
1073776.719864
1068046.740954
1068627.057313
1065880.301381
1060545.927751
1064521.598594
1073137.413472
1072681.316904
1076090.374556
1082321.380724
1082416.040443
1074645.148962
1071773.922223
1061398.289348
1057619.659253
1056797.486872
1061947.398607
1060312.885016
1063756.738068
1073431.208368
1078566.096348
1088011.664818
1092905.894598
1096126.181796
1101165.732323
1100407.076226
1106953.807958
1109723.851481
1109430.435825
1117575.248693
1116646.222298
1119964.030755
1115921.049025
1110131.327432
1108393.210964
1113858.908619
1118808.388492
1114558.486043
1118176.886657
1124397.893438
1121983.680966
1119038.060545
1102930.749050
1092702.995034
1098917.935500
1104368.012551
1098370.552680
1092588.942965
1085854.819975
1094998.430032
1100578.583306
1101005.088698
1101674.573977
1105802.673441
1111205.188292
1110263.413462
1107077.276193
1105186.999127
1107961.270650
1100331.964704
1104392.001751
1105528.048523
1110363.349949
1104184.355459
1102890.437629
1101676.973369
1101671.376334
1101780.880625
1096650.299574
1088751.901064
1084979.084822
1086252.434486
1084123.905868
1084472.099479
1088870.731489
1109515.711057
1112704.837384
1114716.997406
1122247.643775
1123541.383695
1129234.900224
1129970.623283
1129204.306224
1118097.312436
1109572.386594
1116260.990505
1144674.499127
1150298.263023
1180122.203407
1182686.312807
1182500.771228
1188282.312909
1186960.181168
1196980.636667
1198719.971254
1197964.366219
1198138.384912
1197834.585578
1201652.018937
1204577.876167
1203240.914842
1194143.481703
1205842.308007
1206924.144308
1209271.631325
1216713.711894
1221986.507510
1229254.326574
1228234.234792
1227595.533652
1211675.406160
1203182.199581
1192380.121349
1190705.814290
1198535.051441
1199853.363006
1200056.319885
1202664.525667
1212859.426607
1213136.914078
1210984.569893
1209475.975236
1212923.630700
1221026.285099
1222173.247190
1218658.571993
1222634.211617
1222486.228834
1216762.140462
1215192.305351
1215482.189695
1216049.219981
1222702.321638
1228351.706611
1235415.804194
1238473.932060
1241521.578105
1243892.273366
1251787.451899
1259470.030799
1258323.368645
1265611.627595
1264479.398599
1272983.233945
1283736.751564
1301947.612726
1299994.553023
1290186.274567
1292781.735258
1288557.651171
1293465.636901
1283494.561852
1271901.348536
1254089.967859
1239096.064968
1220169.777404
1209860.467630
1219817.975311
1230486.912824
1241840.024029
1252200.254425
1259834.074683
1248026.745011
1242661.570020
1231437.034260
1229770.138123
1244688.464048
1252301.092953
1258172.359771
1247438.335459
1245831.128192
1240258.974053
1236294.688431
1223423.678864
1230447.450738
1228629.015921
1214997.264027
1195798.402700
1210058.214598
1203429.219837
1194259.555080
1196210.266765
1202507.454847
1214174.901417
1230666.973816
1228687.111260
1230918.638275
1227013.425237
1217908.712621
1226129.348696
1232714.982492
1234541.373537
1228498.288047
1229094.196303
1224805.403385
1222978.931929
1233951.958927
1250552.696859
1255068.556509
1250691.029015
1258194.034895
1272516.040422
1285720.383600
1289225.953921
1291515.968214
1295706.804865
1287565.767480
1282536.797946
1281212.831660
1282769.725684
1291630.519979
1292071.234198
1293385.296162
1294229.424139
1294031.340839
1288869.106693
1292930.697692
1300088.665331
1303587.787223
1312946.548959
1314194.687827
1315970.571377
1318519.887871
1317026.893988
1323372.959512
1331646.392577
1333832.081243
1334965.600086
1332093.841742
1325811.056720
1329856.875248
1323194.403635
1328541.331227
1308072.014736
1309540.265842
1304753.972040
1307641.713517
1314710.514977
1309701.933590
1307816.690672
1306984.235864
1314111.071725
1331914.730962
1336195.216455
1330458.578493
1345543.515245
1348026.890635
1337275.378699
1343954.942836
1343255.648306
1348592.030059
1362012.725968
1364529.793902
1372229.806059
1382717.954668
1383959.370164
1382524.634076
1384304.858053
1389570.055213
1392093.981571
1394022.105383
1399817.815772
1410473.548931
1421725.679736
1429204.166022
1435454.249805
1421233.728206
1414736.370605
1418937.200416
1407050.202062
1410684.422670
1417567.221110
1418524.827690
1424271.537528
1427271.763139
1443957.266016
1450236.235983
1446085.958701
1440996.188826
1439076.208210
1420390.658374
1410529.447651
1409772.800206
1403210.066136
1407242.019808
1414463.276201
1417809.663066
1400568.690359
1400926.540173
1399379.206732
1412682.623469
1425210.140744
1426041.330428
1437752.577205
1434721.889695
1383251.704211
1385002.001254
1369449.414551
1336511.940684
1355654.954394
1354056.768512
1373298.422827
1369097.892018
1356147.733656
1360792.621869
1347763.357907
1330324.807586
1351490.677920
1328056.909315
1321065.706100
1327337.200833
1355215.694023
1358132.969979
1355011.634360
1353521.672761
1352709.719801
1374457.621663
1353200.191911
1330753.708939
1327565.625255
1319062.067091
1333929.438346
1334742.443764
1320810.476552
1306390.408260
1308581.001189
1311652.602885
1316396.894216
1339243.769288
1340140.952442
1343664.806868
1367220.933189
1349841.344172
1329193.652928
1322831.025589
1318013.209307
1328100.639330
1336823.608548
1342136.501815
1327758.565242
1310708.457346
1309941.032499
1298187.372278
1279839.786481
1255886.927137
1247265.624244
1266833.996807
1279837.215741
1284613.797221
1267357.005580
1295707.936844
1300603.355972
1308270.856804
1314050.797674
1316185.887254
1313239.470215
1302767.964847
1325907.111290
1325165.545495
1323548.416530
1332647.758152
1318253.808530
1313589.622641
1319507.858297
1324545.030572
1311223.513933
1311419.860167
1334835.111937
1355970.062104
1349173.711437
1357174.335214
1363984.643866
1357891.834986
1351784.338743
1349386.452676
1356625.456015
1353466.163564
1358915.391502
1372054.928401
1361555.540270
1359370.373180
1359946.104066
1372473.359320
1379657.439172
1379266.485615
1373044.598373
1367910.408952
1382701.400287
1388438.482727
1398290.060632
1401610.139433
1411487.079565
1423205.814622
1430289.232765
1440699.908586
1430696.756155
1418251.586366
1426925.485029
1429333.762747
1441247.030249
1465268.954463
1474447.839307
1472014.884999
1471758.579987
1481154.003270
1476850.674910
1475715.377513
1473123.236962
1472613.135334
1471932.161375
1482708.548992
1486388.472526
1499157.958810
1498683.048620
1490331.499569
1494124.808745
1463029.158674
1454459.102754
1444039.710786
1449867.056910
1431107.418765
1438765.901698
1454285.599679
1468441.584630
1462289.522178
1471690.947058
1471120.003668
1471714.272700
1457142.779623
1466062.265932
1472579.227756
1460732.149048
1467372.940730
1456237.774224
1446717.526945
1452292.839836
1454419.255472
1487835.012123
1497852.147892
1489838.884025
1491776.859433
1488883.365804
1487615.230420
1499475.826110
1499404.310357
1514479.701047
1513368.945651
1514487.859354
1503461.962067
1504129.150212
1505452.429599
1501154.701459
1518347.201795
1526402.635342
1528920.983486
1527423.153438
1514133.673318
1518392.168507
1520826.804824
1524606.030716
1529533.483818
1537065.018961
1541648.650198
1538039.376646
1530273.844736
1524440.250160
1529499.948765
1530035.738125
1526260.834028
1519275.333063
1525421.496639
1530579.854796
1522524.305472
1517295.074989
1502975.435299
1485107.392435
1453511.484151
1453113.886351
1449681.933980
1471408.659923
1464392.580202
1472619.386724
1463423.763746
1469135.795587
1482288.858714
1475625.356750
1480669.687128
1467745.697143
1458013.170649
1462987.842708
1467221.551090
1468316.545544
1471612.582899
1468602.164807
1479410.679749
1487442.340344
1488686.338202
1486135.330679
1494069.892148
1497097.938499
1489486.569753
1485688.812471
1490181.657479
1482985.722880
1494494.538626
1495722.112023
1486547.843091
1483370.211793
1487374.602710
1485853.235110
1484552.773064
1467097.115751
1463662.414695
1468561.610448
1470569.990715
1472926.228331
1473682.830832
1486834.982194
1480545.061711
1473832.928353
1481240.867425
1487719.896097
1500436.123122
1496984.129781
1507913.594235
1516930.285038
1528510.269178
1541216.137479
1545095.722474
1550143.254886
1553349.150740
1547175.040524
1540012.829850
1535166.634472
1533733.779488
1540926.128978
1543859.658201
1548548.373055
1539962.647834
1539942.597058
1535297.119262
1549723.324046
1547000.598890
1558709.152102
1547083.742738
1541119.367536
1533926.385597
1538602.482180
1533769.129920
1538013.081122
1533866.659851
1530249.499219
1532013.064694
1538227.210101
1551280.894016
1562760.283340
1561350.652782
1560201.649258
1568959.001988
1572282.097218
1574550.393882
1572209.519781
1587493.476302
1578275.918327
1572925.355316
1595127.250604
1598112.680087
1597788.370289
1595399.683629
1593427.093564
1606267.499395
1609575.457758
1622675.598385
1614475.232846
1609082.115275
1612560.731918
1615605.444491
1609875.079243
1608994.214454
1608567.632912
1590415.632791
1617846.855935
1623148.956015
1635601.062416
1633115.988114
1638161.282292
1647624.174774
1653558.452018
1649295.458128
1643595.431457
1646484.895640
1658192.459283
1657380.579644
1598362.003689
1578363.857064
1578810.358252
1541212.164148
1503506.608556
1533479.788346
1531035.137187
1553895.121165
1545106.783663
1505814.836162
1408502.015422
1407217.089482
1303119.802966
1353853.998579
1269716.807522
1296542.067489
1266565.100485
1272212.966575
1287048.613998
1242353.871370
1317547.165188
1343554.029968
1371056.890103
1340259.723985
1349131.120158
1378469.903483
1340032.121558
1333614.302670
1399721.954094
1394610.543639
1406055.045754
1423391.602724
1431635.067304
1448239.322507
1455679.743184
1419306.447064
1453922.129060
1463448.769290
1452470.742405
1462390.372905
1459322.593559
1495013.903311
1501870.148845
1461050.182608
1470353.946896
1489968.289280
1480904.993451
1478707.743749
1457158.699070
1461558.671340
1474582.114320
1465235.157281
1482608.567807
1472741.263470
1467644.816061
1464646.570007
1484215.104388
1490300.095030
1489254.805150
1517143.884611
1528153.270917
1543674.327102
1539653.852633
1569109.118067
1579473.518101
1574945.329439
1588637.235873
1539037.657589
1541683.114589
1535030.310220
1557105.438960
1561331.237290
1569410.178671
1588416.966141
1604646.799062
1580297.215091
1576126.523310
1576731.760756
1601859.730948
1622054.594910
1675815.218558
1668945.047252
1672329.909985
1678327.238427
1676949.268251
1678072.657128
1671550.579672
1669758.838405
1671743.041864
1676025.305924
1707895.452879
1711729.610411
1698548.372828
1695427.810820
1686587.439439
1693197.772071
1692635.602487
1700665.522428
1686062.540414
1694038.577051
1698970.693997
1723421.849093
