1000000.000000
999783.840385
996475.116597
991848.869425
983854.492630
977627.432266
978497.815416
978792.909457
987438.413548
994503.385906
994275.294015
993825.953910
994851.570884
998546.616352
998531.253637
1001534.975691
1002562.512707
1006644.194036
1009601.300112
1023192.503318
1027788.738133
1037923.580363
1042063.516903
1050716.673150
1040208.123322
1039377.204357
1044254.038812
1049614.086882
1052393.341639
1054626.503250
1073602.020903
1078019.187964
1083082.051457
1085938.066056
1086317.743726
1087737.227014
1095519.735716
1094052.428640
1089187.357849
1090974.771083
1088565.806310
1090112.072606
1088882.780651
1082032.064971
1084000.825281
1092093.779267
1091243.271422
1091689.518346
1097585.114295
1097943.535135
1093024.143302
1087869.611979
1078989.599145
1076357.377987
1075942.695345
1075634.409926
1069853.897262
1072747.386618
1080513.183830
1086570.525569
1095693.313150
1101140.783326
1103427.786638
1106956.414673
1105630.529190
1112940.870451
1119509.497571
1117955.039857
1123073.400528
1123938.051300
1122946.216702
1115912.913570
1110220.091225
1109062.451542
1114904.771199
1117212.758319
1121852.430423
1126668.561573
1128370.457634
1130651.015596
1125205.850770
1110926.584397
1102248.157280
1108573.965557
1116188.190602
1110216.393560
1110715.734984
1106445.571521
1115411.886490
1121365.797425
1121563.825945
1120690.538455
1126246.846177
1131824.388149
1128456.735970
1127351.350230
1123619.260101
1127578.506672
1122086.893854
1127438.440021
1127672.408007
1131860.835548
1126495.227954
1122772.062514
1126022.692428
1125605.575972
1123568.422232
1121755.207837
1117138.033684
1116783.833133
1117084.451077
1113986.878869
1112361.692193
1114529.605113
1134616.491846
1138612.319439
1142224.327747
1152967.428126
1153050.113696
1157551.252431
1159172.777597
1164616.597399
1158052.885622
1153038.252295
1156225.724267
1153799.668936
1154498.061103
1169220.277707
1170964.342464
1172891.368446
1172823.580116
1176260.414415
1179710.099866
1181582.480916
1180877.401118
1183401.866737
1183310.299884
1180530.706609
1187458.001264
1183915.947134
1176114.875920
1182570.005257
1184766.054746
1187022.103769
1193642.211277
1193665.291655
1193964.490710
1193459.136477
1200393.054865
1185399.406658
1174300.726828
1170211.000879
1168132.780732
1172706.630691
1175097.001718
1170911.862373
1179589.933896
1192979.030678
1194625.698799
1194339.896206
1183382.363859
1189229.940145
1192525.491477
1195833.517182
1194628.558243
1200893.802507
1198244.119428
1192198.613170
1193023.135593
1197959.738324
1196974.503406
1203186.066339
1207058.725615
1214922.229537
1218590.999079
1220675.322623
1225070.292018
1228408.673873
1235263.465291
1239189.618026
1246055.109132
1245964.395111
1255305.739427
1267285.911489
1277731.069472
1270128.171796
1261680.931506
1267833.033899
1256427.246468
1260425.021665
1255551.681070
1244988.500870
1226987.822065
1208971.062329
1188399.703029
1176773.252065
1185584.185206
1193234.470640
1204269.212411
1215108.985893
1221844.860073
1214376.834090
1205675.118871
1199960.755656
1194965.496174
1205381.901211
1209512.108665
1216133.722976
1197597.165735
1191053.534986
1187176.368191
1186304.631850
1177830.606198
1179841.197051
1179128.672522
1167627.161418
1156554.792154
1163805.614648
1165467.676835
1163774.051211
1167442.993773
1180511.335768
1194724.629152
1213818.199624
1215130.426490
1216258.552969
1215218.407212
1206433.916330
1208324.367966
1216151.416680
1216583.603562
1220173.808570
1223210.569675
1230694.227896
1223777.107321
1231836.879606
1242990.291785
1240184.531261
1234932.866380
1242592.057768
1255400.878760
1269130.428016
1271165.861470
1271727.299600
1273102.422766
1271023.394630
1267773.535298
1267706.672128
1270310.435625
1280029.174242
1275419.929052
1268562.014800
1266512.536768
1265916.295832
1261598.010903
1267721.818331
1271091.332337
1274668.936498
1282491.278980
1278182.870337
1281917.639632
1284708.345914
1284450.057687
1291824.385428
1298476.127303
1299376.323864
1303961.195147
1298651.128171
1292051.641321
1297088.352889
1290927.780954
1295395.837622
1275481.501550
1278841.493016
1278657.734703
1277749.287124
1285418.924583
1274116.960198
1276201.735007
1275863.154988
1285062.877031
1299859.486469
1304276.666875
1300587.383171
1313863.976440
1318278.365214
1303004.716315
1309401.560488
1307976.759134
1313285.298034
1327136.997706
1331404.078059
1329728.876532
1335454.498346
1330069.427498
1328940.913864
1332475.852485
1343021.848607
1337876.667728
1337262.737112
1345405.401611
1351252.254883
1370448.398546
1374367.498594
1372632.964342
1363064.649080
1355135.239146
1357163.419838
1350774.985865
1347637.846503
1354923.492500
1357974.564494
1366099.423211
1371198.842316
1380824.164508
1377535.326935
1374143.784850
1364935.342702
1363865.023638
1342702.993175
1335199.561740
1334224.215020
1335169.628584
1330563.996815
1341287.172090
1346789.109293
1340298.850275
1344017.723833
1346529.629901
1370781.726021
1378555.205719
1381365.161858
1386711.445755
1377681.851952
1326500.077615
1332795.595907
1320669.490567
1291191.644110
1299943.907348
1303860.227848
1321388.393792
1318744.947553
1320174.435261
1323809.842963
1314881.608033
1309152.814375
1324591.861134
1315406.592023
1320343.303760
1322479.935743
1338588.641940
1331715.357887
1331968.294186
1336584.755174
1335872.144723
1350355.399527
1341355.807043
1327265.676040
1327823.469010
1316302.484008
1329267.078371
1334410.605907
1332624.221483
1318056.593956
1315328.189932
1316919.412054
1319997.743961
1338344.046793
1339414.513883
1345030.322799
1349565.970652
1347633.560721
1314339.781601
1317020.218278
1317240.670538
1325732.704257
1332376.798877
1335104.384060
1324525.333649
1311503.527850
1301378.557072
1302465.523057
1285900.373630
1272506.577794
1258633.220596
1266616.386229
1281702.075521
1276038.484627
1265400.763173
1286439.325001
1288556.666798
1290423.092700
1299410.367204
1301666.934588
1297211.105610
1281633.413029
1303186.266723
1297504.201335
1297532.204003
1305162.148934
1297380.814896
1288067.763745
1290527.706309
1292251.746084
1283321.641199
1291223.020165
1308668.654065
1320188.534427
1325750.896085
1349345.174664
1351348.614195
1351726.014914
1351670.525297
1342069.926098
1346469.309144
1343015.021143
1348624.891055
1368477.121212
1359533.164503
1359515.570960
1355668.475541
1361153.382771
1361221.738155
1364899.461581
1361177.018955
1356349.129604
1364502.303665
1369971.572949
1376328.498750
1380283.446143
1384992.345964
1396102.544401
1396870.083453
1401478.389562
1393931.992368
1381788.982301
1390849.316135
1392164.484683
1403163.421051
1425293.070858
1433890.499617
1433764.210232
1424417.596812
1436783.363365
1434853.684005
1434114.932646
1427326.912292
1425115.247543
1430342.588046
1444382.460745
1447365.449877
1456114.098965
1451873.877003
1449427.487785
1447004.453740
1416373.188880
1412133.901396
1404664.600510
1409973.017381
1397559.114858
1404091.785122
1416027.799699
1426783.978726
1421060.091511
1425630.909085
1424733.732633
1423716.282633
1412351.559500
1418316.464783
1417828.491569
1412386.295855
1418802.390968
1412465.262893
1415631.532783
1418721.232610
1432931.580918
1460372.727993
1470137.225803
1462129.971040
1462841.693477
1461930.829408
1462682.036786
1472966.052661
1476601.787934
1490652.593934
1483875.115029
1489136.945824
1480796.798581
1478496.038382
1478621.258702
1474241.952815
1491786.029263
1498981.602077
1505198.692860
1498098.528228
1488428.917787
1485374.475623
1488425.851063
1488332.808862
1491565.639692
1498218.222421
1499620.320470
1494950.924091
1486913.822143
1489574.541001
1495051.737748
1498930.879198
1498153.778733
1489190.861943
1491376.039535
1507708.227794
1509662.745606
1498017.379285
1489370.386962
1476558.196531
1451676.788280
1446865.981332
1448085.873496
1470607.211929
1467975.609476
1477454.099126
1463921.522976
1461890.958491
1477063.300398
1471960.527558
1478007.733903
1469715.649203
1465185.496119
1465222.468379
1467349.096574
1473277.408852
1479523.447930
1479267.201362
1485038.005897
1483617.322473
1484147.736041
1477708.511189
1479663.388538
1482608.319229
1475789.188951
1475484.568821
1479434.032706
1477826.017751
1484929.239195
1486499.769786
1481707.841608
1485503.922149
1500396.976106
1501033.226312
1502856.256958
1486329.643138
1484317.861297
1480330.953725
1488863.211656
1486827.182698
1484545.948134
1494799.010923
1485693.659659
1489105.265765
1496300.633985
1524740.659245
1535834.438464
1544710.315311
1556667.016400
1546341.647180
1549276.938739
1557838.313979
1559347.628402
1564671.015926
1567330.074027
1564517.575338
1557098.663833
1567180.298970
1561628.836754
1563354.038764
1564365.220871
1565996.412367
1557232.329446
1559004.362362
1551538.712478
1562349.376099
1558559.172721
1564664.761132
1554155.398652
1549123.840754
1541862.976835
1544975.326801
1544216.032482
1556587.876831
1551124.467812
1551305.141562
1554614.403760
1557739.007538
1567084.828583
1586258.876161
1588039.456048
1592987.643589
1608103.761716
1609382.338598
1613621.235699
1613638.412533
1617183.851572
1606902.387543
1598770.461154
1613022.432762
1622868.112704
1620137.656075
1620129.241361
1627927.165221
1633330.121211
1634704.234225
1651036.478062
1649293.121544
1649753.469743
1650207.567933
1656841.226355
1648516.946063
1647228.576933
1641728.203754
1633942.571291
1670736.085865
1658621.118006
1663625.609837
1659298.807317
1665996.479533
1666145.442344
1672532.669255
1664702.867712
1662607.353650
1670729.234638
1684428.502692
1674882.156249
1617614.963265
1597847.586960
1598542.745453
1561523.875344
1519408.683316
1563812.684133
1563624.904011
1588302.852407
1582294.708308
1540209.081927
1431758.101702
1437063.179569
1325534.320930
1356551.967358
1270722.124851
1301916.073339
1247505.667403
1262211.720200
1288139.076282
1244166.626987
1334399.109644
1381343.839600
1401294.087659
1362031.191008
1376691.837267
1412097.663591
1378753.722476
1379152.873757
1448905.885319
1434738.039801
1455909.415239
1459851.914547
1469332.292003
1500118.815354
1499090.679116
1458678.120986
1498536.694330
1510318.849350
1499247.447479
1520620.372161
1521966.793672
1551217.193754
1539974.021698
1516280.829545
1521049.867676
1541098.192413
1537064.714952
1529405.500690
1496361.175940
1504247.094198
1531263.755406
1518361.712894
1535789.236395
1527230.627025
1518793.488255
1512720.630539
1532078.902371
1541779.094349
1532393.882939
1559766.938919
1571903.348586
1590159.798738
1586653.252202
1606253.216650
1620653.755163
1606000.699341
1624951.479725
1575543.300805
1575327.502130
1571261.912473
1597317.334350
1602152.718191
1606656.695445
1618372.414459
1631321.093094
1602345.718007
1616609.916316
1612137.013572
1629790.007594
1656097.995933
1714231.841474
1704289.646193
1698529.647265
1688350.175270
1690719.385515
1697000.249032
1695222.384017
1704809.828901
1690029.941753
1695679.097617
1715621.342935
1716286.468521
1704477.053203
1698546.215131
1680557.012727
1689602.357476
1696465.133862
1692708.178191
1668392.851685
1656993.392709
1681878.023374
1701931.022126
