1000000.000000
999783.840385
996475.116597
991848.869425
983854.492630
977627.432266
978497.815416
978792.909457
987438.413548
994503.385906
994275.294015
993825.953910
994851.570884
998546.616352
998531.253637
1001534.975691
1002562.512707
1006644.194036
1009601.300112
1023192.503318
1027788.738133
1037923.580363
1042063.516903
1050716.673150
1040208.123322
1039377.204357
1044254.038812
1049614.086882
1052393.341639
1054626.503250
1073602.020903
1073547.270556
1064328.414304
1073493.236052
1067645.779154
1066822.695925
1080715.259882
1074258.636996
1071052.998651
1074020.177114
1076360.202936
1074673.919270
1068684.160681
1057019.141687
1057172.039382
1063992.370286
1066046.168614
1066731.702671
1068392.208202
1069060.317771
1067666.838889
1061466.693520
1062169.655098
1060274.824499
1064110.366334
1066000.638052
1066930.921849
1060371.054826
1075527.821668
1084530.345987
1085677.831965
1091032.166461
1090321.122336
1098781.574668
1096229.780382
1102995.785039
1104864.423869
1102688.537577
1110885.510168
1117648.053225
1116210.387760
1108365.041251
1110759.435075
1117790.358227
1128800.371493
1127371.915320
1120642.794099
1122845.094309
1125862.930735
1125248.803758
1123891.174410
1113579.898759
1101320.983335
1104992.976939
1108889.802449
1112523.418203
1100565.005439
1090533.615864
1098017.793142
1106933.333753
1109275.352389
1116673.793565
1118272.254439
1115973.239904
1114999.960176
1113076.441834
1106501.919970
1105126.751974
1099254.650402
1098100.276938
1103250.903827
1105804.281183
1103111.795593
1102381.715782
1104441.361499
1108061.535301
1106584.372265
1110001.015226
1105760.932573
1109376.259668
1111810.496720
1107639.816687
1108773.847779
1109911.271965
1125955.206036
1131860.363529
1134209.968394
1141208.126788
1144393.902499
1152830.393201
1152915.236206
1152670.806552
1156132.289604
1157448.724104
1160186.247280
1175543.288187
1183859.984824
1206444.430775
1208978.514824
1210762.346683
1216163.204416
1223360.176137
1227708.947536
1235847.179872
1246902.272546
1245554.215623
1248609.367271
1257148.296343
1261457.905605
1255280.353641
1246421.853695
1266201.753912
1265498.159994
1262865.072735
1268904.184009
1269292.757261
1269983.334417
1261295.472525
1263791.882290
1254089.130297
1239299.182374
1229490.179733
1239250.951516
1244364.323426
1236887.632799
1232728.708263
1242969.242568
1261289.516717
1259070.220064
1260256.023216
1251524.771821
1251330.433919
1258634.142939
1263639.048773
1270085.480953
1279767.108948
1285109.839861
1270584.831539
1277876.191965
1282939.320322
1283024.882773
1285564.285228
1295261.613100
1298426.989678
1302044.588929
1311202.760307
1326259.891957
1332632.325165
1342043.847528
1357085.017929
1366204.796802
1368577.126131
1372981.372345
1392742.400378
1406253.293477
1405158.654351
1393473.497522
1391531.814369
1378338.558384
1377405.889630
1373215.973337
1363572.033065
1349990.296288
1310097.989819
1303620.844208
1277109.953722
1283837.250269
1291812.301100
1318554.462585
1326038.069281
1326745.092990
1320389.391666
1314160.197245
1311309.984375
1295754.167004
1308338.095899
1314583.433698
1321271.926612
1300895.047175
1296474.289670
1299372.587093
1296195.329883
1291705.887446
1300081.573800
1300775.679310
1284864.844266
1268666.338328
1270717.784042
1276279.358811
1256997.242420
1259386.971136
1261267.380687
1275799.291390
1297967.819588
1303321.530755
1313856.480284
1312014.431258
1295617.670948
1290937.946062
1298724.673165
1310803.483308
1324943.422495
1330296.794512
1335957.125591
1332629.842455
1333786.590341
1332493.750709
1344126.026602
1342424.102922
1345622.240624
1363228.882577
1377334.703559
1377716.171125
1383604.286496
1393267.348702
1396945.202874
1387428.804805
1386567.261558
1396226.121153
1406606.339405
1405192.599285
1389325.747696
1395313.551452
1390420.902356
1385264.413478
1382462.575806
1397804.190688
1395361.209666
1411461.330171
1406668.764397
1408178.430584
1416389.859079
1412776.565795
1415668.674277
1423148.190331
1427318.832789
1432340.345907
1433675.277879
1414334.118706
1414639.119455
1407116.714101
1418210.713257
1403028.359899
1407745.293787
1404204.918857
1402837.855298
1414668.700452
1402160.228975
1408636.765374
1396737.189548
1407310.640912
1425511.322368
1428160.719112
1424960.895848
1431319.965908
1435591.045644
1426127.616355
1428320.727182
1425861.278801
1430331.355632
1449755.080320
1458370.959430
1467549.592012
1470029.630916
1462724.200501
1463229.225807
1463805.593255
1470501.470839
1460178.785595
1446486.671517
1453672.864181
1459600.169155
1477533.901446
1476692.133842
1489036.209660
1481429.842949
1478316.072639
1478464.578776
1465587.292204
1467605.191454
1470039.123322
1478928.589813
1492792.956606
1493716.014979
1514704.002389
1513554.193410
1515695.862176
1509469.991139
1525969.420843
1506256.857091
1494690.707204
1499972.384768
1492903.830551
1492484.639765
1493217.427949
1510405.933178
1501548.513238
1506512.872487
1518472.305437
1537795.573864
1561784.837965
1562211.488908
1570717.081156
1575636.588973
1527799.437349
1538176.405860
1519947.377702
1468920.982688
1481411.091199
1486714.900365
1497886.779873
1494375.078625
1484667.236729
1494821.208170
1451691.397715
1444299.583462
1447496.888102
1425285.692420
1438677.195403
1441098.156690
1479737.681602
1465535.765432
1471291.434075
1466243.330455
1469260.416739
1476956.291005
1450666.777195
1446678.605494
1447173.033625
1425574.228441
1440639.586127
1441854.898554
1442085.011386
1418561.810076
1410842.643097
1405511.797065
1413143.184309
1441691.670072
1435396.358063
1441339.741945
1466363.190344
1471290.713386
1429077.526997
1436816.982853
1423592.424810
1433692.739211
1443448.878352
1451724.984968
1446058.185195
1437231.418494
1423798.348506
1413333.384885
1397173.912391
1374573.442701
1375489.055515
1370865.014792
1383324.599959
1391842.431058
1381019.498343
1395591.239294
1401144.844207
1403404.014753
1415022.505960
1420757.608921
1418025.112807
1410607.389404
1440287.776843
1442457.693698
1439229.848307
1456427.942356
1447903.293627
1433879.807249
1443592.975725
1447850.809729
1439812.685898
1448314.503739
1460890.895654
1490046.950802
1493382.473745
1519033.979283
1513550.123767
1513833.896256
1504472.179030
1492297.171427
1501720.737435
1495724.622777
1505250.778171
1545054.921871
1529217.441362
1531671.906477
1525350.574839
1544839.672340
1544197.842942
1546847.669919
1534765.144095
1518147.698781
1527247.087069
1529992.174660
1542893.729720
1549443.028107
1565003.758689
1577615.536297
1581560.542778
1588695.147849
1581515.806248
1559141.221653
1560463.108798
1566166.668683
1579746.130912
1622314.341010
1633854.691066
1633261.958964
1628319.437530
1658610.141769
1657128.194874
1657185.732057
1641026.566989
1640261.980056
1644407.622113
1664549.341940
1661598.154598
1682710.299365
1680995.000107
1669039.378298
1669214.891464
1620517.904310
1612475.668143
1599902.230524
1616854.581163
1601718.620852
1602786.472840
1621389.230160
1637071.521566
1627255.758059
1631777.886983
1626587.906703
1621521.819881
1599477.276578
1613355.471153
1630133.953759
1631847.054601
1639384.065911
1639109.751441
1648213.922120
1636407.178624
1633288.266496
1668380.635553
1687963.803169
1675184.273605
1674293.848477
1670448.385989
1668990.632257
1686327.745382
1695105.017246
1727487.599596
1723658.053010
1725411.856200
1716640.134857
1715622.760831
1718179.699043
1712443.972962
1736654.833915
1738841.808871
1724789.434514
1713100.038074
1698160.451320
1690564.395331
1690114.640973
1692792.539854
1699008.445618
1718373.718222
1714048.963756
1710026.058974
1691788.844974
1695245.617977
1701192.044056
1704293.787231
1699653.019232
1711086.485600
1712106.006271
1724716.276100
1734343.698310
1732351.376302
1700961.596975
1684620.174690
1665234.872009
1657836.041229
1653845.638799
1677965.982505
1672897.203400
1669571.742917
1668031.978098
1664768.007661
1679251.844557
1681125.437700
1686229.052809
1683140.304968
1687488.373508
1678068.101085
1686625.211592
1689253.032473
1698773.730683
1695321.326454
1707075.881541
1713114.948270
1714112.082392
1711925.128152
1705957.213414
1709742.146340
1726024.998060
1711199.789144
1720034.611769
1708993.724519
1714399.368258
1698488.392923
1706554.043681
1704252.376976
1707884.639932
1708707.316635
1712124.039680
1687076.434765
1680974.855513
1697967.653440
1694855.139961
1690665.779569
1685993.417625
1698497.154078
1691058.432439
1662071.305307
1675794.878867
1672889.112788
1686009.455720
1694075.291316
1705826.252085
1709942.614150
1718465.668431
1740642.943887
1740662.992970
1746507.900808
1750152.298936
1736784.852487
1725708.551075
1727891.429853
1732774.878181
1734050.469306
1733513.862429
1732374.137409
1723680.968713
1722774.750456
1704090.128836
1714165.328970
1702907.533133
1706234.095900
1688576.307444
1680625.643914
1676257.558569
1689552.052257
1695956.376031
1706529.341824
1693513.201135
1686466.469136
1692276.159602
1686551.789944
1707569.895716
1719665.522854
1745380.001213
1746867.514688
1755662.559468
1754046.592181
1755451.184942
1754869.113775
1759436.639286
1756614.864690
1747848.357804
1757670.098259
1769971.583800
1770955.773234
1762653.277412
1762836.183623
1768233.136196
1772425.969208
1791707.202303
1788670.127439
1782687.540300
1783644.931872
1782464.993199
1760485.340389
1759171.413297
1754847.002277
1668123.736423
1706870.964895
1721780.987155
1721670.300817
1719210.992831
1714404.679714
1724528.614963
1736299.778380
1726589.160588
1721895.832067
1727391.040602
1733706.243795
1737035.507304
1684429.407464
1673251.931206
1666958.761861
1641067.114399
1580733.313448
1616723.902217
1623593.957676
1646108.382335
1651520.707083
1609685.570772
1487258.428615
1487731.295029
1370434.909686
1396715.530489
1306945.340998
1295852.873090
1244639.909437
1244836.066367
1294878.945787
1239833.207644
1346950.039293
1392790.619284
1416092.746936
1387757.461061
1380763.688025
1416248.623408
1370121.684476
1358066.650896
1426857.292980
1406766.721463
1426627.679418
1396622.713210
1386813.737794
1428822.509808
1433327.848377
1389787.352899
1421450.141445
1459385.725406
1428077.924458
1446273.685731
1457682.339294
1493567.591507
1499304.445111
1457735.855718
1459933.522985
1474506.137274
1475751.326489
1470597.609107
1433736.024706
1431553.448626
1463043.108480
1461021.346134
1472289.800601
1467064.476518
1458778.656373
1450477.877707
1480522.273789
1482269.830332
1465518.079234
1498614.790836
1523822.858812
1540591.200434
1542863.674665
1571142.653613
1588379.693490
1574239.567172
1573500.601437
1522381.976139
1521681.454943
1501535.972080
1527203.281889
1523392.972952
1531067.465682
1534142.021482
1553455.602390
1528880.008785
1542028.173453
1534514.265790
1552636.180650
1584977.783875
1647647.983344
1659701.737234
1646983.244524
1639183.399884
1627406.799279
1641675.730067
1631729.125289
1654506.868083
1663575.114409
1658941.105806
1682463.185141
1697049.331417
1676445.626992
1659892.008891
1641628.863011
1644746.867174
1661571.862268
1661944.014209
1641548.712686
1643518.310924
1650263.258148
1677060.939364
