1000000.000000
999783.840385
996475.116597
991848.869425
983854.492630
977627.432266
978497.815416
978792.909457
987438.413548
994503.385906
994275.294015
993825.953910
994851.570884
998546.616352
998531.253637
1001534.975691
1002562.512707
1006644.194036
1009601.300112
1023192.503318
1027788.738133
1037923.580363
1042063.516903
1050716.673150
1040208.123322
1039377.204357
1044254.038812
1049614.086882
1052393.341639
1054626.503250
1073602.020903
1082371.349477
1085577.308535
1090165.462954
1091254.920392
1094682.571566
1100371.294475
1105273.812227
1111910.210902
1098534.661075
1097199.485636
1103695.216691
1104178.211327
1097362.834230
1096965.520325
1104383.363347
1106978.785137
1113995.469677
1115856.851988
1118351.096787
1099219.889100
1102460.182941
1092892.591321
1090117.035688
1083330.448821
1084517.420847
1077415.814546
1082857.671486
1094608.311228
1104698.949454
1112925.743995
1118100.290450
1126688.902016
1130703.237781
1133823.429807
1136137.079547
1138906.548377
1138743.562811
1150201.953720
1147472.176288
1150692.272929
1138547.480469
1139138.241548
1135456.626823
1139170.881824
1141176.106255
1142856.211158
1146069.165955
1148512.417924
1149653.441781
1147265.410656
1133298.369092
1127752.099517
1141431.205787
1142912.667048
1138100.610796
1125746.952161
1111880.687221
1122638.403964
1133211.859880
1133235.435296
1137161.875986
1143544.015687
1147535.169824
1147910.912595
1140802.038378
1135748.920775
1139260.276701
1130160.339555
1140246.961066
1143422.993320
1150052.004720
1150106.878104
1154618.006418
1158714.902934
1156377.177975
1154695.227480
1146679.113816
1134062.121523
1127519.617788
1130532.464324
1127449.715778
1127571.590421
1132720.433785
1153218.870865
1162511.117606
1164438.639636
1171990.205392
1176894.553020
1180028.255813
1181283.337967
1182493.379175
1176856.319943
1171836.668083
1174224.138795
1187238.507024
1195994.955840
1223802.748679
1223132.466810
1229007.173665
1231207.638168
1222407.149067
1232327.473659
1232380.081504
1236512.910466
1233338.205658
1234487.405212
1246140.030393
1249745.233198
1246192.339277
1241659.491981
1260313.125315
1259957.859175
1255545.065724
1270582.228066
1267669.023059
1275741.732974
1273941.898608
1271976.884644
1253411.067392
1247610.494636
1235291.869086
1230959.131595
1237187.929130
1241992.163906
1244648.272988
1254219.278421
1269328.875668
1270819.113190
1268074.182319
1267243.414660
1275850.536375
1280336.726344
1278801.347198
1278998.756648
1281729.267611
1280106.841548
1266916.920131
1272940.204730
1266817.830118
1275686.745592
1280942.748287
1284749.059717
1289905.897069
1306666.307772
1311545.724003
1313877.983766
1320746.907599
1331560.478836
1340524.409657
1354068.389595
1353602.063297
1360794.099728
1373027.207433
1388793.837962
1381283.723843
1375878.938226
1383069.707671
1373738.274085
1384937.869212
1373335.339326
1352391.884200
1326293.546504
1323561.777180
1294120.832767
1286354.929723
1295895.557856
1315703.941802
1344810.772668
1358757.480415
1367606.404899
1355922.837529
1346785.976832
1331044.001740
1325894.327635
1339822.349217
1348373.536829
1366530.587635
1353704.224910
1347204.735635
1346939.774016
1340700.062972
1326574.989821
1330709.929719
1331113.916568
1310496.160996
1284783.640876
1305142.698277
1278069.888137
1252019.565450
1256742.813138
1272334.293908
1276068.529971
1301955.412929
1297060.707486
1303288.206312
1303870.062141
1292262.230512
1299006.517728
1303796.630159
1310779.596633
1301084.179824
1298323.558664
1293114.928084
1286204.649472
1296771.842936
1308804.201108
1308104.112691
1300476.341631
1310058.562054
1336360.676995
1347179.242708
1351863.664214
1351980.371310
1353360.424895
1341402.437984
1335571.923656
1329533.509787
1323897.884272
1334206.648869
1329263.521598
1331064.244249
1334909.850761
1336923.987934
1336074.793961
1339402.807024
1345375.571043
1356125.779904
1373022.198159
1371647.092641
1387034.794911
1387353.453897
1387032.342096
1395130.059964
1406776.514284
1408889.565610
1420331.712672
1422056.039068
1407613.933240
1419258.502715
1407907.555187
1400679.001765
1383041.094595
1386781.564824
1371958.342250
1377159.623397
1385091.046560
1380119.045205
1367091.941289
1360554.122269
1370521.329260
1390619.300003
1396371.900805
1389665.258047
1405056.035116
1410570.225961
1400603.864123
1415109.555079
1411633.152813
1411307.233871
1423938.620472
1424520.272059
1430387.366290
1446746.233234
1443464.740206
1437421.681208
1429809.245118
1440149.771388
1437476.231072
1461560.093330
1464357.203879
1468450.442014
1496254.453123
1495875.748990
1501372.855561
1493985.102750
1490952.289726
1495138.434204
1477280.668811
1461060.531172
1464143.431618
1476948.456092
1490235.498035
1493864.387914
1508733.445840
1511206.057021
1508578.638009
1506029.396426
1502073.944892
1477988.318075
1471045.104946
1465666.604416
1475256.009440
1474762.501079
1480108.075341
1492955.181784
1477436.280235
1475303.574185
1483310.537929
1490222.129751
1501200.964574
1508081.084039
1512287.355667
1495970.578912
1439010.161952
1447225.696969
1418641.054681
1387275.905497
1419095.226762
1414821.897688
1444848.476458
1440599.819227
1417612.506693
1428000.357336
1423833.569562
1397168.445907
1431910.027324
1417148.763834
1412967.462683
1414024.995880
1448719.460747
1451555.866089
1458089.277080
1450361.925371
1452406.133135
1476018.814586
1455341.076781
1426877.640557
1438440.031985
1430206.782461
1447626.355481
1439633.096358
1420139.049162
1402883.306792
1395250.473455
1405903.939050
1411241.198013
1443264.010898
1437235.348260
1449177.070461
1473887.695634
1457645.504297
1443616.743696
1430410.824839
1428610.973089
1433791.440657
1443065.148554
1455694.463322
1437577.602474
1415300.179110
1411505.240039
1397239.689848
1373834.811897
1347448.945552
1325038.550409
1361138.963081
1377008.521794
1374140.849250
1350414.470424
1384852.236336
1401650.268828
1406673.384045
1417700.202680
1422180.792177
1423977.623449
1413645.397095
1445504.546588
1449737.243457
1451861.439890
1446627.921806
1434434.494183
1425260.117572
1435592.490470
1444030.648374
1421065.330969
1415504.527107
1440939.981146
1459842.533788
1457151.755710
1467517.149429
1472380.268659
1466245.973999
1465445.945357
1464210.143068
1468379.229662
1462042.105483
1472909.571934
1498414.305299
1484812.340410
1492125.624396
1496635.874058
1500713.920257
1494325.159023
1493272.189169
1480818.102704
1476780.115986
1500803.026566
1503699.882269
1520373.158104
1522924.825211
1525549.162418
1532341.341050
1540231.845718
1553013.725195
1539600.933833
1522662.176098
1533597.204643
1537916.009886
1547940.915863
1586351.406279
1587393.416821
1592116.669004
1577499.242204
1592035.418016
1589304.597265
1596128.890497
1585104.117765
1586381.683179
1578962.290112
1599314.759519
1603945.367579
1612427.972466
1609351.437931
1596426.139913
1592278.679923
1565025.226420
1552072.865253
1536589.622083
1546805.009350
1513856.940463
1523047.372249
1537107.340879
1550375.519530
1527641.014351
1523728.502408
1523608.009319
1513242.407861
1501021.674105
1507158.075539
1514292.039423
1507750.872970
1510154.115079
1497099.030580
1481939.657288
1501793.621324
1515722.913033
1550418.783933
1565468.754971
1552776.738397
1560601.472392
1557117.355359
1563274.897768
1580138.706351
1585560.999427
1601527.156238
1599756.579200
1600500.244597
1586632.055884
1589974.391379
1594707.086374
1594055.902508
1614152.252803
1616247.114836
1622260.240295
1616252.768173
1600601.583573
1602879.709901
1616498.946180
1620408.191255
1631188.231881
1649276.706255
1648936.761504
1649391.859294
1641651.934586
1638644.155446
1644287.476756
1651874.083007
1655454.247600
1628772.325743
1637784.457802
1647792.749692
1647723.223128
1634286.410413
1615227.869609
1603657.560050
1567604.858710
1574377.077962
1574687.378269
1603445.315323
1596489.536211
1606942.049673
1588153.978622
1601977.429175
1625617.698643
1620332.045216
1622128.236915
1615554.063642
1597050.538724
1603296.978617
1606745.693631
1618105.077177
1627191.863855
1616828.413046
1624979.314386
1647706.342875
1649374.079539
1648920.119748
1658985.548327
1667055.716570
1661309.459795
1657908.131866
1663963.250608
1659436.177658
1663926.663801
1660243.104472
1649698.197299
1657162.228712
1669395.496107
1662940.263345
1664171.055407
1660818.580329
1662115.759967
1680931.113933
1685095.052151
1694250.323142
1693818.708441
1703997.376003
1688973.652907
1663826.565646
1669476.581850
1705474.374924
1732254.097245
1733415.480312
1740216.678408
1745784.118205
1754607.110439
1774559.547186
1771426.069540
1782422.457258
1792493.171069
1790378.604008
1788628.698826
1786743.220643
1795992.575164
1801295.599845
1804863.042825
1813826.746858
1807909.148080
1805301.814651
1783254.718421
1800164.732606
1797011.881022
1802915.523777
1790690.554237
1785664.430434
1783550.988006
1790763.302916
1790551.555669
1802736.949961
1802668.590811
1806535.316613
1814366.771520
1818860.059256
1833383.938574
1849664.376857
1854614.795453
1861451.937216
1874012.678958
1879307.629111
1883433.258570
1882529.409696
1898922.624629
1885372.809574
1883242.352855
1904239.187492
1904997.602537
1904097.359974
1909973.598034
1917062.084869
1932280.244645
1934394.731497
1978056.261802
1975372.040976
1962486.977714
1968066.849013
1973691.108883
1978590.019224
1984813.361506
1986056.041045
2032720.798270
2101715.969337
2070427.997751
2088423.994352
2086716.710094
2104003.171960
2112689.011484
2121661.266363
2127713.972980
2133979.242340
2158559.636581
2192063.503119
2184166.980899
2093981.380637
2063607.571715
2055657.568646
1983234.024153
1951051.649656
2018809.472617
2007732.360690
2040533.937635
2017977.603447
1972107.025193
1842493.838764
1857765.226532
1723313.859197
1789298.222326
1628233.425364
1642680.405057
1572717.826443
1605438.247105
1623245.095810
1563229.520277
1684963.323292
1724847.309053
1767112.181566
1741031.128629
1743493.413333
1774935.821258
1709613.544598
1696707.554084
1812297.845063
1812383.534067
1833782.249745
1913067.156411
1933774.207406
1963917.613782
1964925.062160
1896593.101852
1954625.759543
1965788.901518
1962454.009900
1998361.364130
1982265.916702
2036746.933353
2055779.109352
2017337.324662
2025934.204370
2063059.004189
2044809.325579
2042129.691600
2022192.022410
2028552.617875
2040681.218694
2035197.647117
2056652.335496
2048986.547297
2041494.441878
2036091.477116
2061244.178706
2066659.136083
2082881.586116
2123973.824460
2138307.951821
2146161.655915
2136481.480061
2167205.571334
2195583.643380
2193397.254798
2233901.455224
2163338.600855
2161066.362067
2166818.198660
2192671.746178
2200145.739184
2218179.061464
2243934.376421
2262701.681342
2223836.831561
2231732.554981
2264682.254231
2300900.049714
2353054.292234
2452405.536927
2465804.533129
2470341.514237
2492131.815625
2512753.232582
2499406.511132
2492875.928903
2502351.282953
2502441.686114
2511039.452232
2595281.866751
2585904.918822
2585898.854600
2553065.336863
2524942.547179
2559866.017555
2545051.389636
2556984.649768
2550063.541125
2545869.928963
2569399.841363
2593559.833434
