1000000.000000
999783.840385
996475.116597
991848.869425
983854.492630
977627.432266
978497.815416
978792.909457
987438.413548
994503.385906
994275.294015
993825.953910
994851.570884
998546.616352
998531.253637
1001534.975691
1002562.512707
1006644.194036
1009601.300112
1023192.503318
1027788.738133
1037923.580363
1042063.516903
1050716.673150
1040208.123322
1039377.204357
1044254.038812
1049614.086882
1052393.341639
1054626.503250
1073602.020903
1081590.026000
1082084.399705
1084293.747954
1082606.689373
1085793.731603
1089086.481985
1088826.952338
1098960.178921
1093656.364001
1090340.873155
1088692.656555
1083882.045610
1083301.143595
1087085.003774
1102240.450158
1100176.124642
1104286.921152
1102944.396545
1098253.239564
1089978.730723
1088665.438134
1076443.588570
1069884.526051
1068260.118616
1075995.364060
1076843.924450
1085086.240748
1096898.903978
1101105.785080
1115132.421592
1119454.878304
1126361.848315
1133135.051867
1131570.658811
1135775.613874
1144440.835240
1141073.742252
1138461.366335
1140796.024509
1144918.436840
1136987.149849
1132346.627440
1132287.374788
1145377.877608
1150009.607547
1151518.931224
1154489.847877
1166533.030233
1165536.219566
1165436.878755
1141453.361818
1120812.294186
1140306.064397
1142276.050680
1133485.122073
1134990.541748
1131984.813099
1145274.433686
1151239.097802
1149518.788097
1151497.807873
1152794.412055
1162810.767272
1162756.408185
1157347.953798
1157297.737264
1159909.385772
1152194.279065
1160455.671031
1157635.368340
1162597.266244
1152085.623532
1159114.563878
1169029.318362
1169616.634535
1166287.855738
1156823.670063
1153288.507711
1147031.113925
1150476.921865
1151803.244360
1151360.498423
1159378.260380
1182366.247452
1190379.316311
1194419.425582
1204965.129866
1208309.844532
1214575.697818
1215838.303534
1222512.203969
1208578.713122
1200027.561084
1206451.684587
1208233.498493
1223381.522773
1240939.479833
1246650.211280
1256729.142848
1259272.727413
1261757.281737
1269711.749862
1271091.108542
1272822.071010
1270568.371440
1267328.818203
1277372.397315
1275239.960609
1273516.546728
1258054.247808
1267954.033420
1269326.142680
1275575.264552
1288227.405090
1289439.805069
1294328.923691
1285895.919925
1287467.931787
1259526.848295
1251309.571088
1241494.862702
1233535.105101
1240613.707163
1241524.106195
1240602.967433
1246118.140978
1259267.231765
1257679.861012
1252597.437652
1244642.960028
1253280.036924
1265322.103443
1265655.486003
1262720.230701
1269952.682248
1267362.362321
1262299.773031
1261043.246087
1257654.061120
1262122.605678
1276876.055330
1285248.067254
1289979.375156
1293060.983358
1297386.930620
1298891.890025
1303479.814339
1305798.471288
1299573.185323
1308192.324386
1306213.177448
1319098.462856
1325614.847524
1338016.120111
1325742.597095
1316546.642915
1318869.873412
1308762.611547
1312502.796142
1307444.499976
1290504.942985
1260736.641238
1259093.802664
1233566.721922
1227211.796076
1237541.579128
1256382.181820
1256115.646338
1267818.980212
1278411.437085
1267555.933393
1256434.777907
1244841.267532
1247552.738115
1262774.442540
1270786.419941
1276384.297662
1262493.385095
1258828.414058
1255726.994755
1260493.558368
1246348.121291
1255692.749472
1251960.581158
1239350.742533
1218786.868772
1233156.844043
1223225.680216
1220503.348767
1226520.254904
1233414.249649
1237898.757483
1259596.151051
1257696.203814
1262363.076965
1258442.873880
1248521.235602
1254051.197197
1260638.631070
1251338.525296
1245280.707248
1244624.698648
1254785.795996
1246331.513755
1256060.845871
1265512.513350
1273021.352948
1274815.820363
1288669.015795
1308704.174511
1327605.670909
1335540.629883
1331606.514854
1335361.939034
1325982.933363
1319850.031957
1321007.495601
1327508.842178
1334924.984015
1332757.616982
1328513.417647
1322986.360962
1321818.683626
1319859.980074
1325966.100935
1328201.032241
1334587.815076
1347983.823925
1349217.290143
1345006.469329
1347899.589436
1344930.238263
1347450.130072
1351619.253899
1349127.734642
1351291.709601
1341667.823256
1327451.922112
1331850.948782
1322120.142862
1328262.718550
1300780.256121
1305061.592186
1305925.482067
1310764.762269
1313483.764303
1304637.831199
1309479.731308
1311117.998377
1320240.143059
1335621.528423
1342340.226400
1322926.361260
1338707.321303
1337903.183004
1323463.116305
1331257.402490
1331462.925561
1346131.289847
1355066.927793
1352185.545365
1355346.306142
1360288.619201
1362183.782970
1362547.327065
1360511.031705
1370449.691845
1368540.335330
1364662.891405
1372994.830541
1381392.907588
1393768.492692
1400933.732479
1401365.710820
1387893.079129
1384646.530238
1391363.351052
1380495.790637
1374074.892009
1386713.155202
1391933.615599
1411428.486211
1419088.612478
1430010.974356
1429777.685511
1426741.622123
1419254.629782
1427376.747339
1407697.700110
1394749.582884
1394895.151536
1392764.885517
1395398.276222
1398571.109378
1410491.496746
1399083.660311
1396228.883066
1396430.497631
1410615.939994
1419818.151193
1422129.497000
1430837.728582
1441942.234850
1385857.558429
1390911.618208
1367753.114668
1328988.586824
1349997.111766
1343264.859558
1361412.899245
1357693.313713
1344255.879966
1348963.884727
1327140.066002
1303660.878909
1320867.509335
1299611.512140
1288767.870522
1312298.207516
1333605.321689
1331349.122158
1323378.191061
1322849.838972
1320849.758481
1331067.246990
1307913.672858
1281855.815639
1285515.371297
1274650.069958
1298424.717568
1264788.071821
1237446.882039
1230911.780119
1229620.125432
1231014.634653
1235995.401152
1250916.796260
1247484.044333
1253218.787483
1275474.270782
1257380.231613
1226083.010938
1219564.504322
1218956.004573
1222270.416334
1227837.232494
1230589.917857
1219025.317567
1206364.502965
1205130.184030
1191684.531262
1175487.748292
1160237.534041
1151784.693199
1152519.956983
1167127.800488
1169935.372848
1147695.536326
1176723.290915
1181029.138573
1179626.385761
1188079.266005
1194397.991797
1196874.533524
1188476.995418
1200066.227393
1193670.362533
1196157.527680
1217164.145091
1199732.120391
1195900.231060
1207312.797934
1211113.398315
1175291.771103
1175711.831581
1198754.582276
1214241.040673
1220964.430048
1244975.283010
1255866.432068
1259027.880478
1260483.403474
1256364.383144
1265286.576134
1259812.614446
1264488.736329
1276299.993398
1262565.434104
1253901.648097
1252898.728550
1261663.159658
1271949.763916
1269210.737541
1267164.512843
1263120.710514
1282229.209419
1290729.372726
1306113.063440
1309366.521666
1321256.719643
1332741.186185
1344348.134731
1346941.524268
1344218.938485
1329475.191964
1338451.207168
1339057.281962
1346897.729029
1370475.697533
1379608.362715
1384649.600555
1384752.332035
1398442.189867
1394883.441146
1397762.970683
1393324.705011
1389377.020343
1383867.191434
1396829.171977
1404549.269185
1420745.346091
1415680.370889
1404154.485296
1391675.097287
1365016.598207
1361423.601844
1343466.280068
1348171.051271
1325555.772684
1337936.015698
1346184.487077
1357379.910945
1352183.235445
1348509.252352
1355029.475355
1354601.827864
1335836.330200
1338811.849640
1336475.726997
1326641.653410
1329651.396601
1316035.653366
1316639.703177
1331387.815244
1335581.564857
1360368.131331
1372986.343519
1357766.394189
1358260.496901
1350612.639544
1347542.949486
1368585.514158
1366514.760508
1380953.172286
1378459.561147
1378892.929341
1374990.107212
1387812.910038
1390826.511492
1390415.773511
1408750.370273
1410882.763813
1413709.805764
1406324.710848
1394904.087140
1394900.557022
1397781.833183
1404614.009342
1408729.723635
1407846.276025
1411887.742678
1406356.002051
1401223.943957
1395851.846066
1404725.286056
1412393.171737
1410976.453945
1396932.643463
1400420.511873
1410355.103042
1412415.290950
1397915.731001
1390491.838591
1367751.278990
1327523.866099
1323988.103882
1324816.947238
1340260.332981
1332902.682183
1350182.928161
1337693.720452
1353488.346870
1382734.983113
1371039.619642
1380829.472271
1369367.192502
1352401.367513
1353832.477637
1358947.733482
1369408.453036
1372369.581266
1372925.094907
1385611.673139
1396560.471159
1397881.387021
1396782.438145
1409647.630822
1410813.083528
1402113.984497
1399429.144549
1399448.799441
1392528.322785
1390949.263593
1395921.703955
1389725.114503
1392522.815691
1396415.834744
1393597.341455
1396201.071920
1392260.812576
1392007.486559
1389285.639557
1390949.614932
1395962.563876
1393685.615465
1403060.168389
1393428.911911
1407154.669026
1409464.773223
1420244.663170
1430913.284439
1417014.382737
1426081.206352
1419523.760266
1431832.860378
1448978.140991
1451474.029912
1452666.414844
1454452.503788
1450458.138580
1442684.398383
1444503.679671
1440534.821159
1436189.676893
1444437.983942
1444250.965349
1441383.356527
1437648.782882
1439973.490166
1459201.723506
1452194.262103
1456629.735222
1445791.354317
1434826.991938
1422507.743745
1425337.238127
1419739.641212
1434271.991430
1430288.009204
1430589.324784
1431875.532951
1445436.380840
1452701.446735
1465932.135667
1458320.687799
1458478.193235
1472517.652934
1479345.007496
1481295.580112
1477037.220494
1480298.160490
1472643.682956
1468472.597677
1485421.202889
1489167.556529
1491057.797948
1489599.003958
1486693.390362
1496063.917046
1499474.182505
1515735.616252
1505964.373145
1502291.463484
1507659.911652
1514978.620355
1503593.677598
1497854.891483
1495724.106583
1446835.190688
1479280.397533
1495843.709760
1506487.604196
1497851.625377
1504336.383590
1516001.270852
1524572.103867
1509651.518406
1523031.581357
1524653.826489
1547636.589269
1544817.176111
1471800.769692
1441218.612110
1448120.610331
1408519.299629
1389656.348015
1425242.075372
1421562.958665
1454669.140783
1441676.046794
1400132.102556
1291607.985543
1292069.070593
1187286.434215
1232618.915409
1146258.859285
1195585.238076
1153103.325562
1170629.102761
1166963.397949
1141171.409926
1241123.099013
1269560.950433
1286714.725197
1245226.434366
1268904.112325
1294487.237276
1252840.594204
1256489.018701
1306399.993312
1304095.563390
1310719.617386
1301094.202397
1308695.974533
1323515.814192
1331390.245770
1292858.703445
1333642.979093
1335478.558627
1328252.297517
1341979.263622
1343597.344507
1369336.176549
1353757.931792
1344843.416662
1360172.731364
1388648.333226
1378779.787891
1367352.102614
1353865.109062
1369606.211541
1402985.287701
1389448.470477
1405339.265058
1389004.747132
1384925.734354
1379464.844077
1393063.541023
1397839.833481
1395909.451540
1411168.317173
1429842.245376
1449836.593490
1447312.377469
1481278.298752
1482182.381368
1473675.581815
1484384.044172
1429910.231512
1437871.334855
1435379.324437
1455380.686372
1459899.010099
1464413.398217
1483755.747558
1489635.091567
1462688.809292
1463115.225261
1457455.209029
1467990.651785
1489284.432171
1526912.854914
1511217.478100
1518875.188984
1514272.325376
1506862.996128
1510911.577042
1523026.533032
1519813.826151
1509278.524662
1514251.549662
1527335.755577
1533499.103501
1524790.032990
1532466.123315
1529557.887962
1531688.329563
1526055.397625
1539117.603200
1520297.516368
1517777.643128
1538230.103836
1573187.108733
