1000000.000000
999783.840385
996475.116597
991848.869425
983854.492630
977627.432266
978497.815416
978792.909457
987438.413548
994503.385906
994275.294015
993825.953910
994851.570884
998546.616352
998531.253637
1001534.975691
1002562.512707
1006644.194036
1009601.300112
1023192.503318
1027788.738133
1037923.580363
1042063.516903
1050716.673150
1040208.123322
1039377.204357
1044254.038812
1049614.086882
1052393.341639
1054626.503250
1073602.020903
1076554.479201
1082633.332863
1085905.567648
1089010.120085
1091760.781143
1099622.453280
1099199.431714
1095133.304980
1089302.684096
1083741.047790
1088563.609804
1087305.240193
1078801.268375
1079753.453821
1085143.209860
1087096.109988
1089325.275637
1096510.858423
1096875.226355
1087469.028825
1088974.433690
1080660.528626
1079609.815591
1075982.737584
1073325.327012
1064436.614137
1067420.379809
1079886.016131
1090204.100310
1096909.061807
1102341.052423
1105422.364740
1108650.232247
1110439.038317
1117841.241705
1121236.963251
1119002.842925
1131502.431606
1132637.285965
1132880.661718
1122346.844112
1117285.260548
1110992.409238
1114936.761215
1114701.604915
1117090.800527
1122515.723937
1122451.591497
1125141.919914
1119061.666415
1107495.585055
1103914.228198
1109830.107275
1114774.512444
1108878.451388
1104903.079098
1097755.373405
1105783.847141
1111787.323216
1111525.908187
1115611.936860
1121625.263861
1125803.432491
1122161.821767
1118556.205637
1113841.709646
1116847.411365
1112215.623416
1120964.501459
1122022.525546
1124561.957306
1121557.544883
1120455.395218
1123216.165918
1120976.608637
1117853.573453
1113568.151898
1105253.664663
1101090.793976
1099150.328268
1098964.000770
1097241.929037
1099929.261568
1118106.757429
1123724.104377
1127521.962596
1136293.052546
1135959.288644
1140825.234613
1142762.442612
1146066.408708
1135071.414258
1120899.458744
1122483.198184
1115633.759117
1116501.923236
1142937.046853
1143655.477504
1145907.372727
1141589.028088
1136056.642841
1141403.382813
1142084.122872
1147509.035335
1152025.267226
1150671.966586
1147697.281398
1157649.255218
1152677.884629
1147370.846796
1154336.605813
1156010.186637
1157619.340070
1164843.851171
1170259.251668
1176625.206306
1178012.651867
1177794.759165
1162930.921136
1157137.494833
1150364.949883
1146587.036088
1152267.585915
1154421.248250
1152834.144146
1158867.130382
1172474.743847
1171409.770632
1172126.524789
1163259.117421
1167283.647487
1170619.341672
1170953.826217
1169192.220488
1172303.278206
1169647.593181
1164254.157222
1164819.475480
1167835.293852
1170794.394299
1174128.199540
1176414.378340
1185821.400834
1195919.968347
1196749.247162
1206987.050665
1211668.371019
1217694.952533
1226857.864124
1237194.200749
1238712.708755
1248722.326068
1259627.885266
1273403.929679
1274799.603711
1267835.546528
1279899.974719
1269907.758768
1275279.962921
1270212.268941
1268797.543785
1253402.877264
1237532.255042
1208106.669933
1196021.280167
1202902.792874
1215523.499794
1238607.988057
1249936.267908
1256007.159780
1245713.270748
1237348.624241
1229075.819740
1234417.658313
1241368.173079
1248280.570566
1259694.301283
1240357.072673
1231795.122839
1228188.125306
1223603.754404
1214768.740498
1220673.510197
1220086.282878
1205903.385549
1186400.101314
1193392.461503
1182148.206706
1173007.711702
1174110.816082
1188563.071108
1192516.971869
1213068.918379
1216323.749222
1222990.428488
1221566.995460
1211634.014769
1217253.929959
1227250.137628
1233183.447588
1236500.045939
1234643.772949
1233268.844749
1229254.425169
1243287.431879
1258683.273012
1255026.587954
1244492.395083
1249826.591978
1263128.986194
1273328.588743
1275640.971523
1274813.033521
1273524.349926
1267507.184251
1266385.669869
1262699.991909
1266887.637383
1277793.699481
1271095.486161
1270488.500193
1272979.919680
1273833.403840
1269058.307304
1270638.091338
1272801.066590
1278873.220177
1289877.387223
1286064.421748
1294846.390499
1295180.678405
1293829.447333
1301314.269874
1311008.590952
1314167.428834
1317657.891540
1322690.463116
1311083.497490
1317500.509069
1306102.789844
1301251.755923
1284740.892943
1291901.395637
1286742.315439
1293252.953329
1298845.326956
1288713.887458
1284892.080561
1280878.317538
1290359.559316
1306211.361015
1307897.434640
1310303.342504
1322681.734075
1328222.534731
1318937.373486
1327255.691344
1327443.543699
1327132.648193
1341740.859368
1343453.406006
1344225.000670
1353699.092068
1344082.431491
1340629.725231
1337829.439677
1346924.821678
1343693.268967
1357715.625551
1364720.091365
1368553.796910
1395495.608021
1397438.506060
1396538.518268
1391106.515412
1386826.661407
1389897.178739
1381044.531195
1369416.226655
1374079.566975
1378483.053154
1383630.675667
1390737.742769
1400704.819573
1402560.522351
1397637.917508
1396723.570251
1396823.966720
1372304.171027
1364734.259774
1359974.390901
1368427.919315
1364380.833196
1373912.183964
1381541.764158
1370700.670174
1372951.019428
1378102.135780
1398775.522947
1406587.185558
1411582.193391
1421205.502396
1403024.813907
1344392.632973
1354726.417112
1332684.434557
1299476.209319
1313756.878584
1316335.302620
1339982.822945
1340263.692665
1329641.799729
1338621.807394
1335846.471690
1323736.421486
1356535.559991
1338004.862943
1334392.458358
1340927.266649
1361365.023020
1363430.605663
1368151.087093
1362604.328371
1365644.755502
1385868.068384
1374504.181448
1358684.937562
1365379.831324
1350766.873156
1364038.017819
1366387.094489
1359396.106622
1343925.494743
1336398.210536
1347938.979846
1353285.871661
1383260.748973
1378850.132714
1388996.406297
1404254.603198
1398037.946144
1377996.362108
1371538.401662
1373605.911457
1380365.662889
1388124.392480
1393693.947307
1376335.479554
1356106.471221
1347989.033585
1337798.451691
1316748.375879
1295077.728344
1274323.115478
1294328.858175
1308998.080345
1305483.678793
1292449.672799
1318317.750071
1330470.556008
1333631.827449
1340219.882629
1342380.864064
1339153.864999
1323035.754931
1349570.202265
1349140.982451
1351958.105021
1347729.715917
1335028.999121
1328505.727650
1334232.033174
1341811.265970
1334657.217260
1338626.975728
1357260.257559
1366624.451518
1365211.125258
1379150.097740
1384937.194327
1383805.419548
1381080.101107
1370304.676215
1373052.810539
1365417.632574
1373731.605876
1403045.481534
1396233.182513
1402509.981103
1397969.420256
1400666.082379
1396691.528022
1395215.772750
1388003.619313
1383400.564427
1392511.851754
1393136.197421
1398449.243612
1400564.971551
1405182.594563
1411700.500733
1411808.784029
1421678.736337
1412360.030690
1399401.722167
1406444.020369
1408398.103105
1417974.034988
1446657.477057
1453760.554424
1458758.942207
1444629.858987
1459426.591344
1455171.868942
1452198.761068
1442874.922001
1442265.850958
1447008.679338
1467387.502763
1471079.985750
1475681.102048
1472484.865946
1467578.774036
1467028.527159
1454066.156257
1446870.332790
1436146.322707
1438232.047849
1419233.281670
1420794.952064
1433373.885579
1444588.797657
1426762.935829
1426464.083240
1422701.157050
1416696.442501
1408091.973813
1409932.202148
1415359.885265
1411462.887577
1416713.034665
1409415.865751
1403724.782779
1414003.563409
1431362.939297
1465810.327034
1475525.965355
1471810.924684
1476269.259307
1477527.719843
1485459.032759
1493783.380057
1498777.163822
1507555.586465
1499668.177553
1505165.606461
1487558.317191
1484383.036861
1488192.375043
1485150.544038
1499141.751907
1506188.804287
1514555.049492
1504672.881254
1496285.250265
1494337.475393
1499942.212264
1499429.411528
1507724.974015
1522677.312546
1522132.802463
1520385.470220
1511114.484161
1514293.688786
1518070.534912
1524521.154465
1526540.646930
1510085.189317
1508306.994876
1518920.202852
1525605.022696
1514372.820461
1504999.538921
1493698.781426
1470179.999996
1467434.354534
1471038.397008
1493139.656036
1487473.840354
1486451.197364
1468138.607477
1470532.314247
1487331.237237
1485841.220988
1489883.443054
1485100.841919
1475749.307194
1475145.578230
1478108.456746
1486382.393291
1494660.471703
1499222.786147
1505171.809750
1511488.944806
1511889.699054
1505994.396325
1508656.411523
1512731.314107
1501149.174346
1502073.455735
1503316.914069
1503524.845598
1495026.166657
1488045.056595
1478936.080854
1487947.340196
1500930.315976
1495671.408768
1501336.797910
1490127.462380
1485750.619009
1494362.187252
1507844.123865
1509763.278614
1511900.776071
1521707.991668
1507069.199509
1498270.184794
1502038.900879
1540535.083022
1554483.811644
1556180.341790
1566296.164973
1564442.341909
1565635.193514
1572488.343578
1574034.089487
1581366.329141
1582567.658408
1575367.066170
1563985.263595
1567956.173907
1568017.435926
1565779.981602
1568758.989965
1570664.197919
1559193.883601
1558144.602212
1545931.745997
1559363.419192
1556576.521487
1563544.989454
1555438.745716
1547139.519606
1546522.989834
1547753.480895
1548871.537910
1560323.290038
1555094.190477
1554005.154804
1562052.550851
1563721.462815
1576803.381068
1600103.521112
1599896.061771
1605971.181472
1621343.723405
1623593.431906
1628326.855483
1628953.718701
1641669.783615
1628342.449532
1623885.424875
1641835.677843
1651087.379235
1652237.711574
1654221.180170
1661984.089851
1664629.346516
1663311.541359
1687874.340324
1688686.547850
1682379.166589
1683718.757755
1686801.834050
1690621.691155
1693067.870092
1683140.366555
1727096.848698
1772116.191172
1744632.353747
1753099.756535
1757815.035039
1772290.281995
1774716.709131
1778986.445891
1781335.642653
1779853.698089
1799388.545216
1814894.300691
1803257.339615
1744459.718187
1723954.040561
1723616.647098
1673591.207623
1634086.054314
1687459.297850
1681753.585866
1708967.878854
1705866.881322
1673059.177164
1582720.548835
1589070.055622
1485842.323879
1519886.351685
1426007.912838
1461589.066574
1417678.364588
1448508.211812
1469743.309665
1423212.691498
1494999.142094
1520062.039947
1547686.471410
1521309.429401
1528937.253686
1544592.073512
1491637.283684
1482996.455890
1564673.991396
1555119.331895
1576134.261724
1640298.971097
1657388.360268
1677001.720452
1684932.544308
1634592.245302
1666089.351955
1678693.292243
1670077.082599
1698691.984218
1684179.966353
1720159.631062
1740615.922698
1704463.129241
1705833.244225
1733695.291267
1727040.387428
1724921.439528
1701861.471749
1705317.030609
1726824.236423
1721167.949121
1736494.962375
1729463.943128
1718670.931351
1709049.378303
1727076.893076
1735944.262209
1737689.501502
1769817.279368
1772950.659504
1784681.024349
1780320.518042
1789689.202293
1811831.583155
1811795.314155
1840081.052768
1792362.135316
1781330.559017
1783937.109222
1808051.141767
1818953.176965
1823883.426059
1832841.368902
1845147.187141
1825920.766186
1839723.800662
1853450.384819
1878157.444407
1922588.396647
2025945.606029
2017670.684455
2011385.502494
2015400.099547
2023383.705654
2016252.407803
2003582.799828
2013514.650726
2006513.962802
2007657.927339
2063978.663937
2049589.976093
2042104.949805
2023791.111216
1998033.328227
2022893.536653
2025448.822634
2032605.007056
2016518.757957
2014944.775983
2032522.005214
2046052.099292
