1000000.000000
999783.840385
996475.116597
991848.869425
983854.492630
977627.432266
978497.815416
978792.909457
987438.413548
994503.385906
994275.294015
993825.953910
994851.570884
998546.616352
998531.253637
1001534.975691
1002562.512707
1006644.194036
1009601.300112
1023192.503318
1027788.738133
1037923.580363
1042063.516903
1050716.673150
1040208.123322
1039377.204357
1044254.038812
1049614.086882
1052393.341639
1054626.503250
1073602.020903
1075945.774986
1072619.050531
1078219.195897
1078796.117060
1080512.850979
1083473.949534
1083800.166155
1083748.484035
1071434.124164
1067692.316061
1070505.235049
1068182.057847
1062098.659869
1059450.832097
1068694.899004
1067397.056658
1071909.676520
1072877.524133
1076516.399755
1062527.330610
1065182.087298
1056759.085061
1053478.611486
1052398.019680
1057274.812839
1054048.005791
1056881.342271
1066923.438728
1073147.023185
1080413.665057
1085402.477982
1089392.669322
1095165.984705
1096402.762421
1100859.504468
1100906.063174
1101268.541023
1107272.142075
1102531.189402
1103314.227901
1092938.565182
1094319.550665
1092216.968258
1098001.877702
1100931.176660
1096938.557418
1100977.822360
1102432.977869
1102355.810035
1100137.538640
1088191.325026
1084764.997690
1091172.917220
1094615.316905
1090844.822435
1081077.618189
1072607.324414
1082547.869329
1088048.781676
1087517.347328
1093086.254265
1097955.957922
1101551.568480
1100611.761793
1094517.038052
1092425.688342
1094059.175097
1087311.688621
1091196.082943
1094050.159462
1096170.088836
1092574.150770
1094559.750945
1095487.637348
1098432.587285
1098194.010544
1096352.201367
1090327.676501
1087835.253408
1090444.087262
1094558.584407
1094183.041290
1097440.099788
1114746.867197
1117647.395614
1122726.161252
1126009.759161
1128883.150096
1135801.677098
1136037.981576
1137436.045305
1133378.396198
1128704.834708
1130822.510195
1133034.506672
1136301.318556
1158580.577194
1161466.556744
1163647.399313
1168524.636197
1168946.190474
1174004.831209
1174934.352389
1184068.946943
1184455.116595
1181824.931092
1182433.007082
1182094.040531
1178856.758602
1171351.529913
1183110.235937
1180053.459126
1179667.220289
1189067.122577
1192290.768185
1197990.409086
1197804.317256
1192920.104232
1179788.040107
1175087.762290
1167262.610711
1165101.025401
1169394.646090
1172261.656054
1174858.966642
1180806.171463
1189787.897241
1188628.621668
1188407.746911
1187289.159912
1193312.519708
1200198.568836
1198916.225021
1199999.701225
1203229.895210
1205178.175827
1197333.376994
1197951.918344
1198684.913410
1205670.055045
1213197.464721
1219092.104951
1226150.424162
1230985.870518
1232924.528194
1240044.983337
1245216.441273
1254230.814746
1258801.445321
1269273.862136
1268427.720657
1273569.472590
1285000.297756
1297268.712279
1295474.043098
1292483.541204
1295969.139618
1284679.539613
1284989.884852
1282700.818679
1259216.308045
1235012.314740
1219384.613469
1198238.196932
1199610.708208
1207284.830694
1219431.539458
1244403.358570
1254720.912222
1261831.424330
1251719.205779
1244534.815482
1231135.574936
1236326.116739
1246119.090826
1258998.520945
1267657.161689
1252759.106297
1250680.940471
1250505.061043
1244682.665192
1229044.472563
1232810.864418
1231724.007982
1212911.188146
1194859.673765
1209414.778386
1192468.456361
1182139.074878
1189132.341263
1195715.019246
1196118.023459
1213893.342894
1213747.700060
1224293.696007
1223037.020075
1217442.989582
1227372.292005
1230961.066933
1236226.909915
1234172.048130
1233206.184706
1221327.395692
1218757.582828
1230240.241399
1230510.645608
1237937.167325
1235601.463822
1248090.937942
1259721.079371
1275703.124968
1282059.656522
1282952.007056
1286612.511916
1279940.320060
1277995.796983
1275606.464356
1279777.960601
1287229.332525
1283507.320677
1280296.751818
1282929.369867
1281310.732344
1273502.866231
1274778.302845
1287459.723577
1298746.288260
1310120.248263
1307653.162286
1310354.965858
1311185.483113
1308676.235474
1311418.201117
1317209.551013
1316467.466378
1325198.851951
1326118.979818
1318422.201014
1321586.425503
1313370.724448
1314866.337626
1298839.272002
1300284.935887
1295780.958449
1302309.978624
1307966.714493
1308517.874522
1301847.208321
1302801.799439
1311405.473112
1325995.281230
1329728.902738
1326865.288256
1340233.963671
1343586.762457
1336560.538946
1339932.746237
1336935.279283
1335059.673452
1345565.389408
1353684.391002
1368881.831198
1377448.535132
1377967.529674
1367816.203961
1360846.126321
1367829.440035
1369154.159422
1373717.733199
1378093.003564
1380446.652611
1396967.719411
1400351.046938
1404364.237587
1397510.458300
1396275.282154
1402153.561441
1389264.093178
1388143.420385
1389672.839212
1390445.380965
1397453.115406
1403807.591009
1417266.717880
1421711.004380
1419551.820548
1413449.034764
1412236.061023
1397006.528268
1388945.974261
1387940.995843
1385665.991277
1390676.064665
1389745.093177
1401029.079590
1387717.917622
1390675.828402
1398687.598304
1403145.127390
1421031.435048
1421962.521853
1432083.314481
1431669.856617
1389425.238271
1393613.699493
1365086.944789
1340780.468634
1362533.123258
1356037.366264
1374896.341731
1374642.950795
1354471.052405
1360620.166114
1346892.586865
1320244.741563
1342583.551625
1326511.768900
1315048.360932
1326616.298988
1358421.088829
1350410.142995
1343029.801031
1335535.268567
1342104.265737
1360866.321195
1337494.950387
1319548.206719
1320010.473435
1310812.877128
1324674.428195
1320172.941994
1302769.521334
1290144.812994
1287252.545676
1292010.796194
1294390.037255
1323572.206561
1321265.771327
1328947.059898
1345757.726487
1327452.696016
1313590.929145
1302767.684386
1301266.249826
1306179.655440
1314919.261172
1321313.892338
1309133.064650
1295577.145661
1294456.779814
1282360.219294
1267961.201534
1243587.429193
1235662.931833
1262673.104544
1268324.365832
1271592.717659
1249686.100356
1277458.071476
1282208.224105
1286408.446913
1292546.839527
1294846.100477
1290281.766778
1283726.760572
1308539.787759
1311361.382522
1313036.576383
1321316.991341
1308814.259153
1305603.684374
1310107.756339
1319305.139071
1304046.023857
1301874.398812
1321775.204239
1342497.262785
1343519.927428
1351622.540237
1358587.028049
1358383.272629
1354776.703806
1351055.317926
1354602.210647
1347149.483043
1356169.209655
1374531.209613
1368352.624586
1369523.073090
1368096.695514
1380632.967367
1383867.971612
1383555.309995
1373554.591814
1365564.364520
1382994.164639
1390839.936831
1397392.838033
1397324.970253
1401346.086514
1406807.830718
1413525.674006
1423846.799443
1417658.179087
1403374.314643
1402346.500687
1401341.034912
1405236.709125
1432203.270959
1438356.562010
1441263.577323
1439423.907903
1450395.871008
1445948.018902
1447089.352292
1441115.176300
1445321.184075
1443577.513607
1453766.895219
1457199.137194
1473387.877507
1470511.350901
1465033.405744
1464095.367557
1419197.658995
1412170.732854
1403716.948379
1405489.103190
1383767.128675
1383771.857779
1402727.842195
1414349.601488
1404774.662696
1397466.511421
1400844.820912
1395837.359346
1383194.385283
1384174.120555
1390092.224006
1382070.589616
1386295.847132
1378215.729866
1361683.550152
1370225.692128
1373823.456157
1402867.834659
1409725.636331
1402578.901898
1406657.695652
1401971.618305
1404604.393226
1417492.552031
1419176.253306
1432176.643120
1432385.227228
1428822.936275
1414057.756117
1414541.654890
1414047.908400
1412687.810788
1427726.196440
1432970.816920
1433314.148941
1430043.628232
1416853.137006
1417333.197368
1423351.802252
1426338.791782
1430701.139159
1443877.899517
1444979.929584
1441337.534519
1436068.753919
1430483.064996
1435848.810105
1442624.717073
1440849.326289
1438717.724749
1469394.974090
1473495.328743
1473209.009575
1469306.243693
1455716.048308
1443283.802326
1414728.447321
1417983.872764
1421342.117577
1442643.981412
1436344.759690
1441072.647156
1425961.765816
1432054.091007
1449225.001150
1445433.065346
1451745.862887
1449285.926123
1432008.300886
1433206.167310
1438022.713198
1448468.993966
1452940.968879
1442463.071509
1453481.277824
1469785.605969
1469188.260420
1468883.699611
1477633.105042
1480023.225510
1485368.907327
1481365.861724
1483411.868415
1480495.642159
1481557.759867
1476034.105669
1473284.858711
1482948.480999
1484303.449153
1477997.006181
1484151.657788
1471108.846918
1473745.864951
1488994.475801
1487835.350552
1493832.023389
1492642.506249
1499998.800873
1492765.592187
1475497.797336
1487148.071145
1493804.617221
1502930.965729
1502262.809089
1506934.332441
1509488.449837
1520104.152749
1536357.985251
1535783.603249
1539250.412114
1546199.838959
1540291.706014
1532718.735823
1532252.524830
1537863.044205
1543554.004828
1541865.451323
1541435.960989
1533962.383021
1535021.254199
1524910.367839
1538520.956828
1533817.124165
1538294.747496
1527513.694966
1519287.983381
1517083.461299
1529016.557233
1534529.388382
1544986.818574
1541920.797314
1541358.198022
1545377.384873
1544943.271319
1553637.347788
1565870.221749
1575048.200950
1575611.909917
1582309.490044
1581761.517454
1582995.558478
1581216.693155
1588643.979483
1581392.331733
1578394.627327
1597308.505282
1601931.503172
1615639.367814
1610355.828098
1616386.643213
1624858.239989
1629492.087148
1649272.739896
1644216.571817
1641038.276011
1646956.256957
1657165.639537
1650309.670796
1649838.612560
1649578.635480
1622187.171419
1639872.887320
1641968.866880
1650805.312265
1649165.828546
1658532.748178
1661789.942062
1674838.844258
1670630.719654
1672612.766075
1677245.142554
1689246.953583
1683938.444029
1621892.346132
1600570.144831
1601248.357087
1556683.171849
1536576.841377
1579852.019338
1564500.559294
1593577.808835
1572750.935854
1545017.442586
1455332.549299
1458504.939211
1362825.324035
1419004.713728
1313925.204668
1330254.654710
1289103.550819
1295900.852568
1307370.423590
1267334.327246
1360125.861176
1377093.049801
1417700.529661
1383579.053452
1395462.739552
1416862.620921
1365891.322511
1358023.488087
1435140.917719
1437637.331971
1445520.111649
1463031.923897
1462132.555177
1482090.178665
1477743.329030
1437731.576974
1473415.757602
1492018.076628
1485421.750373
1496379.336940
1483805.914800
1533399.516917
1543689.896065
1524718.504385
1532557.783746
1558334.937083
1545033.394739
1534406.367394
1520783.903704
1526056.304546
1545820.678351
1540570.923751
1557673.784885
1553180.621370
1553556.784619
1548260.335688
1563099.068456
1563791.827056
1564110.998685
1581942.554192
1595981.223364
1602044.616889
1594412.016710
1615005.483828
1627891.713287
1626947.587519
1637567.278469
1588762.125254
1591121.504846
1588199.938828
1609922.274888
1611142.339408
1611662.001074
1622503.970025
1637660.777454
1614772.283646
1616578.374144
1624287.043276
1638907.449914
1664328.231429
1714721.139720
1717512.204122
1716886.935946
1719950.967055
1722514.911919
1720744.491868
1719590.762690
1731052.703597
1738903.261509
1739844.145348
1772897.434429
1773545.720346
1769932.359071
1739033.125813
1730065.876245
1743770.275067
1740479.986574
1747756.829959
1745127.942718
1743279.440923
1751741.718034
1765782.303178
