1000000.000000
999879.968026
996573.062307
991948.890633
983955.213994
977729.517577
978601.738807
978898.795139
987546.540317
994614.348599
994388.218121
993940.974232
994968.529577
998665.735942
998652.111781
1001657.835221
1002687.046738
1006771.327504
1009730.984935
1023325.963232
1027924.546657
1038062.302177
1042204.587950
1050861.489201
1040353.180110
1039524.400417
1044403.645275
1049766.481797
1052548.008319
1054783.134462
1073762.947467
1082447.396959
1087715.822762
1090440.645912
1093308.374796
1097093.148046
1102720.116241
1106576.477112
1109672.577731
1103757.899243
1101774.642158
1110326.380482
1108345.605990
1101666.535404
1105559.478569
1112856.108920
1110509.005582
1115729.719068
1121533.048338
1124810.030362
1112727.403316
1112331.100770
1096736.770091
1093681.911421
1086983.303665
1079839.420895
1067207.312591
1074730.343811
1082002.824088
1092560.794058
1102832.738923
1105359.486185
1112296.062421
1112897.214804
1115987.236239
1120574.338537
1130196.043536
1126993.560947
1136797.238646
1136584.801048
1139720.392362
1131377.825314
1125710.036880
1114490.031330
1119878.844913
1124594.372069
1135076.460338
1141055.221342
1144564.157641
1151032.317535
1147332.837938
1129837.401222
1125727.484949
1138079.047245
1141232.856247
1129426.388591
1125806.649858
1118185.316359
1129112.186069
1137208.958186
1136581.974108
1135177.897327
1142235.509819
1150238.839294
1147596.713663
1143571.479955
1139848.112258
1147339.811415
1138314.608159
1153554.124621
1151609.717093
1160294.763661
1157901.637984
1157694.705135
1162061.452172
1158007.865679
1155829.553062
1147127.994903
1137824.138869
1132834.181377
1133572.851052
1131333.081151
1131530.064074
1137837.554410
1159631.741710
1171547.083992
1174449.280075
1185874.699761
1187619.509826
1187576.426804
1190743.779272
1197317.793628
1185381.612265
1169116.894184
1170886.549131
1160452.398783
1174205.395930
1207381.884435
1204802.378603
1214163.219133
1208396.018064
1198045.994047
1206961.590578
1205743.133571
1207017.684893
1209339.747635
1205796.069161
1205212.227501
1217312.098870
1212295.256960
1206654.201445
1216346.803678
1216318.996254
1216182.199341
1231767.001715
1227777.511169
1234333.158054
1232482.961529
1239539.262770
1217442.828133
1211372.182182
1203965.630526
1197969.421603
1203619.140380
1214017.874711
1208215.687449
1218944.395138
1237209.703625
1246571.650445
1245890.981467
1238893.226857
1248177.099665
1249236.974510
1246252.126769
1242261.739708
1248638.410426
1241400.389154
1230554.149231
1237219.808046
1232656.146082
1239125.596388
1242729.769278
1247001.470691
1254999.235913
1270008.808987
1274199.459058
1274187.573170
1280740.327802
1288217.873508
1285430.389494
1292086.465530
1291481.831737
1299808.480564
1312406.637083
1323158.394585
1312015.464375
1305521.113409
1312750.857580
1304666.700280
1320655.998143
1312768.427431
1299175.704776
1272986.088122
1270827.949811
1228321.552768
1215481.583285
1231947.262265
1251384.569936
1272142.144227
1287919.662030
1301037.848249
1285679.264242
1273053.834586
1262237.223912
1264949.304195
1275946.151083
1284294.148594
1298415.461002
1281110.650367
1268994.250107
1266718.564502
1265724.344348
1252151.278998
1254268.545565
1256684.688538
1239635.449660
1216968.199755
1234082.795178
1208719.459176
1190783.316098
1198604.109292
1224671.175714
1231252.621578
1256443.348595
1252019.302391
1248503.063774
1248899.386590
1235203.340403
1238152.850187
1249493.333149
1255387.173123
1243342.525156
1241303.262895
1245532.601201
1239154.029877
1253574.637371
1272766.217134
1271240.412972
1256407.207185
1268409.455103
1286923.774480
1303227.665339
1306269.078874
1303450.069429
1302801.674055
1293256.613726
1290196.873622
1286010.533593
1285545.942296
1298354.181967
1288243.017370
1287643.240239
1281435.687016
1281919.392728
1285632.673929
1295401.428479
1294890.523873
1304354.592236
1320744.230652
1319410.798375
1335910.438855
1334171.994560
1333506.874041
1347053.306990
1356832.490035
1355575.315872
1365355.873746
1360058.522151
1350698.325461
1363750.819759
1350443.641657
1346551.988293
1326019.347079
1332495.692336
1329245.646110
1336034.640855
1339108.545964
1325163.914814
1313331.885256
1311166.891742
1319208.703883
1340175.059010
1345236.196629
1334166.378402
1349200.645909
1356966.012674
1341560.591139
1354403.202226
1354659.433359
1360578.901198
1371530.413014
1363395.409655
1362227.897229
1380068.548739
1371046.004920
1364640.408035
1354575.951716
1369563.440648
1364794.549377
1395670.675153
1397738.645916
1399261.745629
1437367.679189
1435655.418421
1427561.397848
1418981.716343
1414540.441019
1413923.197915
1391868.969926
1369036.138224
1377755.088355
1389482.875299
1398498.743344
1404280.460490
1410688.990838
1408383.547723
1402438.143169
1394151.814447
1390932.140691
1361579.607775
1354482.771328
1343048.277880
1361630.781342
1362165.175994
1378012.057115
1383890.187694
1372959.974378
1373244.741627
1379339.366997
1404565.671093
1409551.211573
1422964.019459
1429592.688740
1396771.400601
1331685.074571
1346827.615891
1318558.950443
1290646.674084
1315222.446211
1315492.329611
1343535.005304
1340600.492309
1325650.433966
1333914.238286
1343876.358046
1325189.615747
1369279.502384
1360876.780851
1348340.331356
1338715.848535
1365107.768954
1364992.537207
1373761.856176
1371137.927654
1369280.502398
1393885.246872
1376298.197646
1348125.191883
1350649.747852
1342187.886716
1363425.184630
1368608.342461
1358372.673167
1341521.765989
1341815.771487
1349143.831031
1352584.832628
1375136.281620
1368691.433397
1379141.673334
1405175.841503
1396008.419855
1375451.379968
1366964.321642
1370269.832602
1380505.681713
1385505.165318
1395196.825316
1371447.720456
1342457.975906
1331956.204903
1321069.662157
1294142.548498
1279049.493222
1250039.551816
1278093.694008
1303713.009957
1292435.890160
1274450.567178
1313307.335438
1325962.573142
1328445.286223
1338210.789020
1343015.349799
1344824.703970
1326118.150056
1355978.485133
1352582.081757
1354701.055415
1344264.880858
1329604.250372
1320486.968583
1326701.586415
1333577.080193
1319542.182343
1323319.227931
1348111.713531
1353966.683162
1355278.947309
1378248.068248
1386332.336515
1381403.182336
1383425.223825
1381032.586034
1381569.984507
1377010.135563
1383421.891516
1402503.549767
1391734.609454
1400382.852771
1406023.886935
1399889.490484
1391582.689663
1391126.343537
1385273.527162
1385035.633495
1400381.734868
1399149.934662
1412983.759417
1421166.847778
1417092.506974
1429573.022274
1430677.871658
1441278.505750
1425416.597156
1413485.683847
1425898.737993
1430460.647463
1441479.480201
1474912.706663
1476570.752154
1481631.386718
1463351.459352
1481418.773240
1476504.543571
1484697.977312
1473705.352473
1470812.796661
1468697.061079
1486892.647976
1497790.827508
1505021.651031
1494544.017905
1485976.867058
1473524.296306
1458006.267175
1451433.450893
1434048.501688
1442798.224587
1416024.601643
1427650.363689
1444318.499817
1457484.665990
1433572.431745
1424876.666805
1426994.569542
1417807.175234
1405114.873573
1405800.626202
1406052.105685
1402229.864193
1404085.616594
1388511.818741
1373892.055878
1397369.652736
1423182.469756
1457691.073663
1472001.358366
1455730.848484
1461503.819475
1462962.692253
1472428.719796
1484066.666167
1486750.514004
1495899.781673
1497118.815859
1500778.783955
1483649.094767
1482625.106041
1486412.988408
1485322.607670
1509244.209788
1513381.251131
1524707.544895
1519038.107400
1512901.234360
1511983.203583
1525146.586965
1524386.075606
1535597.917297
1545102.633468
1544258.871278
1536331.248525
1529711.487911
1534707.029072
1540217.778546
1548127.873765
1551439.918803
1510949.078410
1508934.198759
1523162.302385
1531476.179563
1514775.362482
1509831.760552
1496190.239091
1460856.925586
1461852.320495
1464843.838137
1487560.296917
1480056.485530
1497145.774340
1471563.960691
1479376.633066
1503223.259415
1494809.155026
1498080.627309
1490832.178044
1471272.739812
1474649.985700
1480328.022554
1494730.158925
1502842.758285
1506269.369603
1507583.067553
1522904.463674
1521011.096546
1516658.407941
1526644.414186
1531991.314766
1520102.491292
1523844.927048
1527947.562664
1533171.655780
1522875.794474
1519650.541499
1498503.187532
1508315.149775
1527850.610264
1526898.957633
1525930.358253
1519704.905425
1519045.083372
1518890.657303
1530885.248818
1533776.598626
1533316.467597
1541521.371366
1523451.449213
1521354.805341
1521661.067629
1581650.355765
1605651.573885
1593868.947861
1602878.439650
1593386.239088
1601082.372915
1615473.676895
1618035.111932
1629508.410733
1637208.710780
1637610.548904
1634797.094215
1641198.300535
1641674.692511
1643790.810221
1643478.786399
1654708.401530
1643032.562737
1641900.397929
1624145.322581
1635682.318741
1630923.025063
1636840.072872
1622065.757726
1621816.399217
1614705.114251
1611191.311550
1603533.019104
1623763.397105
1624117.427556
1628832.663753
1630868.504688
1640486.063613
1648844.653101
1675608.182988
1664504.641786
1674610.294453
1691448.802846
1696278.241172
1708120.152568
1708394.415269
1722672.682197
1705981.128548
1701138.472948
1723524.278834
1732363.130008
1739301.471696
1747956.728097
1757049.612821
1761024.417445
1760976.375198
1801145.485619
1800528.225380
1789669.519268
1793150.942815
1797733.883745
1810482.795753
1813903.196730
1808149.668951
1911484.481665
1993373.972228
1947202.873478
1965939.555417
1963233.018529
1979791.990353
1985678.877637
1985294.688740
1985467.377540
1984872.934370
2015091.659606
2047729.484119
2038496.439742
1941816.552266
1902830.308339
1896951.261487
1815757.200460
1780828.627405
1862148.807961
1858559.124656
1891082.283568
1875818.332546
1824177.914732
1673470.440040
1690577.951153
1559796.771458
1598411.771361
1464152.805870
1505916.175345
1427699.117266
1485230.309192
1489415.510325
1464170.761603
1589357.249120
1635536.177080
1656298.149394
1606931.098874
1635337.309391
1670884.819815
1620549.254511
1630355.658964
1719558.660152
1715155.059244
1734849.165392
1820069.541911
1837343.620555
1859996.825840
1869147.120777
1805286.015592
1867408.757774
1859027.886840
1862251.914456
1903499.862189
1888630.361934
1936221.076522
1928442.076675
1914569.250432
1925656.928386
1963736.297670
1951318.089086
1929645.033735
1914498.282865
1921751.963757
1960890.147215
1944026.890132
1965939.445569
1956202.734087
1940473.451348
1940302.662165
1957183.482132
1961796.887243
1970138.761764
2013601.420178
2027798.410198
2045887.679348
2033285.343117
2071662.553438
2102777.115361
2090256.856976
2136948.190128
2061275.459923
2053155.732867
2064709.231489
2095662.583369
2104437.718170
2115851.047853
2133724.169978
2147609.664682
2108294.744899
2127201.659450
2151656.113904
2187578.989699
2244832.447178
2354574.081833
2345271.166542
2344368.262799
2344931.039928
2378313.411525
2372146.736331
2378817.945166
2380894.932255
2348352.858310
2354133.779804
2425160.600642
2413265.317942
2408547.695448
2390501.336281
2354936.642492
2396365.979388
2379352.919429
2395104.111174
2370207.769157
2343997.927771
2385528.988047
2420739.451235
