1000000.000000
999783.840385
996475.116597
991848.869425
983854.492630
977627.432266
978497.815416
978792.909457
987438.413548
994503.385906
994275.294015
993825.953910
994851.570884
998546.616352
998531.253637
1001534.975691
1002562.512707
1006644.194036
1009601.300112
1023192.503318
1027788.738133
1037923.580363
1042063.516903
1050716.673150
1040208.123322
1039377.204357
1044254.038812
1049614.086882
1052393.341639
1054626.503250
1073602.020903
1074009.778571
1073527.803242
1078344.687546
1074836.409213
1076594.100135
1076865.546663
1074894.326812
1072092.919992
1075471.356828
1072501.925305
1072530.541243
1068558.177396
1066255.278759
1068856.604139
1075308.978303
1070960.089542
1072584.561721
1069474.193025
1071736.881268
1067585.740287
1066585.922798
1064816.191574
1059444.924131
1068027.241525
1069204.857193
1068437.768088
1070018.143970
1074825.967772
1076228.303079
1084488.116082
1086647.146893
1085118.129748
1095383.632682
1094254.514073
1098006.243059
1102880.202318
1098606.415649
1095561.601062
1098191.054656
1102630.308901
1100745.136325
1095444.740479
1096922.546147
1105757.829205
1104867.154138
1104743.775991
1112562.029646
1114153.715189
1115653.898371
1111722.411143
1098484.197879
1087981.562706
1090094.308996
1093496.918765
1088054.037427
1088063.160773
1088383.617120
1094956.047831
1094964.993015
1093006.678978
1097105.015360
1100505.335413
1104807.468152
1102554.632197
1097224.605698
1098924.199668
1101092.426085
1098183.995199
1101652.118200
1100539.554942
1102603.576467
1096153.152628
1089140.406976
1094853.692365
1098210.902766
1098221.974857
1098549.932632
1099546.997176
1103120.062632
1103580.887475
1107322.617721
1107857.532999
1109256.521898
1124826.215817
1126576.178981
1130162.561662
1130031.640319
1128619.388921
1134856.106249
1134944.597291
1142251.488111
1137728.753206
1128497.533572
1134187.721005
1129209.929497
1134289.475959
1141814.438384
1144248.487374
1146111.097077
1153383.362732
1158665.536424
1157895.709462
1159449.802366
1166547.630229
1167326.025340
1166449.972843
1160390.150671
1159674.521996
1158042.739716
1145332.462039
1141181.460988
1140504.397024
1141735.638762
1146876.589400
1153858.051577
1155560.508986
1152575.559978
1157606.301658
1148740.020687
1141268.793172
1137622.687076
1139100.315851
1141124.488584
1140225.847886
1139203.115130
1145945.482571
1153814.887493
1156765.956182
1157844.098560
1151165.945894
1153364.915377
1157527.589317
1157436.542311
1158174.809241
1164950.885545
1166800.665798
1167184.713880
1165046.223408
1169464.393425
1172470.733658
1179600.626508
1192255.807782
1195891.508198
1193420.972394
1194798.549323
1208591.460761
1212014.527565
1212766.791705
1208459.619876
1211332.648529
1205741.324040
1216459.757340
1217446.735187
1228826.301284
1226245.772641
1224323.607195
1228694.709176
1216048.949157
1207605.005410
1204392.829873
1201980.041516
1188754.482315
1157275.936254
1138195.582016
1125516.648907
1133811.286118
1139865.966170
1141323.871904
1144885.511670
1152808.809274
1144698.672767
1134747.326940
1130770.517590
1129708.312054
1134806.234504
1140799.426297
1142954.964066
1131605.368374
1128948.983158
1126090.523670
1127630.779246
1117357.896253
1122745.833989
1121675.047315
1111143.618160
1096810.099725
1100387.538610
1102570.241229
1097167.690050
1097062.265185
1100412.229474
1111561.802949
1122530.173240
1126495.616965
1128930.262337
1125827.955628
1119565.101016
1126349.995890
1136099.439980
1145356.915172
1144608.647329
1144600.413336
1147807.113685
1143769.207349
1147011.993811
1153624.922868
1153384.037666
1152974.970468
1160411.454678
1165489.470061
1183328.313629
1191050.326805
1192596.077274
1193628.185922
1195097.663737
1193830.433310
1196039.098987
1217112.390400
1223227.802969
1223299.482237
1206307.157283
1199555.767089
1193564.019793
1185830.211664
1186961.965629
1196530.389456
1201859.196135
1203854.992787
1199998.548017
1199027.221105
1202007.515460
1198910.106059
1198741.395548
1201328.265806
1195677.563701
1198993.211003
1189591.585434
1182199.557519
1182767.397160
1171523.188830
1185013.732104
1169827.793352
1174120.227941
1185546.262847
1194832.029561
1196149.335442
1185270.224587
1187319.846612
1189827.527828
1191353.606485
1205875.287431
1211736.641369
1199642.666689
1209374.563208
1209028.240241
1198186.339317
1191181.654960
1191966.796287
1194402.296753
1199285.016218
1206729.805839
1218925.424486
1218308.497055
1217242.356292
1214948.896442
1213987.212001
1225225.616261
1212787.141179
1207453.854464
1214801.311914
1213483.741242
1233369.044587
1243353.807196
1239280.510097
1230925.624576
1226820.988022
1231364.810416
1215440.220359
1217531.705219
1226897.074472
1223223.628458
1223132.724602
1229173.241231
1232283.761024
1229492.533991
1226084.063409
1213235.134287
1214985.086958
1203663.849483
1196301.772064
1193030.729778
1189269.367456
1193929.854856
1200109.707156
1212546.737345
1207927.784163
1211237.211452
1223247.760039
1232721.966002
1244274.637326
1248293.823026
1254855.245296
1252469.641579
1217647.752444
1227868.900717
1220413.152497
1190830.039636
1198715.865448
1194279.602177
1201251.241276
1206738.668362
1189404.790849
1195569.078369
1178671.872289
1164404.470497
1174274.350174
1165923.309478
1166660.530137
1174577.027362
1192107.296001
1177217.898303
1178075.875603
1178355.962279
1178271.124524
1182880.644477
1171499.089929
1166092.910989
1160370.623599
1154676.873584
1166842.010293
1163947.900018
1158689.273633
1151257.600414
1157989.566034
1157177.429555
1154697.126042
1161292.729567
1163388.631882
1164675.781737
1182404.103333
1174291.233524
1146420.876426
1151084.389402
1149157.764932
1153831.395639
1163558.858196
1165588.771420
1160497.646646
1152739.325563
1145510.762706
1142355.758670
1134335.218959
1127938.465978
1125209.350203
1122735.517730
1132733.049838
1131915.965740
1128561.288065
1147277.805631
1143293.485964
1145395.381841
1146324.373692
1149688.414463
1144889.988287
1135810.775860
1146335.194100
1142235.354135
1138106.717217
1149670.906841
1137273.823780
1131762.081778
1130917.208995
1131603.760903
1120950.141098
1128529.471187
1138555.169417
1150068.961003
1155050.717936
1165371.139275
1172435.035419
1176536.455827
1174260.020738
1168953.044814
1171320.886928
1162474.129578
1165286.924180
1174479.865263
1168623.361034
1165832.441744
1164206.323973
1170096.443595
1178089.805422
1181186.804046
1179351.636733
1166927.841954
1173563.388164
1180327.866656
1179575.900489
1179707.710288
1179974.396175
1189458.090309
1191812.630516
1193384.935343
1184731.942442
1176042.861452
1174525.326402
1171574.628154
1173303.409281
1190991.545037
1195799.031143
1197596.516688
1198909.917779
1206680.649772
1204042.715878
1203750.811157
1201206.458339
1204907.930156
1203070.321071
1210921.370056
1211897.995826
1223581.396017
1214860.939781
1208945.145742
1204684.650829
1175233.565261
1174246.622064
1170222.364045
1172116.299836
1169183.215117
1171146.991589
1183678.585085
1189602.297059
1188307.617234
1187634.208748
1190120.697011
1190491.623748
1181990.582882
1181340.029559
1182007.372712
1174838.698716
1177627.440370
1170335.797728
1165037.194797
1164880.195027
1165418.644857
1181050.206622
1183371.228941
1174940.873330
1175258.951647
1171078.037075
1172404.710072
1175736.537888
1174270.344901
1179463.700852
1181736.248698
1178267.029547
1173082.069701
1174741.204089
1172924.499729
1172603.686447
1182098.422452
1186480.470146
1186366.028836
1186806.443793
1177990.044842
1176930.466552
1175559.929831
1175776.829391
1174163.365264
1174948.366623
1178007.255157
1170810.789400
1164019.384513
1162819.178201
1159115.999548
1164352.498021
1160331.112893
1158223.809271
1177360.076225
1183029.914271
1183673.429988
1177794.791679
1171613.730996
1153391.849548
1134094.251345
1129251.541514
1133528.828975
1142441.568705
1138794.669633
1138371.901524
1128053.146941
1121856.852510
1134476.903987
1128688.283557
1133741.244494
1128483.664460
1117491.817875
1116222.841755
1119052.697653
1126347.241805
1128604.087066
1128475.496054
1135719.960244
1137211.960634
1135570.238382
1140277.877231
1148774.981954
1146820.300030
1156768.784484
1153038.760343
1149021.018678
1151653.964200
1158563.783898
1161534.672581
1153355.946615
1153607.432687
1154290.734304
1156632.897386
1156578.026606
1136119.484071
1134160.610370
1136763.306915
1136887.675421
1136493.511749
1134396.191249
1140008.986958
1133555.021874
1140886.466399
1145717.108312
1151117.001994
1152218.352693
1141061.454571
1141842.038146
1127934.022062
1134850.019033
1143482.721734
1147449.227351
1147495.028137
1146882.007755
1141709.707351
1130985.127042
1124997.577264
1122537.644706
1121297.615832
1119253.751229
1119465.709289
1113345.606286
1116968.268317
1119216.234521
1127724.923536
1124227.204383
1125291.396799
1113308.216742
1108820.917694
1100357.728510
1105050.107403
1102868.990532
1111746.218253
1110767.512498
1110580.260232
1108999.695293
1114293.156181
1113811.625133
1124992.678373
1131074.651817
1129956.676162
1134993.687195
1132174.127576
1131360.376888
1131583.343485
1133690.469916
1129948.205597
1126247.214398
1135984.673675
1143977.790218
1159183.645002
1151531.690296
1155820.340472
1151453.727213
1150810.422363
1156053.114317
1153393.931916
1152010.895058
1152576.063442
1157392.773258
1149078.484913
1142191.736273
1135156.061824
1096868.855292
1102719.935364
1111018.110034
1116377.902477
1117099.251119
1116773.001137
1122672.867852
1131113.413258
1120572.491973
1116688.792716
1110981.666785
1117119.501883
1117188.954501
1084378.002593
1068386.157825
1074385.238447
1050763.632452
1032586.707819
1049138.683302
1046085.461326
1055662.500664
1048282.176432
1025660.300307
965343.643470
967929.318310
907604.392813
923648.478460
890359.177262
912805.583576
885084.678030
892802.613765
902820.095011
892248.192265
953562.342716
966929.615170
971625.031431
932719.791862
941366.157631
959534.000597
931805.342900
935565.059722
971807.443464
968520.460220
971373.987200
948685.944127
939674.719543
952747.991948
950583.960500
930450.511941
948548.330293
957736.956276
944809.768438
951519.252758
949241.599024
969159.863795
948420.941225
935468.316718
943642.504528
950259.302247
945358.917402
933033.459449
922309.658626
929012.767926
951271.284476
944107.945758
951928.305904
942627.237775
932721.051765
936195.893424
943357.116806
938626.125826
927863.531346
939353.048832
950098.842669
965891.828713
960705.845809
980949.136603
986295.464231
973134.814544
969327.394132
940245.883684
943401.814273
937235.843302
951167.244714
948868.205564
948456.657604
951025.466102
959962.105236
943934.039324
946348.570154
937333.443632
942291.975017
955680.311654
985016.616353
974062.745043
968316.663158
960200.516436
959603.409471
967099.401276
969332.242408
970866.443209
966370.914006
963401.042814
965440.944037
972333.159713
966571.226749
959247.567131
954278.118308
948864.593286
948130.420373
954298.060300
936975.474409
923676.099429
925721.767404
937444.325221
