1000000.000000
999879.968026
996573.062307
991948.890633
983955.213994
977729.517577
978601.738807
978898.795139
987546.540317
994614.348599
994388.218121
993940.974232
994968.529577
998665.735942
998652.111781
1001657.835221
1002687.046738
1006771.327504
1009730.984935
1023325.963232
1027924.546657
1038062.302177
1042204.587950
1050861.489201
1040353.180110
1039524.400417
1044403.645275
1049766.481797
1052548.008319
1054783.134462
1073762.947467
1075536.235610
1063891.126818
1074478.974018
1071519.398639
1066810.871885
1073373.894201
1080470.409377
1081121.067821
1078185.849236
1080100.635215
1076063.188230
1069663.817365
1059065.949560
1055537.610025
1060397.484083
1063310.048133
1068903.383409
1086864.107971
1089511.290081
1093655.924416
1083601.028430
1081554.366523
1080948.119209
1077382.767648
1082466.754870
1083290.159766
1073318.018889
1087032.801827
1102194.746088
1108373.606315
1116565.307823
1122409.523561
1125385.551549
1118512.313565
1129204.396731
1129163.929229
1128184.741420
1144943.826052
1147261.564773
1143666.635130
1142340.268109
1151358.849217
1159461.288769
1163000.839348
1166656.511238
1150099.594439
1150105.208501
1157415.505019
1152588.661249
1151875.562716
1142971.669384
1126259.405670
1133726.122282
1140174.473501
1144618.973850
1120419.182501
1102051.725119
1110795.036775
1126950.293418
1134036.755239
1140576.423520
1144129.059903
1138753.984079
1140223.014122
1137522.415788
1127292.704831
1123102.054518
1114165.474835
1113877.340879
1121759.684964
1122426.533676
1120600.911316
1125798.603579
1125367.954982
1129291.997715
1127071.079792
1125988.745285
1117814.169569
1114467.026696
1116962.766376
1107667.550378
1109984.529256
1116314.884781
1139245.061189
1147584.014800
1143799.923493
1147311.957875
1152279.962774
1163737.038645
1160994.509022
1155306.968544
1161318.627636
1160215.437112
1163716.575010
1217637.166626
1229769.331006
1266622.925212
1256951.348415
1245976.017626
1255979.432704
1256651.274324
1269803.698911
1273859.186092
1276798.681476
1274852.579063
1275830.633877
1297129.827736
1302537.032696
1300696.258183
1296919.257867
1325333.971050
1326981.733700
1330070.854311
1331668.611172
1332245.920663
1330740.068417
1324206.667054
1322431.811726
1315284.120071
1300746.755624
1284149.577983
1292646.937358
1303796.615114
1295327.322543
1290287.771014
1298595.470818
1318114.041167
1316506.343800
1317862.307826
1318510.687916
1316472.855485
1325338.438656
1332334.676581
1339408.363835
1343977.171581
1347639.258722
1330640.440247
1341675.778298
1342101.299591
1343786.206708
1349549.339020
1357316.841766
1362841.728338
1366751.459930
1378879.626248
1388318.267271
1398773.825867
1413109.217866
1417053.490030
1428631.664258
1433417.077216
1435501.628465
1452078.110697
1479046.062505
1484793.970194
1465868.634384
1455715.134712
1447373.858727
1465868.796986
1460489.271197
1439480.329694
1426542.172809
1384570.721273
1381906.457745
1365730.965450
1360486.109029
1374895.028318
1400895.308226
1411180.881418
1407930.545112
1393118.569584
1390185.710250
1384074.315214
1362243.711601
1382460.872521
1390407.978708
1392898.788596
1382771.106059
1382829.146998
1388284.326513
1380454.503399
1373407.084234
1381057.629640
1381663.568355
1361463.849544
1337446.946891
1349358.310216
1343752.561576
1324837.008033
1328865.637318
1332113.132065
1341088.610827
1369247.364338
1366404.248437
1369020.854199
1361030.675477
1333877.827544
1326017.209308
1328792.066221
1338260.759528
1339383.575259
1344761.100306
1343316.339270
1339583.879127
1341313.635538
1356026.687981
1363470.971759
1359093.759321
1354411.786456
1384899.682392
1389633.985523
1393888.611360
1403472.704044
1424404.520609
1417431.404575
1403872.059752
1397739.483613
1404794.163349
1410219.840249
1417209.488945
1417107.666776
1421593.397565
1422536.231790
1418493.511220
1414175.802516
1433961.841683
1429453.747083
1451859.472807
1450162.913537
1454553.715577
1456815.753187
1453166.011936
1458630.960720
1472996.455884
1476916.017301
1479353.572179
1484668.562320
1461976.277416
1465767.391270
1460696.933997
1467471.686473
1451235.124954
1442177.033680
1418476.165904
1412434.493654
1432136.576847
1422854.296550
1417106.587775
1406477.997899
1418687.197906
1446765.469560
1448271.047197
1440926.690466
1452054.320436
1458573.236099
1451495.963124
1451800.222626
1446281.866481
1451545.794776
1486324.741258
1499537.246625
1507765.497497
1525137.354702
1530559.989403
1526965.418396
1526807.007462
1528909.590510
1519548.653495
1507171.289039
1510170.537889
1520212.180619
1538095.424800
1533482.511550
1556930.540251
1540263.598419
1526024.356533
1525737.640314
1504951.756926
1507713.058016
1509112.694616
1517784.599380
1523837.031359
1521903.539191
1559388.035835
1566356.505616
1557967.281565
1558851.093851
1566505.138694
1538508.184668
1528841.382419
1536468.751716
1525859.873986
1524174.090855
1526972.159929
1541670.551954
1524846.306965
1530402.547715
1534437.192324
1562633.646823
1568583.840003
1576580.629485
1583393.518603
1589894.385896
1545580.440494
1549932.956408
1535991.391360
1482838.248030
1511554.020547
1511904.881643
1528814.797265
1522097.441542
1510854.356143
1526219.661539
1477904.022540
1465110.328187
1472261.300820
1454075.480414
1453208.620662
1443177.392026
1489586.268685
1487145.969662
1510006.879382
1507939.680643
1497983.878391
1509484.456097
1477327.723097
1463155.771598
1468891.601967
1452318.174807
1467217.696876
1471540.930513
1470935.300282
1443674.596492
1441267.924256
1438832.081638
1445954.347777
1473108.783382
1467451.155570
1478302.068350
1513463.828226
1510852.299679
1480244.490951
1473452.805810
1462773.776935
1479546.707750
1488023.206167
1509035.122103
1497600.611088
1483042.847451
1474172.976116
1454687.424941
1431424.426996
1402358.533705
1397736.293154
1406114.505477
1424436.767640
1427310.947572
1413529.356748
1440334.531353
1445667.294675
1450469.384039
1467853.318757
1472051.845577
1483595.577944
1482268.271786
1521076.072818
1528584.679669
1517851.752522
1536919.941737
1526713.851218
1519372.730157
1533894.902806
1543932.012580
1534213.465494
1532529.665622
1543333.973976
1573687.445154
1568541.563506
1588826.014399
1579929.935786
1579473.762321
1566423.510907
1567911.494217
1579966.740741
1579397.913212
1594277.605299
1634552.210840
1607970.956051
1612388.541211
1618616.684825
1651569.821149
1640605.413015
1636310.770593
1615230.855119
1599130.856872
1614189.025239
1611088.090262
1629056.794732
1641175.585615
1657397.970864
1677352.276852
1678687.895892
1691366.503247
1689099.176958
1661258.442296
1668567.119661
1687865.470741
1710554.698748
1765485.112867
1775587.601219
1771014.430925
1782727.720731
1805803.801322
1795223.910258
1801815.370256
1790329.445057
1789174.004290
1776237.701482
1797857.059600
1791151.555215
1805537.862487
1817596.592362
1806274.329986
1800781.635696
1751257.437287
1733249.647396
1716844.782716
1752864.157241
1729782.336263
1733256.192517
1762379.643047
1783689.775187
1769573.636314
1780150.607407
1777147.263840
1776646.223038
1756278.170473
1779540.150394
1806487.352932
1799653.360941
1807741.583883
1797958.452075
1800406.971310
1792017.407381
1786048.860347
1826603.615186
1851729.328869
1841883.584144
1844414.579161
1842738.928078
1840582.173929
1862768.995065
1876012.103310
1918946.186812
1914002.919254
1920925.263876
1894066.866371
1884696.128682
1899455.785413
1892750.747075
1923960.883985
1927113.249678
1908941.692666
1910586.851907
1880796.444884
1876751.435549
1876137.006531
1895867.441978
1908298.016527
1932601.347804
1934269.776470
1938840.538759
1926156.879498
1930764.669724
1932049.196111
1927089.281324
1924872.572032
1945265.219914
1944139.388604
1947270.718728
1935027.893113
1930590.001615
1894549.611548
1876904.284410
1845340.205168
1846155.796451
1832686.972311
1869338.228377
1857124.214471
1854414.546213
1863448.555188
1874510.725699
1881381.966985
1887350.961688
1889314.424645
1883454.832937
1895719.428897
1884059.628119
1889600.833033
1883864.946036
1897839.580308
1886023.540859
1907770.558730
1931105.333173
1936580.877699
1927341.371861
1910512.691446
1921712.956802
1922722.938929
1909542.076517
1932980.126050
1920477.633979
1943851.080353
1925361.612062
1935358.147923
1916491.989341
1923322.880349
1921918.471204
1914898.702261
1894113.162037
1888158.380683
1927580.303596
1920044.615926
1921728.861675
1910103.044979
1925486.785996
1913519.913377
1847738.594755
1863187.985592
1848518.962844
1877834.383857
1886290.370850
1896706.863687
1934243.274369
1956604.821566
1986683.614326
1990042.371957
2002628.758156
2011459.949438
1999390.049554
1992702.118453
1978144.194864
1984854.379152
2004984.997140
2017786.243483
2028956.493213
2013456.267585
2013836.100873
1986975.099828
2003023.616503
1990200.830238
2011871.425288
1982913.743403
1976370.141242
1973791.577798
1986584.276934
1988233.512389
1990102.709428
1981358.180176
1975521.105286
1981230.485248
1977063.037498
2016115.210572
2014633.184938
2035483.183081
2036529.932923
2034893.429866
2042222.740451
2040516.986335
2044830.937439
2058559.562106
2055627.137279
2049576.422481
2068557.189574
2061903.983130
2043856.224415
2036032.093358
2025036.549148
2056086.498853
2069285.770619
2099649.185154
2086642.115068
2072010.690397
2073408.703282
2070380.006961
2048488.902243
2053253.736310
2052637.147133
1981384.744303
2031979.136244
2042029.064832
2061053.778150
2058536.001360
2052817.038183
2069819.579958
2073757.386410
2076760.111742
2070591.566584
2076292.112647
2085783.894665
2099372.883089
2040443.488235
2027556.346808
2026809.678262
2000078.702098
1932478.613910
1966496.518893
1962990.093941
1986334.919082
2007526.155236
1949574.342863
1838860.561787
1838696.264810
1715378.475304
1784187.896120
1643698.940207
1631924.118767
1579055.379010
1557707.666041
1614809.505266
1526459.123398
1639039.215765
1679444.134106
1724676.943705
1715668.788206
1707711.152383
1738385.020600
1682825.452487
1666833.127551
1748426.042947
1735837.679494
1748132.835370
1752711.634679
1755314.358194
1786339.993393
1795195.583014
1747476.910996
1784773.457234
1805596.603908
1782626.676799
1808419.494969
1812000.411939
1860903.452275
1882312.709970
1828431.408127
1830165.089459
1847148.984475
1843747.200858
1852679.061938
1810228.939300
1803093.691914
1809108.846817
1809354.373030
1823245.980321
1819646.360144
1809102.503950
1803635.498794
1832604.689240
1842363.272019
1841571.915471
1890281.053533
1905835.091137
1914456.390970
1913239.420686
1955390.530776
1969150.417145
1964313.163073
1976279.378141
1910037.955623
1913196.084845
1882501.330491
1910267.080927
1912399.997220
1930276.464233
1945215.413458
1974343.233531
1954294.674945
1957031.103902
1963388.858950
1995654.903586
2031852.977429
2128363.873917
2169251.345739
2161100.295224
2172957.643746
2149223.551828
2160512.748483
2131989.187995
2149820.866691
2166985.263859
2178110.046491
2224627.118602
2233828.950893
2215564.841779
2191831.498555
2155376.826845
2164760.310890
2187142.558737
2197743.120428
2183816.626754
2205268.857499
2222594.114938
2247472.878209
