1000000.000000
999879.968026
996573.062307
991948.890633
983955.213994
977729.517577
978601.738807
978898.795139
987546.540317
994614.348599
994388.218121
993940.974232
994968.529577
998665.735942
998652.111781
1001657.835221
1002687.046738
1006771.327504
1009730.984935
1023325.963232
1027924.546657
1038062.302177
1042204.587950
1050861.489201
1040353.180110
1039524.400417
1044403.645275
1049766.481797
1052548.008319
1054783.134462
1073762.947467
1081356.391643
1087774.155598
1099158.426922
1097783.794940
1097468.009339
1106704.752973
1109015.360588
1114844.203469
1103743.793358
1106435.842231
1110446.868434
1110024.680944
1100824.730093
1095918.604913
1103418.718872
1106280.347450
1114210.243754
1115668.273258
1114948.321201
1102119.900669
1101297.906026
1094308.743780
1092061.234959
1088385.522239
1086984.210692
1078454.060353
1080350.148676
1093873.084614
1105110.763312
1112527.044512
1114026.847071
1118532.750349
1121150.657522
1125286.912270
1127390.547381
1131022.075564
1131791.036920
1139983.555736
1138240.365633
1136669.335310
1124487.747875
1127930.468534
1124913.478463
1131058.267971
1134878.492636
1136299.461473
1141655.130727
1142568.382502
1145734.077494
1144770.968236
1131182.808918
1123614.956339
1136362.540145
1141663.650433
1141490.282015
1123340.490219
1106701.333052
1117993.833433
1128112.022209
1129958.522664
1135856.309705
1142431.433127
1145670.018345
1147076.439497
1134054.829176
1128333.005982
1129917.342025
1118259.094713
1128380.340071
1134625.835089
1137463.713718
1136724.228462
1141532.971636
1150160.170915
1148029.720865
1143221.401967
1139641.400208
1130545.823451
1127467.707959
1129955.219109
1128323.340741
1128306.851622
1129434.941222
1154457.194283
1162694.498931
1166482.102695
1171484.194786
1176832.977745
1186431.339434
1186153.755955
1187620.167208
1187685.818150
1180964.842816
1181485.603485
1168447.283274
1176405.351923
1197349.854140
1194684.131746
1199416.651981
1199596.474382
1193734.863666
1204225.159588
1208760.154506
1215095.473431
1218113.122617
1217950.621786
1230580.511414
1232602.823199
1226687.627917
1220930.035459
1243182.770466
1236035.406277
1231813.390880
1240720.915984
1237045.986615
1242764.666156
1238701.848267
1241322.384412
1223206.090904
1217064.523422
1205846.932339
1211284.928106
1211034.875832
1213035.363821
1214868.833723
1226514.479721
1243616.721164
1244645.744151
1246115.708304
1241846.488521
1247625.673214
1254239.023191
1253703.643600
1260023.258886
1263766.794081
1262655.128693
1250175.844189
1262088.222358
1258245.472197
1265306.979551
1273329.540613
1277751.348628
1284930.197715
1300969.695065
1307502.477616
1312311.932223
1320780.247860
1329901.985076
1341385.146218
1349073.238654
1347194.035609
1351137.189622
1360230.632384
1374179.563535
1365149.989688
1355955.941241
1362014.327921
1354180.278511
1354066.807258
1345786.587210
1333321.014944
1307485.530467
1292901.157313
1282150.493261
1270213.668077
1281416.218072
1301699.518679
1334229.578259
1340965.600376
1345797.645007
1342679.944207
1336150.857525
1327917.808620
1321710.257008
1333480.286721
1340619.633527
1356911.733136
1341282.161326
1336373.547861
1339271.771102
1335653.511915
1324803.435161
1330936.045123
1329284.904620
1310989.552608
1298938.578836
1307175.223569
1298557.914664
1279435.246728
1283145.548926
1297271.639194
1301344.671179
1324989.063960
1325508.933305
1333859.493363
1332135.851279
1318150.938172
1320931.528832
1324826.806109
1329152.056966
1331442.612669
1330277.790012
1328332.593044
1319909.339253
1331552.497981
1334199.563359
1351619.709249
1343934.594015
1354874.686687
1378295.943344
1386660.029512
1391606.461895
1391563.291763
1397467.880130
1390639.834006
1395720.776995
1392598.884206
1397052.290852
1400589.714660
1398984.370025
1393856.355515
1396582.711681
1401170.248657
1401572.885905
1406372.563624
1418074.245007
1419912.088728
1437961.063758
1434918.696416
1447629.214142
1450997.302896
1449563.366079
1456608.453270
1471451.904328
1470915.402216
1486723.066574
1490446.844472
1462648.487712
1472615.626838
1461217.242784
1459011.021734
1446312.342549
1452928.883983
1440694.112990
1446316.291143
1460177.206242
1454920.456976
1448049.393021
1441677.342129
1452536.822841
1472801.023585
1476339.787130
1473205.683472
1485484.579345
1492071.275213
1489212.671883
1488944.399429
1481922.653117
1481809.626348
1490991.941188
1493296.012072
1498622.069534
1505036.904907
1496931.982318
1491699.671099
1482487.211377
1497650.514199
1498886.204507
1512435.053313
1514905.683731
1513613.273483
1540467.598669
1538022.831445
1540672.546450
1535073.953885
1534193.560802
1536853.501293
1530075.898340
1521382.915417
1518738.966898
1531022.526285
1543362.329359
1544529.284457
1559648.125915
1559434.531852
1559552.580909
1557225.925461
1557794.724855
1532218.013529
1516934.645873
1516440.165248
1515899.890761
1514285.728650
1519711.582885
1529063.142105
1515541.072771
1524061.199337
1535537.720509
1540149.468044
1558745.395047
1562394.498499
1570299.772529
1562188.953804
1505708.693267
1513484.016230
1481039.928943
1443633.504556
1469361.473267
1469038.099105
1492150.444624
1495331.221655
1485641.213839
1494297.703332
1476091.005902
1457222.214585
1475768.491980
1454274.438584
1447361.653329
1447585.023534
1480048.922828
1483442.016964
1482983.874148
1472249.820486
1471611.207899
1492374.581531
1482247.962826
1456144.022739
1469117.491349
1452847.075745
1466528.016006
1450303.909477
1436790.585813
1420270.991670
1406996.241099
1414852.243189
1417470.587757
1451083.162776
1446219.387442
1461858.932044
1481689.618659
1471224.042470
1442824.937339
1437166.099330
1435916.743628
1439698.631076
1449617.941984
1466405.825121
1453408.750952
1433689.144952
1423128.089121
1409448.532875
1392115.391809
1367926.691821
1350747.184376
1373711.164822
1393479.309526
1392700.140001
1366943.250330
1391734.547859
1407243.243600
1407041.402983
1422670.073931
1429623.413349
1432508.461901
1422453.240553
1457220.915649
1458065.988845
1457233.181172
1457850.935589
1447169.459068
1435938.871099
1444000.995994
1452370.090897
1434180.516129
1433694.114595
1453982.413364
1479424.111288
1487164.613553
1512966.344713
1511988.520729
1513968.004957
1512246.783883
1504316.085584
1509627.088923
1495813.491064
1506712.032787
1533512.581524
1517618.615861
1520329.735942
1520213.214725
1532105.873684
1521675.475910
1512482.756321
1497545.709672
1490335.910085
1512324.560297
1511367.142620
1523946.528980
1529728.599442
1530729.807200
1538160.875354
1540845.226692
1555097.035802
1555340.754836
1537443.255772
1540134.320538
1548853.207722
1561894.492021
1599668.484734
1603986.783418
1606773.397389
1598268.698071
1623514.062197
1619308.973947
1629998.637985
1614322.879194
1612414.529012
1602572.039932
1621511.258866
1617076.552643
1637339.105298
1633841.035451
1616970.172274
1610143.520092
1577752.987610
1570787.195825
1559199.981323
1564088.635215
1538836.194521
1542839.019665
1556859.697804
1568440.607092
1550460.764681
1538017.244396
1539974.860548
1528086.173395
1510441.739782
1514856.316729
1521147.519853
1522603.841559
1524015.578166
1512865.522394
1515696.402839
1525250.304775
1541419.687720
1576517.250728
1592634.896511
1583267.046634
1587739.108720
1581974.348095
1588722.793970
1605168.065517
1614096.159270
1629483.428081
1618299.216260
1622040.678647
1613580.780495
1616227.919490
1621955.620688
1621871.441014
1643157.304116
1648566.700207
1648849.166804
1641891.256447
1623463.086192
1621754.564297
1630651.507014
1634073.804848
1641198.026716
1668923.073726
1672865.951258
1677040.451692
1669072.489091
1666398.935520
1667612.454155
1677968.744783
1682810.151953
1671775.224788
1673482.425651
1686761.252727
1691989.539410
1684107.355861
1659934.113145
1649041.260655
1618856.050925
1621200.166538
1629562.222887
1657610.725167
1653147.099624
1663403.250317
1648808.968337
1659949.568233
1680012.967652
1686496.224572
1694495.197904
1699609.543205
1686877.128711
1677197.798357
1681455.367980
1699067.209981
1714552.529231
1711458.794569
1719221.785174
1737318.644659
1739216.067098
1734851.213676
1734338.758312
1739772.570901
1732565.192500
1736805.803441
1745921.272490
1739999.892791
1746268.861206
1737832.471793
1744531.942296
1750296.715348
1754436.197751
1750414.236620
1760713.878008
1751252.789469
1756631.349426
1781962.799489
1780724.607484
1785065.498163
1777598.302084
1788720.126738
1777639.821451
1738356.185339
1751433.333217
1775325.097244
1794822.140318
1805345.352109
1816722.823006
1827965.950716
1837687.112402
1856665.331095
1848349.823395
1857440.756122
1864623.999252
1855155.627913
1849450.458731
1853936.663484
1853954.541169
1851045.064574
1859844.403817
1863054.123579
1853260.804515
1854182.438393
1828370.539410
1848473.464749
1840458.809401
1854167.361038
1832620.777305
1823327.387189
1814862.451366
1823647.671666
1828570.167433
1847419.077706
1841199.751812
1849722.501874
1857155.123904
1850483.369098
1863517.804942
1879146.905836
1896537.353471
1901252.762506
1912234.425997
1912120.192431
1921121.645661
1922001.026070
1934968.840888
1926111.030714
1923462.134212
1933624.188898
1931873.993379
1931097.949564
1934226.533944
1940488.526211
1953234.539162
1962515.252412
2012727.368347
2009624.772880
2003882.047933
2004700.022421
2014769.364619
2010191.985060
2017662.108470
2018672.578629
2034434.028433
2091298.326411
2059282.003797
2059991.205200
2060723.575500
2072460.352370
2079722.983200
2101221.307063
2106142.672130
2105907.303368
2120060.846070
2155121.962447
2141017.238097
2067962.537933
2040263.470338
2041291.669828
1993530.265848
1943078.703732
2012942.154669
2003676.233945
2048823.354860
2037967.925149
1997265.590406
1885954.943663
1898565.706229
1763723.785102
1799957.085923
1664799.700355
1692120.499873
1615615.542413
1638412.721882
1680413.640646
1615505.482977
1752002.529433
1792966.177792
1843320.826310
1808908.694594
1816804.378231
1855942.891807
1785193.373285
1777708.307944
1896360.347912
1896589.913995
1909040.298146
1992025.201798
2006288.176532
2017625.648573
2020509.475322
1964339.299443
2015993.331734
2034293.923302
2026200.644052
2060975.089956
2042718.115276
2072065.558030
2084663.380211
2048558.085430
2049871.549465
2097048.949907
2091531.039369
2089736.861295
2054680.801171
2060525.889465
2094850.870943
2088608.920237
2108700.744443
2099587.504983
2103771.583585
2091899.252713
2106433.421529
2114229.573391
2124286.873027
2163431.264351
2169870.021413
2174117.028267
2170811.744894
2183073.133263
2209818.901916
2218162.879637
2246737.193130
2186303.437878
2177106.792640
2178934.897569
2205482.260709
2216889.652730
2222234.715466
2235790.796242
2270123.514348
2238334.817245
2267188.713151
2282558.819820
2301528.581722
2347839.019354
2431601.618514
2452500.480775
2453509.083394
2466233.559507
2482663.835591
2496599.044150
2491153.489169
2531749.872648
2536964.338017
2548298.377821
2605251.964614
2586461.105817
2566820.040770
2522555.163216
2493582.619879
2538342.704196
2546125.533390
2544759.954876
2537085.184945
2561356.766477
2588568.903909
2597043.949074
