1000000.000000
999783.840385
996475.116597
991848.869425
983854.492630
977627.432266
978497.815416
978792.909457
987438.413548
994503.385906
994275.294015
993825.953910
994851.570884
998546.616352
998531.253637
1001534.975691
1002562.512707
1006644.194036
1009601.300112
1023192.503318
1027788.738133
1037923.580363
1042063.516903
1050716.673150
1040208.123322
1039377.204357
1044254.038812
1049614.086882
1052393.341639
1054626.503250
1073602.020903
1080390.777744
1086509.819341
1092787.710642
1089410.331044
1094694.381285
1105070.355707
1106152.488937
1108358.145966
1102084.339422
1102539.576108
1108599.021305
1110908.785433
1101773.412583
1100134.658595
1107646.404690
1111072.341396
1116085.086233
1116675.600291
1116223.482552
1102340.423180
1102058.237075
1095398.388144
1092812.766857
1090780.518270
1087193.305588
1078939.378100
1081821.429844
1095509.770652
1106688.037076
1113571.047734
1116972.302666
1120505.286975
1124643.815506
1127200.125536
1130647.439166
1135276.883644
1136813.321057
1148117.795613
1147831.125465
1151337.401522
1139163.669527
1136601.870970
1134250.535467
1141180.195453
1142262.549990
1150224.053595
1157231.502424
1158029.008483
1160223.986742
1157553.115214
1143559.508519
1132295.097433
1142358.119507
1147283.677069
1142079.529470
1136002.556317
1124833.395222
1133245.698256
1143300.749784
1143567.398389
1144665.734455
1151347.315251
1155735.867824
1154954.596320
1148934.451440
1143541.005698
1146737.906343
1139104.201022
1149029.852345
1153731.328874
1159728.341561
1159955.534230
1162110.049384
1169937.229939
1167124.374365
1164088.600579
1160630.954029
1148234.798953
1146257.826358
1146404.087960
1141684.924755
1140075.830284
1139807.106316
1161129.945440
1170527.000712
1174236.931877
1183829.394483
1187541.216393
1193638.165690
1196102.289110
1199959.583254
1196107.138582
1191051.648945
1194470.795534
1197219.062480
1202677.455775
1214988.240497
1215511.966870
1222376.450311
1224672.634282
1217630.056098
1223910.442619
1226480.617642
1232264.788721
1229686.118331
1232950.007117
1241398.295018
1248029.574436
1242457.990210
1235579.383518
1251606.224724
1252482.969628
1248334.815687
1259408.287090
1255880.605143
1259671.161632
1255448.018760
1256857.216678
1240741.303179
1230269.846498
1220202.403498
1222195.613347
1225519.057828
1229616.646664
1229547.563338
1239894.123985
1257819.009914
1259351.441934
1258170.175468
1251316.687047
1256385.414682
1261134.817392
1262324.996385
1265025.828533
1270340.726715
1270494.349298
1256994.338287
1263021.577702
1264170.396542
1267339.229970
1272756.604440
1277727.736969
1283098.966335
1298713.711648
1303208.872478
1313363.398238
1319303.494609
1324801.851861
1337943.635015
1348119.672319
1346081.477728
1357314.195929
1374110.005983
1387343.789561
1379009.389245
1368883.849150
1380413.086925
1367933.869740
1370058.324871
1361345.152448
1348586.695695
1326053.032472
1306374.541372
1284682.382666
1269119.108721
1278191.332004
1291233.204630
1317723.909042
1328308.163857
1333755.259962
1327094.029777
1315007.363585
1304437.783759
1292060.568075
1301296.337597
1305922.589174
1324274.786127
1306046.898184
1297746.603646
1295263.178975
1289330.064659
1279759.482176
1284175.353721
1285785.685917
1270608.088374
1252541.156767
1259794.381754
1248052.600464
1225146.531348
1233447.633537
1247574.907042
1260886.801969
1285045.601742
1287737.290859
1293733.376528
1295492.590639
1282741.377158
1283596.675815
1289714.489397
1297755.405326
1301881.925382
1299852.695864
1304126.781024
1299789.306793
1309578.771692
1315693.317736
1319677.413013
1309883.520553
1318776.971335
1341109.514862
1354820.316232
1356443.035195
1357168.874740
1355828.726683
1350934.487441
1349157.321843
1346088.143750
1347405.677992
1356757.318018
1349148.919900
1341989.711293
1346321.126898
1347216.474903
1344052.842203
1348319.699495
1356235.629307
1360421.750268
1373005.011583
1366806.978922
1384153.296003
1388898.986658
1388775.482988
1399079.305652
1413612.759050
1417380.741358
1427433.343771
1429790.984270
1411994.196503
1421695.572253
1410128.246618
1407683.134171
1392794.194530
1399635.137899
1394565.916826
1396979.625203
1405315.961076
1394217.306180
1386136.228613
1382045.006369
1391157.692282
1410496.363088
1416848.394694
1415988.729643
1427361.854995
1431874.140564
1419318.010601
1426798.177818
1422680.962755
1423458.957304
1434428.666402
1435700.127093
1436952.029001
1445064.322262
1441893.254619
1436630.918218
1435651.798979
1450573.198205
1446148.703058
1466365.546597
1473002.638957
1473348.260346
1505065.582042
1506349.151047
1505514.553058
1500331.642827
1496364.900329
1497835.109421
1481810.565067
1467407.778426
1473676.164717
1486468.640729
1499302.096592
1502727.264358
1511819.184386
1505985.208867
1504909.307076
1497573.711646
1490775.555830
1467689.086948
1460533.599626
1455941.482910
1463780.995857
1454774.994322
1466216.313004
1480458.333541
1470773.083546
1470514.323011
1484593.736749
1493167.902748
1509925.822873
1514791.296725
1519776.605024
1498882.931629
1437529.093035
1447177.049235
1429566.245805
1392396.881721
1410695.178697
1410665.625782
1434913.181486
1430954.894368
1413506.251820
1420365.621286
1414847.349562
1402022.982579
1423894.298415
1414231.010130
1424108.703984
1427776.429908
1457521.305748
1455945.908273
1461580.820694
1456184.561466
1458787.334406
1473027.837253
1458804.838844
1434508.523636
1445330.887279
1436365.706669
1447821.326450
1440606.836226
1434240.214369
1418388.941486
1404118.331983
1413370.254236
1417855.632406
1444309.684218
1441457.925422
1451826.222555
1473893.172663
1469233.727961
1442507.487848
1442101.538631
1436591.675835
1442037.083426
1453751.556526
1462828.065513
1452300.471190
1436504.102916
1424350.170535
1414111.835617
1393009.237068
1373189.969354
1356150.782684
1373449.963442
1392994.126757
1383035.515507
1366813.620445
1391168.473892
1406303.096821
1407221.355937
1417512.159048
1424542.068487
1422817.962675
1408499.002754
1437395.608980
1437336.684884
1437970.512905
1430549.903983
1423486.177046
1408132.834628
1418267.441445
1423646.069326
1407616.640015
1412451.402634
1430507.423182
1454126.058947
1462465.147499
1479273.037714
1478294.554707
1474232.332778
1473168.680796
1458953.563267
1464181.342601
1453935.039048
1463759.905393
1491257.361629
1479607.624945
1487390.797032
1485178.816716
1485516.424409
1476533.831643
1478898.425880
1471612.789694
1467208.010202
1484856.866761
1487562.551767
1500115.965454
1501703.187204
1501771.177162
1506801.235143
1512517.588074
1520483.695118
1506376.176508
1487705.341981
1498669.548065
1503928.542846
1516373.101276
1552027.617187
1557051.821050
1560168.619689
1538524.393795
1557266.967375
1557687.236329
1560750.464206
1547795.955998
1547643.002487
1549287.923035
1570869.638209
1570155.691631
1576766.993409
1573694.116244
1554963.863778
1548470.999043
1517555.034461
1507352.884028
1496890.076518
1501436.905655
1478770.705908
1485407.288674
1494122.895021
1502666.846256
1485121.268906
1487944.025577
1486589.173909
1471963.847510
1459802.640413
1463459.328230
1468705.944381
1467234.787511
1471638.646894
1465459.804170
1466730.159073
1477908.736491
1489973.510687
1520925.582571
1536930.570261
1521656.631683
1526151.367796
1521170.121796
1526334.837719
1538323.638961
1544192.191859
1558254.020235
1551929.901511
1554121.213555
1547795.394123
1549803.296592
1554091.782163
1551463.837730
1570828.296362
1572183.151019
1577298.551285
1566914.939785
1551773.375265
1547764.103407
1555087.190357
1557474.500436
1564947.453061
1582765.392286
1582961.355391
1584617.417004
1572921.026957
1574250.394537
1575534.928585
1583436.669149
1586229.304158
1562133.540360
1564998.571450
1580279.177347
1586503.629644
1578684.350563
1558826.351906
1549512.608680
1524183.488059
1522631.002484
1525616.748412
1552693.619252
1548884.389343
1554353.688994
1538785.073237
1540442.125460
1560665.831336
1558769.130724
1559760.160729
1557657.163003
1547565.604177
1545669.378717
1547137.462863
1556519.420904
1569797.567266
1561210.190601
1565464.143521
1577299.038413
1577571.490338
1579829.750716
1591084.934085
1592230.291740
1592730.651611
1587949.691055
1591617.247285
1583680.125906
1596708.293064
1594403.403197
1586574.067047
1594996.611755
1609827.402909
1606200.654186
1609032.464428
1593922.826899
1594415.851123
1606293.904235
1614520.856797
1620259.641461
1620104.279707
1633463.435787
1624122.267729
1611002.322451
1618594.143504
1658826.531146
1687105.552615
1692592.825169
1701436.140144
1699195.231987
1701389.563711
1717721.439830
1716294.280332
1726026.841299
1733284.992853
1723625.465456
1719254.992798
1725840.971519
1729735.340577
1727834.985565
1728705.769919
1733193.121638
1726229.015305
1729613.892755
1704827.064267
1721044.682836
1710945.150069
1718409.708077
1702752.001451
1699236.897512
1695520.184995
1703144.515657
1704913.005136
1716930.042131
1711396.243163
1714141.301065
1721489.242652
1723632.897718
1737163.830054
1759704.405618
1772738.465979
1780949.755211
1799554.823152
1800177.640116
1805984.967955
1806044.084990
1812723.097346
1799306.776432
1793177.391713
1809145.524673
1821586.713745
1822875.018854
1830324.887641
1844665.358628
1847006.959540
1849085.070864
1888465.483144
1891190.516113
1881351.697445
1882692.933700
1886325.536938
1885030.930081
1893551.568255
1891469.628823
1918720.598369
1980080.174244
1948679.226660
1956393.079867
1953010.447772
1964466.416522
1973368.317234
1989243.262170
1994950.766452
1995418.547557
2016084.868176
2050179.768015
2038135.830863
1963193.362123
1939932.780320
1930222.557622
1874395.514644
1822631.389149
1874642.327844
1880393.790876
1907164.243987
1898179.361262
1852717.687070
1715110.062112
1728672.782079
1589435.348412
1617513.062191
1488042.037332
1491967.487225
1416151.609108
1442280.989092
1493829.752932
1429323.968656
1553792.683767
1611877.126364
1641509.255602
1608237.526660
1600767.622019
1648823.454717
1584458.332134
1572528.602812
1687930.430739
1675764.413488
1701267.436133
1749326.349453
1754960.553556
1793561.385713
1791981.698769
1728968.321953
1785142.255412
1805371.888352
1789908.424626
1831184.189912
1827741.300117
1864745.852399
1866045.531959
1816896.863701
1821387.245277
1856671.674574
1847050.937682
1839464.334778
1809974.215363
1817468.054381
1842104.423212
1833870.982171
1851790.398831
1848326.024534
1841075.449889
1831534.841500
1858864.157215
1861650.011743
1863706.700295
1913155.847715
1926589.034403
1941454.913551
1939271.168771
1959760.751637
1989943.384857
1975647.261894
2008132.411996
1946038.702710
1939986.648090
1942046.451382
1964038.978444
1967764.969546
1978468.989636
1993458.594589
2012832.772416
1975862.425732
2001052.728177
2014541.890980
2042324.135349
2091905.736658
2188808.258322
2196266.806796
2185828.628127
2189403.016091
2214878.115162
2219047.187965
2211477.656407
2231711.958067
2225993.599206
2232119.814817
2283780.854377
2280943.704523
2267780.641868
2241465.243972
2212961.802510
2242268.459554
2246782.877324
2245880.573099
2225610.330434
2210031.161542
2224646.426314
2251953.488241
