1000000.000000
999783.840385
996475.116597
991848.869425
983854.492630
977627.432266
978497.815416
978792.909457
987438.413548
994503.385906
994275.294015
993825.953910
994851.570884
998546.616352
998531.253637
1001534.975691
1002562.512707
1006644.194036
1009601.300112
1023192.503318
1027788.738133
1037923.580363
1042063.516903
1050716.673150
1040208.123322
1039377.204357
1044254.038812
1049614.086882
1052393.341639
1054626.503250
1073602.020903
1080642.258422
1082264.285934
1086487.343360
1085443.362266
1089499.274307
1092998.116747
1094489.669216
1096537.129600
1089458.076733
1087216.097035
1091409.502994
1090133.560194
1083658.286350
1085616.287362
1094363.296856
1092403.567814
1095647.936501
1096135.082249
1096959.423694
1083379.346708
1086857.162489
1076387.916420
1071296.586407
1069633.302024
1069300.126872
1063982.736279
1066639.271306
1077723.476542
1084919.272274
1096409.289056
1099165.511171
1103818.721050
1110108.625905
1111990.206423
1114297.132543
1119040.127105
1118207.378579
1123144.746394
1124239.681302
1129422.402888
1119607.419088
1115576.389101
1112209.786282
1118220.127319
1119555.781350
1120616.570202
1126045.217431
1130647.719128
1130600.026700
1127545.708460
1112524.993237
1103709.170839
1114668.763868
1116011.721957
1111213.686014
1100160.881596
1090795.896921
1098446.130686
1106493.329310
1106393.292303
1109435.389062
1114980.740036
1119362.323254
1118705.982090
1112458.139944
1109759.754110
1113960.868428
1105794.538412
1115008.787011
1116305.172760
1121745.063923
1120760.273268
1124065.983779
1129976.235048
1129977.461910
1127947.093929
1121043.686860
1112388.817728
1109301.091442
1111434.938562
1110162.902721
1110642.131301
1114467.514395
1133823.316888
1140391.520842
1142403.879333
1147307.667338
1151332.806189
1157230.317620
1157270.342674
1154537.732619
1149024.440621
1142263.216943
1147310.387854
1158280.524277
1163963.165688
1190570.270496
1191282.753042
1196693.604414
1202528.695234
1200368.286823
1206650.430310
1209747.093716
1214448.706221
1212672.342904
1210738.035962
1216453.593384
1218808.761442
1214937.740220
1207066.779644
1215316.232747
1215614.421349
1212441.489223
1222209.490354
1223341.033191
1232019.436605
1228121.720620
1229571.934356
1211165.107325
1206062.350248
1198311.333977
1193631.960945
1197547.683865
1201131.706884
1202716.254585
1210733.515448
1223188.440295
1226267.764240
1221234.662752
1218626.603803
1226096.335744
1232679.821941
1230984.246696
1231683.714410
1236777.331767
1236484.966684
1231703.655248
1235314.227450
1233824.004096
1236471.248060
1247453.358737
1253800.615091
1258942.958647
1271083.522691
1273120.962700
1279414.728953
1285771.137914
1293304.706860
1297674.817589
1308674.103334
1308160.306419
1316631.039018
1325122.656218
1342325.782528
1338072.029584
1336192.309783
1346365.838249
1334644.152520
1337401.388794
1325450.935078
1311565.231487
1287141.385870
1282184.781181
1256869.570533
1246626.056205
1256236.513786
1267563.223141
1286382.554635
1297328.886462
1306929.634085
1296956.810391
1287143.443158
1273318.004699
1268983.240045
1279756.606896
1286684.723330
1300673.437864
1289190.683952
1283672.267614
1279561.095773
1277599.411444
1259901.874260
1267521.031049
1268461.094850
1250484.469075
1228984.132230
1247621.996453
1232351.113302
1213982.109671
1216305.374071
1227775.539253
1236018.344666
1260836.981926
1259374.466979
1266642.455676
1264870.606558
1254767.605348
1263557.536287
1272873.657130
1277703.980645
1272851.282160
1269840.317433
1269314.377583
1261658.697830
1276724.225453
1292300.721238
1288955.590611
1285428.619104
1296872.407509
1319298.544680
1335285.407993
1337731.442789
1338296.750583
1340058.018066
1333286.007199
1329306.383417
1328722.240573
1329381.333104
1338058.383105
1334151.007453
1330249.830234
1331544.834812
1329340.612648
1325669.467255
1331472.973306
1337518.078509
1345254.967330
1355800.427621
1352172.393093
1360550.423099
1366234.299808
1363226.859746
1368485.110991
1373953.310706
1373925.804638
1382318.837582
1377280.489521
1369542.845542
1375958.676656
1366915.720947
1369950.745990
1347046.339302
1354066.825240
1349350.596342
1356908.764233
1360513.273721
1357338.252184
1350420.208103
1347084.675139
1352785.917971
1370250.289053
1377259.314656
1366227.279308
1377975.734416
1380707.194084
1368319.702981
1376521.277409
1373200.202496
1374581.943144
1385485.853844
1389100.280870
1393885.262731
1403925.815668
1402772.091271
1401477.649121
1397864.110612
1408353.290155
1401639.386497
1414811.493601
1421758.308552
1428705.839368
1451988.970714
1456631.189964
1458084.109364
1448399.920142
1446946.155647
1453150.807594
1439465.416359
1430698.130476
1433871.537364
1439914.047377
1450217.186488
1454345.785568
1466261.273583
1468004.015961
1467494.979384
1463254.544157
1459780.613894
1438476.527344
1428857.913794
1425499.625740
1430557.149613
1431165.358190
1440328.600268
1449650.019689
1437161.113415
1436982.450336
1443176.698906
1450585.875666
1465270.090280
1468739.684809
1475711.700699
1466390.363806
1416744.830849
1424492.422203
1400310.194856
1365214.665677
1389514.759125
1384387.599308
1407390.476999
1406479.708725
1385762.724902
1396072.846002
1381495.068539
1358827.890408
1386522.403942
1366115.215972
1367570.764703
1375831.725435
1410392.877016
1405182.745254
1405723.906278
1402002.542111
1402141.744313
1423134.332166
1402124.769182
1377692.930367
1381788.634217
1373289.202320
1390704.280984
1374091.914493
1354096.437405
1340898.910478
1337957.789984
1347025.615379
1350081.995450
1376736.522870
1373876.929621
1381313.448184
1408786.335206
1395757.936010
1371363.263305
1365569.885551
1363979.305060
1368096.994158
1377847.959454
1384841.354355
1371284.586906
1353558.215200
1346550.913607
1334566.792993
1313642.560658
1290371.295945
1275212.745813
1295662.838528
1315825.475300
1319247.551647
1302517.616516
1332969.706068
1347075.846207
1351573.012626
1360480.340444
1364909.191482
1364495.612228
1355616.072347
1378482.656448
1377252.605760
1377369.618386
1380816.331005
1362947.631850
1354716.521075
1363348.996881
1365266.472231
1337689.116076
1338339.168089
1365087.351148
1385282.071289
1382246.822739
1395893.586171
1401423.390621
1398509.084355
1398561.607863
1393372.794062
1398298.910604
1394356.667667
1402274.309659
1420987.758834
1409443.943477
1411046.761049
1411828.955156
1418116.282939
1418707.502604
1418877.879474
1410138.062056
1402800.657325
1422192.664842
1427307.473052
1440189.433287
1440615.002514
1445927.703306
1455795.197053
1463640.002888
1469441.299090
1459968.706222
1445134.583923
1454370.811569
1453946.569439
1464868.136164
1492818.105532
1495944.512395
1498068.384433
1488889.705909
1508123.503842
1504475.276404
1508263.716149
1499095.088877
1499997.552059
1493270.574811
1510740.787811
1511498.832812
1523703.578437
1517905.743320
1506786.720583
1501201.961338
1470134.230146
1465027.632028
1452835.104154
1456377.467906
1434779.234369
1444244.451282
1453731.521620
1468380.625236
1458127.834736
1459315.318860
1458401.442958
1452348.255675
1436315.269701
1443665.616296
1448821.770165
1438416.938540
1441968.304970
1430128.182900
1422160.209586
1436732.076014
1448733.365528
1481724.334047
1493114.696716
1478409.181433
1483504.772345
1479752.254716
1482544.201759
1499392.287723
1499872.024985
1513945.294140
1512160.520707
1511721.223746
1501417.567661
1508231.729247
1510066.771177
1508084.289670
1524726.165580
1525842.998710
1526589.137148
1520396.655174
1509094.025735
1509844.405697
1517864.104189
1520689.922697
1527179.124607
1538873.257309
1540428.793627
1535928.145480
1526162.225966
1522688.169864
1526916.939990
1535337.417729
1536474.131959
1520854.663800
1524818.315266
1536734.842659
1540889.820426
1530338.289586
1512064.613015
1495335.973711
1463098.721769
1464414.461857
1467580.289590
1489716.875485
1485563.892229
1487598.321446
1471002.589023
1476771.674805
1500219.736573
1493721.410320
1499933.201374
1490883.049382
1472141.194484
1477313.180048
1482625.008739
1492600.185478
1499927.258173
1492908.260113
1502418.115025
1516666.753827
1514443.302364
1515967.561509
1524502.774248
1527200.237675
1531015.737044
1527639.744058
1528931.240922
1523961.879190
1531862.140404
1534556.958852
1522846.773563
1528235.864171
1539106.938421
1534860.922973
1534389.588590
1523730.201743
1519936.845970
1530936.178559
1534095.378626
1541351.392687
1539826.484873
1548279.382134
1534208.248472
1526059.397368
1534358.020042
1558029.507370
1577510.355708
1574335.810289
1580998.205813
1574168.623803
1582819.355259
1603898.059151
1604851.399591
1613831.153433
1616503.351486
1612842.968444
1608883.126645
1605739.410452
1610477.004821
1609039.496504
1611675.220825
1612832.841738
1606188.144171
1608448.705500
1597079.012384
1612949.693569
1609057.068749
1613213.679608
1600538.788669
1594085.250573
1585291.160034
1594164.177133
1590515.455745
1603198.049202
1601641.087627
1603219.790306
1607328.811729
1612727.756351
1619183.020243
1635622.438153
1645777.512301
1649183.083391
1661475.755308
1665434.694333
1669860.358060
1669547.372028
1681720.341738
1667862.704391
1663631.825996
1682802.720631
1690326.540661
1695682.633746
1694114.333312
1698702.003412
1707379.423723
1708931.730314
1736642.199736
1732442.837278
1724457.245237
1729232.086606
1729381.899808
1727663.689777
1724407.439564
1724576.111079
1731318.751066
1781412.431091
1774186.407471
1781409.623157
1779211.894666
1789553.642310
1798519.684093
1811360.086990
1803891.686617
1807926.065126
1823891.140681
1849137.138432
1842934.802866
1763357.815635
1737898.304165
1735340.860189
1681069.577026
1646039.982033
1697540.219419
1694535.495833
1722629.257694
1707194.286878
1661234.373238
1532771.363011
1540258.685625
1413657.945804
1459827.901164
1342962.505616
1359865.859668
1298355.095263
1322092.581717
1343768.703343
1302172.280719
1422521.355964
1461358.654949
1495393.909869
1457194.911080
1468703.755572
1503094.672536
1451672.472016
1444864.398083
1533978.553559
1528280.271805
1545061.897832
1570580.458123
1581390.464432
1610960.087114
1607008.217103
1550301.037862
1596831.122224
1615030.739342
1599613.996551
1626642.045845
1623415.682388
1663661.620485
1660374.453745
1618584.000364
1625156.395043
1644719.236369
1634508.173574
1627981.651010
1608465.947577
1616631.308363
1641104.684277
1634040.052250
1653274.876135
1640910.742936
1634102.195912
1628744.058516
1655768.389244
1658145.754339
1662843.001146
1691761.817701
1711738.344812
1728014.651160
1718254.836230
1752085.724288
1771139.242085
1760768.602393
1781057.667323
1718295.962933
1718277.465275
1713042.631196
1739190.109296
1742333.297558
1752645.313987
1772146.432808
1792626.314104
1751544.077838
1762462.284306
1774855.875755
1800495.273071
1830988.407862
1892499.580076
1896853.534525
1894271.949113
1895135.510900
1901185.149812
1897892.840918
1897509.922948
1907656.493809
1908975.389416
1911794.887721
1954810.798253
1962865.620633
1951613.096595
1931324.428867
1912170.848437
1922915.377128
1915350.188405
1923584.092192
1904953.807806
1897206.913558
1915771.793748
1944142.537338
