1000000.000000
999879.968026
996573.062307
991948.890633
983955.213994
977729.517577
978601.738807
978898.795139
987546.540317
994614.348599
994388.218121
993940.974232
994968.529577
998665.735942
998652.111781
1001657.835221
1002687.046738
1006771.327504
1009730.984935
1023325.963232
1027924.546657
1038062.302177
1042204.587950
1050861.489201
1040353.180110
1039524.400417
1044403.645275
1049766.481797
1052548.008319
1054783.134462
1073762.947467
1074635.372149
1071075.238103
1074888.836397
1073194.103720
1074525.286006
1079290.545996
1085589.517140
1084028.630829
1079674.654094
1074104.101844
1072100.914299
1071310.478775
1061817.239537
1061053.946907
1071118.096064
1072650.421818
1076570.326288
1085876.201699
1085044.243827
1085191.909045
1082353.539510
1077673.239024
1074268.090189
1068351.323239
1075533.494139
1074527.514119
1072103.566730
1086689.902687
1098247.668914
1104380.308780
1114584.109636
1119526.140915
1124101.011772
1120004.149707
1130444.427131
1133107.079850
1135039.676219
1148704.850782
1148453.455402
1148928.622352
1143272.505144
1140169.444294
1139677.617383
1145623.590952
1148021.885538
1138389.087613
1138490.086206
1146542.788165
1141277.988948
1138972.839688
1128237.116001
1112486.015505
1123132.478669
1127045.697769
1121804.970439
1119344.858499
1114544.592087
1119100.961960
1128758.678065
1128838.695915
1134147.413415
1138527.450434
1138745.481117
1138978.773886
1138780.520988
1132718.788434
1129552.241635
1125751.425724
1128396.319952
1133809.232305
1135843.907657
1131077.125235
1134034.097660
1138258.830718
1138822.137393
1135225.974712
1132311.127453
1124197.567574
1122457.058435
1122080.163697
1118708.367576
1119062.700069
1121245.155045
1140790.644225
1146935.901307
1149412.011065
1155413.319838
1159782.209948
1170648.655424
1170061.784778
1168985.435356
1168481.188554
1161383.258849
1165642.257859
1196290.397838
1204314.061495
1236585.806638
1231111.125568
1225282.908077
1232917.734107
1234985.902578
1243455.380191
1247651.350759
1248032.165055
1248032.423351
1249800.616023
1263263.386743
1269958.128603
1265275.976287
1260361.271664
1275692.681807
1279752.286239
1281938.308849
1285133.187056
1288192.228655
1283396.104441
1279683.114375
1278220.792283
1265804.536184
1254752.089755
1244113.912208
1244056.885937
1253456.670711
1246598.223811
1245172.769899
1249554.364545
1265694.712306
1256556.955497
1258365.871356
1253013.801323
1249754.292885
1262025.289597
1268847.847211
1272927.900445
1273864.629901
1275656.733352
1266413.365062
1276031.286060
1276830.206262
1278498.770004
1289427.361528
1297604.797164
1304974.073227
1309853.733014
1318369.640110
1333818.427222
1335265.403526
1344155.371289
1349783.776628
1357189.381991
1361167.775003
1373158.283527
1388052.753889
1408519.036024
1414097.232433
1406433.000625
1404468.665654
1392976.496087
1403415.058535
1397067.375836
1382829.971897
1368023.751791
1337940.874760
1324894.158703
1310968.379765
1311153.183932
1324195.567474
1341894.793984
1353182.324587
1355334.847272
1343913.098619
1331245.788189
1325201.760623
1310637.553212
1323766.485406
1330264.842670
1336134.097191
1321162.789008
1323043.444933
1322512.326974
1313237.693824
1308357.952302
1314675.366306
1310366.657838
1295429.041358
1267240.188173
1275625.385416
1270997.283674
1256255.912667
1256610.693910
1261189.509761
1270725.473152
1294526.176210
1297674.837967
1302246.651419
1295657.813690
1283834.844608
1284735.395633
1286893.214956
1292926.614000
1292354.653237
1292619.853891
1297813.869294
1296320.082096
1302360.433717
1311674.111656
1305644.588402
1305062.190850
1303532.307563
1335339.527732
1341651.128290
1347202.201290
1350680.595629
1359820.377415
1354088.298676
1343706.058092
1338751.590332
1345110.070690
1350391.344164
1349644.692344
1345984.606021
1350387.279048
1350503.448579
1342899.931526
1335910.298617
1350596.656233
1352679.297672
1368451.196000
1366384.037856
1364996.488322
1368328.856799
1362784.950180
1365199.637252
1377786.229153
1380237.029196
1375798.117676
1379764.437077
1361251.465751
1368785.782802
1363617.987641
1365248.861133
1343475.079396
1339613.438305
1322030.310719
1319986.259560
1332698.439344
1320509.987271
1316153.956403
1316884.307121
1329241.310437
1349147.856827
1351468.678606
1348679.536667
1367053.964426
1369854.736860
1360253.853162
1362877.559278
1359857.774397
1362618.155809
1385854.944853
1394121.366183
1400344.814629
1406784.125827
1410546.195336
1411032.920184
1416307.438653
1420573.949138
1414049.621414
1403286.195161
1408897.553935
1417698.933079
1432703.431381
1436270.912255
1452662.587173
1441334.148345
1430343.940899
1438102.748086
1421871.863554
1419816.857114
1430571.500785
1437973.698785
1443104.162730
1446143.178127
1469622.238205
1476099.296295
1468787.672061
1464876.496199
1467519.557969
1444544.804742
1435531.880246
1442758.415980
1434464.317013
1425947.930582
1425865.052032
1442797.510702
1430163.950878
1436040.685180
1441400.816586
1461450.658971
1465547.132418
1474035.458191
1482314.393799
1489110.103766
1430410.605995
1432717.525275
1420068.078607
1375238.919000
1396984.158278
1392020.959828
1408191.839809
1405783.401048
1394828.743321
1412655.494293
1378150.750701
1368469.298264
1376766.387069
1356363.698403
1360300.488867
1351791.712920
1382000.020578
1388999.308878
1405494.929675
1394816.375781
1392532.427345
1402308.479243
1380269.456375
1359292.815779
1370510.744793
1355153.157545
1364904.510223
1355311.070302
1348902.241637
1332752.301666
1326248.280304
1329266.331079
1332574.640132
1358423.918669
1357800.444086
1366026.113429
1398454.016168
1388508.675474
1366177.742765
1357064.722391
1349451.538182
1354258.917778
1365410.099962
1371397.341437
1358633.659409
1353407.236882
1351127.931682
1333486.723592
1313713.415976
1285861.773047
1279407.610752
1283694.150427
1301404.502608
1303931.252799
1290621.766716
1314846.379530
1321945.188716
1326630.678945
1335856.858735
1338053.502038
1342864.275832
1332237.220971
1358321.218424
1360609.053336
1360484.738476
1380335.749779
1365293.961640
1360650.129090
1372868.647827
1381124.648516
1364225.970096
1368614.712985
1383354.639159
1408635.358576
1405364.140509
1416902.021425
1417254.656769
1423168.968524
1412967.245309
1407496.852653
1413774.120403
1411075.581854
1424054.524674
1460701.045919
1444792.474944
1450016.663826
1447292.391520
1473734.441621
1474804.975828
1476053.342126
1462741.064497
1450290.291796
1467409.174502
1471655.267987
1480609.770505
1485380.165746
1499474.849227
1517370.182946
1519007.099018
1521896.040866
1513954.612799
1488865.271245
1498546.204229
1505381.974228
1520339.920335
1560904.476335
1569239.739609
1568838.727483
1572722.022471
1588899.954940
1586220.088274
1588430.979378
1579837.352218
1578464.073993
1581107.126403
1611336.372680
1610019.008942
1616920.233954
1621867.501549
1607974.587641
1606994.722688
1570554.782191
1555423.294433
1537559.474926
1555993.196315
1533952.035020
1535147.660069
1553201.629427
1563497.284872
1554296.544792
1566098.191835
1565819.981266
1560404.134119
1544361.766100
1558363.080911
1570921.805583
1563215.184044
1569771.041081
1561600.909352
1564774.267406
1564458.921135
1560687.537035
1593190.712618
1615485.295780
1609868.189403
1613373.294823
1610624.206117
1607462.119395
1622335.507896
1628983.499674
1660648.675236
1651058.239249
1655538.534609
1638618.514132
1640391.681246
1649619.478724
1643699.810338
1667768.519023
1667774.510357
1659696.277230
1655945.552488
1634810.869191
1631707.964505
1631312.291997
1638590.708094
1646159.468944
1650100.997304
1650237.888937
1649888.552608
1639324.427960
1640214.058280
1644015.221664
1644551.780983
1642439.982919
1652228.856084
1654294.289903
1662057.187924
1656164.438058
1650259.968761
1632606.268880
1616380.672888
1586556.858862
1584251.569727
1580149.921302
1611049.280710
1604690.661801
1612468.497464
1612479.866460
1619220.651388
1633902.007430
1632288.368129
1634654.109746
1632165.849960
1636246.451166
1629907.668739
1626847.419242
1625054.662230
1637857.468848
1628173.292286
1641009.435450
1652540.183324
1656026.704454
1654462.484407
1650203.155681
1658892.391693
1653542.327824
1642169.130028
1656604.676597
1643191.334845
1662052.616470
1660107.839342
1662395.992982
1663143.566128
1672364.965097
1666012.393291
1661603.663621
1648877.870220
1644475.231872
1665444.788208
1678534.284688
1692469.585878
1686956.171142
1702828.947980
1690576.150325
1689310.443144
1693526.549516
1698923.092839
1716616.333644
1724959.254098
1728131.671364
1733354.359682
1743177.970111
1758110.042578
1764308.567101
1767812.709547
1768338.241200
1758086.602338
1746005.214886
1746936.722699
1749753.945636
1750067.399426
1758797.070682
1757884.316661
1749473.017374
1750822.686769
1738681.340793
1754552.261120
1749792.788105
1761183.068217
1740791.036074
1731795.208368
1727531.470053
1736000.150860
1740682.785115
1748967.308856
1739333.439698
1733757.602965
1742154.680871
1741511.920727
1768717.025527
1777036.836126
1793167.929084
1794183.404715
1802894.738523
1805367.781562
1799634.793097
1800004.024614
1811786.322004
1808276.761923
1802301.303555
1813637.720927
1810554.250424
1802390.763030
1804426.591872
1804142.655977
1819881.440700
1822726.436129
1832679.120815
1823658.647037
1816293.549318
1817989.918221
1817424.384430
1798080.632695
1794804.949665
1780961.277961
1716327.409666
1747913.042883
1760865.037273
1776626.290531
1775573.358640
1778825.866325
1795174.486093
1803849.027095
1799174.885412
1803610.273498
1808072.374981
1821470.686189
1824580.748505
1769119.257469
1754998.050880
1757124.931073
1734254.607773
1688457.770114
1713108.728529
1719033.796687
1740614.524864
1755851.304692
1717071.404042
1628448.554425
1637133.780742
1536580.217984
1583584.631907
1487320.463219
1492431.989302
1458595.050207
1439342.097621
1481588.278567
1408646.034073
1477495.475698
1510443.966876
1540643.951337
1530223.007662
1521825.839145
1547197.320144
1501375.668188
1489689.746203
1565660.966308
1555040.662377
1573721.642288
1583061.791468
1596118.387692
1629922.834918
1628043.588340
1580896.558814
1614802.742981
1635853.253836
1620193.636955
1645421.875915
1649541.648855
1683457.681606
1701368.489627
1655100.824544
1658627.923365
1676612.253547
1668309.557473
1676402.312662
1651981.839821
1654466.433538
1659547.344576
1658453.868695
1673846.260022
1670591.292756
1653746.399002
1649589.792376
1673277.796050
1685010.127726
1688246.222424
1726801.376393
1734295.463513
1745001.746343
1744644.307998
1763302.877971
1767175.507640
1765500.659795
1780508.408837
1731802.695520
1737646.874965
1718340.977459
1741909.802678
1746220.711888
1756107.435304
1778942.239606
1794286.211122
1776912.491736
1777411.564570
1781741.468689
1811972.453952
1843832.459223
1939230.035403
1953750.416935
1949216.939693
1955460.164946
1938225.891323
1942745.692660
1919554.974705
1913699.323353
1897404.267182
1909141.835640
1941500.458558
1951178.189168
1945491.285701
1934224.885894
1903274.860347
1904171.654612
1920180.728632
1926900.626046
1914714.395576
1923077.709883
1923334.900554
1951192.619947
