1000000.000000
999783.840385
996475.116597
991848.869425
983854.492630
977627.432266
978497.815416
978792.909457
987438.413548
994503.385906
994275.294015
993825.953910
994851.570884
998546.616352
998531.253637
1001534.975691
1002562.512707
1006644.194036
1009601.300112
1023192.503318
1027788.738133
1037923.580363
1042063.516903
1050716.673150
1040208.123322
1039377.204357
1044254.038812
1049614.086882
1052393.341639
1054626.503250
1073602.020903
1080908.056728
1086588.353676
1091548.767456
1088780.702105
1086572.553427
1089156.314442
1090267.806164
1084630.898313
1086384.413245
1084344.717396
1082622.880844
1084632.094561
1080486.589143
1083303.689683
1088522.205693
1090057.345541
1090792.227263
1095833.172285
1093827.746586
1083120.963397
1076071.907205
1070376.909286
1066347.714000
1070562.201741
1074832.617743
1074327.589526
1075068.595844
1084780.013427
1086011.110010
1095432.921021
1098997.013245
1098855.079891
1108004.528233
1106355.179732
1109937.261358
1111697.329486
1112870.441641
1115478.305874
1117261.188638
1117947.580385
1112525.352428
1110254.669128
1118273.174913
1119237.496825
1117720.727376
1113680.906010
1118777.203890
1120231.777167
1116598.075094
1110943.886178
1099147.918303
1085184.616503
1088054.813378
1093687.376736
1097064.560681
1080644.550385
1069084.514634
1074998.792641
1083276.932639
1085281.411844
1084128.979697
1090489.186468
1093584.637689
1094380.829425
1087413.834695
1085097.473658
1086975.146194
1078026.939830
1079547.160932
1082799.224514
1087519.453391
1086041.505668
1080279.695907
1082438.279384
1081017.235254
1082616.498777
1081304.534624
1072883.485238
1074850.686776
1076952.393999
1069055.235489
1069534.405209
1070614.558789
1092273.817664
1093808.632778
1092208.222496
1096801.739286
1098522.331629
1104385.344026
1101983.753685
1102055.477120
1100513.170510
1099557.782876
1106058.318941
1141777.346824
1137662.804875
1146224.307564
1149767.310106
1145198.121723
1158888.771603
1160201.224388
1166914.241321
1172254.982972
1168100.054175
1165270.214851
1168055.653303
1173004.546525
1170806.994734
1168704.252802
1159834.332354
1171822.622962
1169570.887236
1165991.528247
1167476.785577
1171481.243396
1179376.758885
1180112.133546
1184028.135323
1172528.350612
1158432.277181
1149406.504728
1153640.138903
1156021.967467
1152415.247991
1156314.881944
1161136.728691
1170113.168886
1172986.651062
1169070.214810
1165718.221234
1168094.588116
1174373.067632
1175720.859683
1177397.881016
1181621.660946
1185052.567341
1183519.629023
1184243.597420
1186961.650443
1183123.502357
1191688.287067
1201214.955602
1205650.716441
1210318.068292
1212059.918946
1214955.835456
1221195.973857
1230483.020012
1233894.328381
1244495.778125
1239429.937014
1249646.497685
1254609.479764
1277240.443926
1277667.666502
1267857.848573
1274685.519713
1266986.295855
1259547.606109
1242046.945323
1238716.019665
1226062.052069
1202156.695930
1204841.664003
1183492.995119
1188247.229601
1187477.692577
1199211.558989
1202041.892532
1206746.502609
1202021.643595
1200935.589164
1192655.218978
1174917.489059
1192406.456232
1190971.090491
1199570.254198
1192777.301593
1192950.401429
1186767.176089
1184749.899682
1172162.164689
1178862.009175
1178396.818544
1165333.361921
1157246.151143
1164804.316422
1180886.967553
1170408.815913
1163256.292813
1164589.554043
1186600.396196
1202118.371098
1201519.582940
1204880.539920
1200400.279588
1190741.406272
1196731.732770
1203758.675595
1210170.258834
1211280.276381
1214021.246246
1216842.538389
1204648.122564
1210260.640807
1231818.334040
1226223.253697
1225706.532348
1229527.157151
1248350.389582
1256560.993177
1258547.029421
1263622.496208
1269236.331284
1265381.221434
1259087.572624
1261327.210064
1267352.659351
1275024.422215
1284402.008963
1277264.126222
1281722.722909
1279834.147565
1273560.143889
1277937.598420
1287924.852860
1286488.327864
1289751.930150
1287488.975527
1292670.206200
1300471.632591
1303292.864576
1304560.781228
1314673.036120
1318036.727574
1324573.150452
1318668.990053
1304510.873043
1308625.767954
1301592.799248
1311291.918899
1294166.153007
1296859.351229
1295213.680282
1296033.345593
1309112.354339
1304014.374385
1308494.797657
1298614.127329
1302495.619033
1319140.885616
1330230.935801
1322383.948806
1335267.878339
1335565.493546
1322803.894602
1326613.157180
1323416.841472
1323454.705006
1333080.532516
1344000.392115
1349804.374847
1352731.825798
1354816.943206
1362677.157744
1371374.877252
1381757.186679
1373415.631693
1363838.015424
1374237.328743
1387799.521731
1401145.561519
1413663.201470
1419819.082703
1403063.258488
1394616.437454
1402545.822601
1401638.199691
1412585.112586
1417370.604294
1418432.184706
1419256.191115
1418351.822976
1435802.816090
1437359.095900
1436135.161454
1426041.790015
1424362.367455
1409811.326838
1400876.451761
1401624.061766
1388774.675984
1387863.419513
1396807.900677
1402716.082259
1391046.792308
1387774.096397
1393433.863271
1397402.269688
1413350.729003
1412054.383406
1417449.818480
1418122.730088
1372838.327469
1376217.787783
1377199.892968
1333803.817854
1345855.424774
1352805.568286
1371091.380722
1370288.490869
1360439.207601
1361698.007693
1337372.556252
1326805.539516
1325953.892711
1305171.589461
1329032.509332
1331110.277370
1354653.422837
1350582.372143
1350285.592610
1358484.240431
1354791.357511
1370450.614168
1365018.452474
1355692.044436
1357917.527153
1347572.932492
1357282.768899
1357895.164789
1353921.965285
1341840.255220
1338247.887874
1338223.591877
1341718.770180
1361450.618110
1366615.281817
1372085.035662
1373156.165866
1369219.003190
1329335.785894
1337945.610401
1332491.191781
1341995.425374
1354200.665626
1363339.125900
1360930.927966
1351030.815269
1343002.321427
1348325.694024
1336456.169406
1318443.290666
1313696.166155
1319396.709294
1335121.195944
1341830.861024
1337127.847892
1352203.314869
1359033.365325
1368465.174970
1376525.205785
1378209.931315
1373491.084293
1364271.508336
1387019.120418
1384320.040744
1376795.331790
1387767.173529
1380316.557576
1367069.540165
1369587.276737
1362559.073254
1348695.648367
1350557.581246
1368491.919070
1392957.868478
1387555.232969
1400671.704805
1398636.585187
1392353.487497
1389581.666560
1384206.279054
1393099.606338
1386225.477318
1389428.390342
1401927.138837
1386626.394523
1382188.261424
1383911.722300
1396485.444139
1402174.427894
1404518.777115
1399040.653958
1387122.366594
1400805.699557
1406245.098761
1413876.921614
1413424.997256
1420871.425615
1431994.636160
1438702.549133
1447791.300821
1443546.191856
1430405.201163
1441227.207755
1442548.760496
1459444.719676
1479737.836802
1486294.138772
1477687.770816
1476092.102372
1484037.924138
1482502.913894
1480350.147478
1475332.990615
1474970.890036
1467053.283340
1477514.100551
1468724.261266
1482242.719104
1481860.949232
1472596.101941
1482146.666239
1444501.708229
1436412.179506
1431526.055295
1436991.812324
1432146.220620
1441346.080997
1449367.776297
1464951.029004
1465228.598424
1487817.398916
1479344.576102
1485395.322718
1474950.188937
1491737.517591
1496361.772940
1483279.309447
1491133.897266
1483656.444445
1489876.964681
1480243.624249
1476189.894494
1502470.486682
1510147.926240
1505636.827025
1507144.793678
1502675.465985
1497926.435020
1505951.619137
1507982.006676
1522935.180118
1517099.823534
1519662.279359
1523551.769920
1522959.168614
1520770.306368
1515515.005950
1526708.632901
1537029.230283
1536076.687949
1533612.431520
1515358.182299
1522288.568582
1521727.385104
1524839.614343
1524392.530417
1538427.971060
1548438.595570
1549761.848285
1533174.871581
1524196.869522
1522865.964532
1521940.235920
1517575.560534
1520529.047489
1522185.868462
1535875.527874
1524092.757792
1516972.788760
1491562.403137
1474247.805341
1450252.407147
1445515.027923
1442238.052052
1462640.212285
1462310.012168
1463789.975308
1463166.933868
1459124.866937
1467530.917521
1466163.286637
1469590.403316
1454791.578430
1455933.145940
1464310.020594
1467525.027900
1465242.794196
1471020.634130
1466481.143367
1476230.401498
1472281.490108
1476506.363227
1474607.550801
1470992.197184
1473103.443785
1477238.103082
1470947.662547
1475430.582407
1466366.525384
1502455.701391
1509522.125515
1509584.526679
1489332.139401
1495157.245302
1499174.077370
1498616.336671
1472150.607855
1465824.945343
1472207.866701
1468116.286627
1464275.615961
1459445.331505
1474990.560597
1471868.081239
1450679.619894
1463709.245831
1461862.052476
1475296.015638
1489575.382549
1505096.617090
1512357.502155
1516087.876639
1527725.749483
1524544.377123
1527880.112173
1529017.978811
1524399.765698
1515314.426781
1506200.373834
1503016.107440
1508398.111966
1512850.179916
1519821.157713
1515059.841897
1520115.829355
1514843.381735
1529619.638683
1530347.671192
1541442.488569
1528323.702269
1522037.238691
1511625.056704
1520510.650346
1516637.878132
1516846.828695
1515168.909838
1515810.903263
1517466.047138
1517366.043269
1525335.057527
1534716.393837
1549829.583840
1548169.382739
1555440.974552
1558636.495859
1555241.252940
1553984.112905
1567624.852135
1558740.489997
1551111.192108
1561695.366192
1564202.168076
1557630.770250
1549448.791309
1550523.901898
1563729.524722
1566576.834022
1580224.666233
1573927.694481
1572170.821494
1568597.103193
1572824.747111
1559723.331526
1555374.606378
1559048.642488
1503715.197972
1529707.511543
1527537.971982
1527426.648829
1528193.717275
1529550.111298
1537051.305585
1545328.644168
1541802.365401
1531154.571194
1532544.243242
1544458.363402
1541992.225351
1504107.579292
1491063.136164
1492310.017639
1472893.142138
1416289.445655
1437451.533947
1440089.737302
1454992.629271
1447662.972193
1404199.036840
1318968.784235
1313635.006941
1206120.900496
1240916.036222
1177247.365844
1187454.789402
1148140.197950
1144823.681138
1181658.488190
1114327.785920
1185476.683457
1230907.905963
1251439.406846
1226903.423005
1218241.260615
1257798.992871
1223297.452171
1210125.873512
1281239.742807
1268017.924948
1287108.805258
1279137.819662
1294926.286952
1319302.670418
1321832.078986
1289785.917306
1319915.210192
1343084.092473
1320393.211048
1330775.173328
1329938.344923
1347798.195279
1348536.846029
1299813.672375
1301733.239152
1306728.125791
1304012.243349
1316750.101633
1274563.602192
1277943.793972
1284162.624469
1275508.213866
1289093.109015
1278088.988797
1273243.550552
1269421.340013
1292194.366551
1299720.805557
1295701.124804
1320984.203171
1330541.954812
1346506.914926
1343653.079734
1365938.044391
1376643.428414
1366589.636832
1372493.576686
1332922.693791
1334269.079358
1322864.354435
1342138.470609
1346905.289431
1359654.180889
1376808.407955
1399712.224687
1368852.477711
1372231.190678
1364840.730152
1384992.984635
1400447.532969
1434555.549944
1435074.866222
1429842.941639
1438429.936635
1432391.916126
1443815.804216
1431841.005124
1443879.711418
1453910.119650
1462968.432681
1481789.453939
1490754.055486
1478397.529120
1479049.112669
1468284.745097
1465058.971016
1473373.439550
1463820.786627
1443951.493547
1447497.034543
1454928.877959
1467737.297430
