1000000.000000
999986.415647
996706.985359
992197.151521
984348.364128
978059.092532
978903.221957
979021.859655
987527.707043
994563.408810
994158.083297
993737.675199
994811.788784
998646.068387
998425.588583
1001407.773625
1002469.135726
1006645.260036
1009689.449224
1022803.469545
1027408.665063
1037601.997943
1041899.670267
1050699.773842
1040267.113093
1039249.786912
1044153.238396
1049560.049279
1052167.682776
1054439.897884
1073374.788959
1071816.316894
1073807.969961
1078805.860072
1075978.143866
1075223.677307
1079497.737612
1082784.003316
1086192.366971
1082461.340716
1076456.736874
1077849.572505
1075976.710846
1067513.599296
1068017.795802
1078626.300113
1083516.399773
1087503.272795
1090973.068652
1088203.814639
1077156.878639
1078934.081756
1070313.555263
1066888.090089
1064754.873747
1067964.599203
1063187.213838
1065252.409048
1075891.902817
1080674.643428
1088032.071267
1092629.356347
1097773.765281
1103581.036053
1105456.294168
1110557.955092
1116650.209121
1114233.099370
1122776.480167
1121169.219660
1122477.568256
1117022.824040
1113212.201754
1104287.770257
1109767.442643
1107887.091165
1107756.785280
1109050.692328
1115127.909626
1115465.284192
1112137.032877
1091185.733549
1074017.794892
1083917.656274
1087545.384169
1084411.898834
1081192.494393
1075509.940915
1087696.616580
1089642.075299
1086538.661476
1091755.588596
1095973.345504
1099423.237001
1098351.190422
1094013.233894
1092207.432480
1095295.802202
1091816.977991
1095912.991401
1097699.152712
1100411.396588
1098043.849424
1103234.871533
1106048.143905
1105879.529595
1102510.997366
1099792.630570
1091832.269634
1091039.981510
1091042.140240
1088736.211799
1091596.214487
1094241.184398
1108011.731349
1112889.884892
1117635.854083
1117947.319641
1118423.572079
1124203.937710
1124915.406961
1127502.336745
1117849.008767
1113313.782317
1116578.917436
1122097.990304
1130008.783639
1147620.703000
1147303.893130
1148541.156548
1150565.079162
1149785.639594
1155972.777653
1155980.344086
1157376.222644
1152686.360104
1151873.317790
1165609.781617
1166734.333902
1162142.680571
1156878.677908
1161860.748111
1158359.764447
1155801.241435
1164770.680606
1167950.453824
1166864.546266
1163063.571793
1166915.789053
1145852.664327
1133589.753089
1123772.351548
1120560.271135
1123921.723085
1118368.009717
1121144.273593
1125874.039260
1136868.653788
1133780.928737
1133506.080054
1129551.536463
1135887.375292
1143865.571378
1142610.904720
1141086.492168
1144092.037337
1143398.496118
1128927.477334
1134278.066589
1131369.663205
1132267.324332
1139663.699241
1146488.595363
1151758.972915
1158486.353228
1164177.250313
1170956.252730
1175582.048008
1181723.968789
1183350.009027
1192146.210879
1191146.374889
1199045.965372
1209238.356668
1223147.196535
1222356.484355
1218700.133430
1226368.818478
1213814.985367
1218835.624142
1209815.558308
1196088.713502
1178735.252562
1160719.177098
1137053.895089
1126374.082452
1133906.118717
1148709.411914
1157495.676871
1169201.060341
1174642.522182
1163147.479624
1151474.119780
1145655.400724
1136666.306705
1147293.374103
1151745.448394
1166172.159488
1153776.660562
1153913.317797
1151112.469040
1145070.970734
1134187.387590
1139879.342053
1137171.853119
1119134.115774
1095665.758576
1108207.132412
1116101.223379
1098628.764760
1100325.167163
1107409.411150
1114762.800984
1130890.393179
1128507.240644
1134502.864547
1131614.431465
1118466.056337
1123535.626505
1126165.002464
1119739.898741
1109199.393530
1111221.313815
1112243.814887
1107673.071742
1111344.276174
1122921.278951
1122677.554558
1113720.577395
1118665.758452
1141670.492481
1158358.179959
1161501.545009
1160178.196439
1164006.567984
1157404.496417
1152720.346549
1153196.110481
1155709.282300
1162607.145376
1157762.173895
1155107.260847
1149783.172828
1150009.115433
1146110.336449
1144770.758584
1153647.309423
1156968.758936
1170574.284152
1171997.862170
1179137.528737
1181649.215090
1180025.257976
1184216.628548
1190400.966313
1194334.579005
1196357.089089
1193503.089683
1181898.872019
1184395.895137
1175471.046502
1175930.628198
1151123.284132
1152459.770483
1144242.389749
1147868.702860
1153889.355351
1151741.563728
1144665.814393
1144787.370331
1152305.296985
1167548.851023
1170274.928390
1159929.069910
1173843.470469
1172072.382746
1160589.682864
1170326.684076
1169442.103647
1171680.562201
1178861.198423
1181852.623488
1184861.832298
1191243.598117
1188935.079653
1191036.402006
1183748.191570
1189343.749934
1183597.630661
1176373.823736
1180195.604435
1185907.653337
1201119.666656
1202151.346618
1205450.454240
1199448.780419
1188380.745674
1193242.201123
1179628.732942
1165508.939960
1178305.904302
1178122.576066
1183447.014016
1186916.266482
1190757.741901
1192072.652635
1188973.277099
1182576.678789
1181478.966887
1164583.700014
1158477.315537
1157589.747249
1153164.197948
1150977.910631
1150942.354072
1163509.031544
1157183.254717
1159296.012374
1163003.406988
1175972.960084
1180306.913406
1185960.541874
1194559.849918
1186246.747242
1144117.650148
1150839.238108
1134266.692572
1099153.692108
1114129.643003
1103731.803369
1118191.189898
1116231.493680
1103902.309244
1113429.870283
1097794.020184
1084445.861502
1093155.728673
1079606.778730
1090653.983468
1096618.677716
1116456.552344
1116602.496583
1121155.267573
1119745.877726
1117168.378684
1131910.229861
1117832.766615
1104810.242764
1106871.888971
1096967.577553
1113335.296746
1109122.901100
1101291.876822
1094847.446887
1093988.379786
1091246.505993
1090819.296247
1111212.882238
1109172.728979
1117390.384877
1117177.909618
1110127.685303
1089103.808062
1083535.198992
1083817.348845
1086701.576301
1092065.079646
1098613.657096
1085238.605857
1076303.988620
1073453.074412
1063907.576566
1051749.015527
1037231.598364
1025096.873044
1036825.816298
1052462.801570
1037011.461988
1026156.084674
1048292.740741
1054867.916822
1061249.342126
1067118.221414
1070831.609183
1066789.708654
1054955.026252
1076290.066197
1075836.775670
1075459.556467
1091447.810569
1091487.263753
1085787.934756
1090052.589875
1092040.945281
1080543.973700
1082648.620280
1100078.783638
1116167.382307
1118929.871077
1128427.671185
1130672.652867
1129405.642822
1125771.101204
1123653.960929
1129569.223104
1126355.452275
1131691.685343
1159249.024333
1144158.806366
1142409.388908
1140646.313713
1156990.181803
1167105.284255
1168541.227888
1161705.871060
1154094.389761
1169576.458527
1170705.140561
1180860.849072
1180569.808861
1190343.359357
1198665.891673
1201144.077089
1203345.539261
1198584.851628
1182594.854821
1194410.636073
1194096.791541
1205600.273974
1230356.763313
1233340.939327
1233815.821541
1226581.392585
1240155.588328
1239020.494049
1238435.800840
1230536.158716
1230598.529645
1227968.672127
1243565.745051
1242537.393533
1249495.381518
1249462.526016
1236833.771508
1230731.664989
1205161.327414
1196157.610713
1187342.989699
1196894.718753
1182629.792548
1185207.938931
1193849.426940
1204275.309562
1202018.950848
1216672.477992
1221458.404127
1220655.947402
1210053.401126
1213203.403640
1217350.244377
1208480.005779
1209416.358978
1201074.423646
1194228.742777
1211769.181835
1221590.861368
1248232.333332
1257912.318899
1249691.211605
1251667.836487
1248619.178024
1246303.281148
1256955.160540
1258163.727334
1273111.795169
1269955.625307
1273475.461418
1261823.411573
1266703.651331
1270624.360399
1268786.193697
1287893.333401
1289751.541952
1288751.963248
1286891.166040
1274227.407040
1271876.941635
1274079.765024
1272778.821419
1276639.122384
1285060.100473
1289524.908000
1292467.580620
1289614.839061
1283658.498886
1285984.997475
1290177.582863
1290734.073577
1291410.291860
1298790.359783
1308474.064886
1310711.337465
1305925.102481
1301091.691186
1286310.164029
1254965.757335
1254931.428687
1249421.748144
1270607.179117
1263770.139920
1264392.430982
1251017.790764
1254893.262508
1272821.214097
1268130.286805
1274655.806632
1270443.771790
1253714.073952
1261148.166645
1261918.242738
1259553.976519
1267169.672273
1266372.482755
1277845.843489
1285004.536087
1284666.594180
1279939.446366
1284368.752652
1291892.673787
1286118.052350
1279861.204456
1285219.479049
1277490.609918
1287650.503363
1293451.042698
1283488.902152
1288524.210663
1290373.852515
1287323.586716
1277726.337475
1271258.307044
1266801.421233
1274197.173160
1287617.412599
1289606.845521
1286556.570791
1298818.267753
1283488.912121
1293644.016962
1300401.551024
1316489.132250
1323954.006839
1319714.273321
1327252.769405
1325956.156574
1333614.170474
1343206.528205
1344504.630156
1342962.051797
1341484.256049
1336947.383453
1332548.615882
1331637.733408
1329391.795979
1328887.315503
1329470.259931
1328272.117404
1323738.628658
1321593.628341
1314509.752968
1328285.048874
1320235.395684
1327477.143219
1314220.947855
1306349.090671
1303282.003881
1307396.210064
1303934.499336
1314407.502552
1311730.887139
1313942.010805
1315031.244470
1320032.179897
1326855.366908
1334572.574449
1343969.664187
1339145.408227
1346740.162996
1350053.660777
1356513.327222
1359238.154500
1361241.457005
1356435.893755
1351197.740561
1366910.653686
1370440.153487
1371433.418726
1372708.684671
1375487.291114
1381257.490320
1383624.786037
1404020.860799
1404465.166111
1404608.701636
1401847.985049
1404439.364480
1392465.377574
1389686.542321
1387711.589657
1403822.783248
1434389.736292
1438825.746699
1448821.241489
1446463.528300
1454875.334406
1467704.656882
1475728.600734
1469758.691946
1475629.199837
1486241.809477
1500987.657341
1501046.716284
1450800.850312
1425572.531799
1431051.420812
1392076.770800
1353046.701490
1384263.340858
1381661.070918
1394315.275351
1387191.476169
1350690.201532
1269658.059479
1276540.469531
1194646.376025
1234713.501514
1178349.932966
1176062.113979
1122624.009888
1128502.957797
1150876.224215
1119046.994123
1180712.586881
1205467.716686
1232783.096453
1213275.417717
1225106.520540
1257871.327788
1230015.303339
1232503.006320
1295806.574453
1288844.224427
1299149.254399
1350691.984648
1353719.329506
1375959.369189
1375615.624021
1334927.347479
1374643.553053
1379824.986676
1369946.193359
1384983.701503
1389239.875077
1413388.238764
1414003.038711
1384548.779322
1389090.060622
1407556.654763
1399005.670604
1393309.121605
1380810.935445
1379959.789277
1393424.452371
1386786.831667
1403459.681737
1388730.748941
1386464.590657
1385337.592855
1421157.403814
1424830.438744
1425847.207288
1459382.048879
1470809.749470
1491586.335782
1486773.395670
1504958.497930
1516447.499438
1513090.327051
1527330.895780
1480221.820506
1483965.928437
1473966.195115
1491054.431214
1487609.749448
1493530.893391
1514731.471968
1530384.827277
1499716.772350
1514123.953836
1525714.183973
1536736.563502
1559216.442376
1615502.715891
1605689.866661
1607319.483083
1611284.827722
1625456.407791
1633260.937857
1630258.377821
1640001.228639
1630071.190607
1637518.051926
1677308.739139
1664507.322595
1653170.814611
1639573.472623
1622183.119576
1627146.425508
1642059.028435
1638556.622972
1626787.140312
1615441.712682
1627254.651208
1642783.283499
