1000000.000000
999889.958633
996473.847517
991719.193345
983725.502395
977589.695160
978592.213250
978808.413544
987469.954680
994520.991734
994157.655033
993665.462572
994671.216873
998331.535808
998207.635258
1001414.687027
1002561.661457
1006714.704463
1009703.833809
1022594.606635
1027127.986337
1037297.625902
1041498.179974
1050349.909764
1039753.749786
1039126.278029
1043979.086446
1049464.576461
1051863.999256
1054118.332747
1072825.858197
1076835.957689
1069769.239672
1073380.296336
1075041.622115
1074269.596959
1079115.499205
1075302.238771
1070572.592340
1074307.509751
1070653.612955
1067746.737526
1059260.303544
1054256.208504
1059078.045420
1069008.060147
1062724.037128
1062558.132106
1068088.473088
1071970.898940
1074493.285207
1067539.223498
1057802.701633
1053617.182919
1056569.376793
1058551.622354
1054558.276141
1054742.293287
1058047.115585
1062657.091447
1075811.224868
1080924.369400
1082879.319694
1089066.865066
1082925.618299
1091560.869042
1102122.498960
1097171.121043
1096098.163864
1097495.831137
1099547.423576
1098281.917288
1083790.043256
1075419.673182
1088157.658541
1095108.227426
1097471.074938
1102040.468963
1107982.524510
1108768.875812
1105410.023843
1087047.528062
1078480.237631
1084100.556748
1091493.513100
1082897.090187
1078180.568685
1076642.087274
1086738.413524
1089532.356695
1093937.864273
1095414.646068
1097574.281348
1102917.416060
1099285.784694
1098409.022233
1097646.252462
1103108.776823
1098631.668476
1101844.603528
1096123.732820
1098332.015867
1086938.595831
1086553.153953
1086594.344112
1089868.612154
1085900.315280
1081960.297128
1085300.221872
1083916.850352
1088545.122737
1090907.759033
1089064.132885
1096167.099140
1118182.819120
1123491.088777
1125910.903662
1130456.370137
1128560.193351
1134786.553881
1136078.193857
1139143.628592
1131330.383656
1126089.456499
1128777.040445
1124217.079595
1134469.064876
1162353.496503
1160725.702144
1160736.885034
1160473.602206
1172583.200671
1176154.495635
1175919.592618
1178959.832045
1183106.263816
1178851.856250
1171093.641109
1176563.343337
1174012.675322
1163441.672960
1164976.441754
1169401.125990
1176645.731952
1186066.717233
1187351.356510
1187237.790069
1181011.158118
1188696.675086
1170575.865117
1160387.746006
1160943.221761
1157861.575417
1165252.171695
1171876.375441
1161803.146326
1169755.764454
1183551.870163
1189168.744356
1188408.427411
1177341.057439
1185036.300289
1188040.373255
1191254.368385
1187003.343162
1199465.671139
1195568.670849
1193258.456350
1190198.225389
1196254.888709
1195279.376965
1201689.579015
1206724.467986
1214769.732616
1208720.595647
1212891.207283
1218924.039767
1227847.884388
1231381.212294
1227968.978013
1231621.953186
1231419.364777
1238579.347341
1244043.303259
1255123.702926
1243887.123295
1235173.577095
1234688.683041
1221795.571957
1228136.074517
1227035.220269
1213582.991619
1192984.402009
1178160.009256
1147255.684019
1136831.417762
1148279.829376
1158857.345401
1158275.294156
1171316.977236
1179787.860986
1168090.588739
1157290.050059
1151935.929295
1151548.359210
1161763.833280
1170322.699367
1169029.133034
1152689.719416
1148269.997559
1146216.468413
1148674.424050
1132459.538325
1135908.814820
1131173.083904
1120919.327974
1108437.017158
1118601.641847
1116422.040480
1122307.107364
1128725.335822
1140546.860724
1151547.107939
1169054.865144
1167699.461801
1165893.235683
1160946.010263
1146430.749987
1146195.723436
1153552.336365
1144252.935049
1144029.912159
1149895.231442
1155056.437176
1154862.397414
1166345.609493
1180506.379958
1180693.323528
1177516.184238
1185673.557081
1188559.785718
1210148.496972
1214549.579906
1213843.845412
1217538.088768
1218080.350568
1214404.318437
1214600.145409
1222856.809842
1228821.676546
1225271.376885
1216221.573403
1208635.777237
1207671.735406
1200502.149507
1206717.589576
1212129.064651
1214641.609329
1222404.919011
1217164.393832
1211256.950534
1211557.766710
1207185.288493
1215477.277640
1210346.490935
1207498.692019
1211381.457668
1198891.448603
1198510.501988
1200930.100974
1198626.804907
1213227.337127
1186931.603784
1187553.349897
1193949.133010
1201160.015294
1201474.684292
1192097.073971
1198851.409068
1199144.214563
1204943.488260
1223186.439759
1224700.977088
1208804.938520
1219467.653492
1223542.487484
1208230.213263
1206506.276986
1207648.176574
1218244.876735
1238479.216382
1241446.293595
1245297.345293
1253791.658739
1256165.869832
1251630.443606
1251409.390885
1260079.723703
1252961.034821
1245949.050282
1254103.985311
1258808.859668
1273083.974053
1277503.439550
1275918.685158
1263835.461040
1258585.419328
1260210.355255
1249144.356815
1251526.661989
1257002.655652
1250862.055344
1255660.652506
1255943.416634
1266586.820846
1263811.386353
1257898.301640
1249446.674820
1257527.645271
1237075.696992
1226759.854095
1226996.568798
1224651.138972
1226271.101474
1243505.610031
1244363.381497
1237078.485370
1240346.913956
1238375.173669
1268225.702366
1271360.693349
1275366.920356
1285294.449080
1283700.706045
1242307.220106
1250652.206198
1234056.211233
1205868.411317
1212087.738772
1212940.944809
1215165.157924
1220602.821818
1218267.825793
1227071.406883
1216462.034245
1205809.057657
1227710.886487
1218061.899697
1203321.968272
1206153.379860
1224551.101336
1211475.363519
1205603.601497
1212359.713604
1206896.082864
1222736.314683
1197845.176362
1170560.059236
1154533.340751
1142328.206371
1158048.724014
1155992.125812
1149031.322258
1133521.926276
1141587.641573
1138353.955495
1139799.005163
1152457.966710
1153663.452043
1152860.081400
1172779.975848
1165089.065620
1131139.176566
1129916.933351
1133650.931297
1141692.167797
1145635.907620
1146517.492861
1132530.782009
1118502.197529
1107049.787498
1099233.109169
1084109.152225
1071866.486111
1062562.722488
1062793.827121
1080905.325275
1076875.138836
1065804.294410
1093912.601633
1084649.971583
1087439.949786
1094804.683814
1098040.058130
1099456.119216
1089114.497098
1103079.297452
1096793.770119
1096617.300982
1113917.787176
1100255.647002
1094358.004328
1093131.315683
1094801.399361
1082815.941835
1096272.577151
1120888.588211
1132173.950288
1136306.561802
1160285.757910
1165843.802475
1172710.985767
1173882.227165
1169336.750145
1176596.621222
1176106.837274
1181871.559888
1196586.356593
1183835.736583
1177760.400964
1173881.880197
1188191.237207
1193479.216557
1202906.013055
1199033.498271
1191491.146955
1195708.224692
1202318.214018
1203126.800340
1210460.723232
1221748.666319
1240328.011762
1242632.820001
1244485.419880
1235802.931107
1225707.525184
1228608.147325
1230154.211891
1239432.435818
1257576.740721
1268108.197212
1267092.300640
1270319.823792
1285128.777131
1277984.337663
1278431.002546
1273728.751225
1273020.994443
1273407.692144
1280919.787862
1283464.873549
1299035.576265
1290433.557570
1288605.397769
1279928.552528
1248126.021306
1247086.345321
1240476.992424
1245436.072344
1235592.039366
1243262.040550
1260346.984699
1272923.424508
1273228.844600
1268717.547396
1273097.316601
1275333.950380
1258714.209249
1264435.559325
1260984.517396
1249289.932309
1254586.194882
1241479.873370
1238974.433659
1248366.353721
1266235.202377
1297312.067231
1306499.126990
1288730.375591
1286508.684856
1284213.368486
1282468.896078
1296935.036119
1293967.882903
1308115.586581
1307476.705377
1307439.964029
1294564.562457
1295000.877288
1291597.401843
1288083.299864
1311254.883928
1317378.527430
1320908.345959
1319819.127269
1316574.459258
1310077.200772
1310585.714619
1310040.214539
1313471.407906
1317008.630769
1318611.511746
1306350.208920
1313992.516621
1317353.915439
1322187.546194
1326598.772208
1321735.715569
1320844.201374
1324007.394095
1337722.480412
1333909.283228
1323038.310110
1328186.192554
1306766.078915
1272749.511130
1269573.350357
1272289.883872
1291041.799834
1284860.556167
1289494.335282
1274174.046204
1275336.392113
1291567.089457
1281305.935363
1293795.169087
1281373.990129
1269688.540254
1257678.890247
1264226.885568
1273700.065099
1275113.677789
1278615.363894
1288447.799785
1293389.574643
1292848.501886
1286310.341684
1299680.321825
1302199.449015
1293240.074382
1296301.663511
1297904.985398
1300514.682685
1291356.083915
1286849.451610
1277344.413002
1287176.000114
1295714.783405
1298965.823003
1303342.943637
1279785.650419
1276990.224535
1271964.510376
1273142.207628
1267243.821876
1264393.176390
1266979.670555
1254935.539247
1257989.008105
1267254.878024
1281369.786252
1279915.300328
1271834.714850
1278056.750589
1263933.203887
1279771.183601
1296529.844646
1301786.792974
1309992.842553
1312366.623803
1312140.315059
1307337.351466
1307639.406923
1302276.347811
1302298.457646
1305128.187829
1306161.579403
1294238.781961
1300245.131130
1302237.119099
1311418.087736
1304220.882556
1313201.031662
1301204.629012
1296078.759100
1282087.294868
1283601.023642
1278960.376531
1295015.467338
1291470.394565
1289655.519304
1289584.507641
1295936.728970
1303432.618008
1323112.468069
1325095.903025
1329721.591127
1337230.765342
1339409.147557
1344502.123246
1345733.671420
1347801.145213
1341198.760075
1334675.234365
1354146.643675
1368657.746200
1374327.981827
1369301.275200
1371321.036332
1375986.514204
1379010.484263
1389303.406077
1382436.363614
1381844.786074
1383266.827178
1386740.130015
1374505.314821
1365585.885108
1360684.483819
1330471.840636
1358439.005339
1368578.273461
1376069.344668
1369047.890588
1369001.775362
1371383.634528
1374037.737490
1355862.203588
1353676.298957
1350943.175760
1358851.447876
1357452.479986
1298382.442114
1275338.445801
1282241.304619
1245749.839416
1217152.031821
1252797.137236
1251277.924781
1277523.717473
1273769.679968
1230728.879437
1129098.464127
1128648.904475
1029848.927450
1066291.959765
998428.359724
1035306.695410
993733.465329
1002222.634858
1001786.398385
984702.015267
1082589.924828
1108087.481550
1131194.675780
1078384.570407
1107539.506074
1132755.698878
1115484.338690
1129293.947425
1163998.493931
1156669.834587
1167688.979625
1139543.007526
1136303.889946
1154054.982318
1155390.156051
1123196.301462
1151449.307907
1160094.712915
1151763.781676
1163591.819810
1175469.206167
1205936.891406
1180636.359179
1167689.842934
1176828.710997
1192455.611194
1193509.001630
1171741.803694
1150753.236424
1159954.418853
1195933.773690
1184066.235856
1199986.420907
1189215.939039
1181290.535994
1182805.701614
1200092.186918
1202141.479675
1184076.956921
1199284.465301
1216633.551358
1237584.568628
1229278.531407
1259823.780574
1264528.406506
1245365.427398
1254075.753331
1201864.301202
1206182.304806
1196658.018037
1228521.895213
1227600.271280
1228624.056607
1233591.155855
1244917.017193
1217478.899587
1228238.844791
1218392.128161
1228311.911253
1242431.631345
1279192.815681
1265606.250220
1261470.680136
1237816.946756
1228504.940509
1235537.672267
1242419.851896
1244823.846132
1234489.491796
1231581.069415
1235216.092650
1242474.845117
1229206.420589
1221756.974860
1211889.349564
1209745.070454
1211654.536261
1218374.250976
1194251.472106
1182220.194514
1202729.524468
1226738.459138
