1000000.000000
999889.958633
996473.847517
991719.193345
983725.502395
977589.695160
978592.213250
978808.413544
987469.954680
994520.991734
994157.655033
993665.462572
994671.216873
998331.535808
998207.635258
1001414.687027
1002561.661457
1006714.704463
1009703.833809
1022594.606635
1027127.986337
1037297.625902
1041498.179974
1050349.909764
1039753.749786
1039126.278029
1043979.086446
1049464.576461
1051863.999256
1054118.332747
1072825.858197
1074666.329261
1071229.031836
1076222.462770
1074833.904993
1073512.635980
1079980.337480
1080632.361812
1079337.362255
1074575.621499
1069032.387243
1068577.402813
1065267.746044
1059094.986879
1058324.296113
1070104.042517
1069440.348015
1072674.273876
1076891.882112
1077218.955624
1072795.168255
1068036.045174
1062496.887883
1059613.885478
1059842.329338
1065797.999472
1064661.584218
1066472.413042
1076945.313629
1083170.956573
1088676.563611
1097545.502395
1100976.766749
1108260.612750
1104553.378517
1112766.368746
1115063.268729
1114709.950657
1122591.048100
1124283.198813
1124626.040216
1116481.527543
1112826.075422
1114226.404228
1124638.470214
1132741.658994
1128604.538630
1131059.067779
1137174.919925
1136684.497638
1134405.858869
1117628.620702
1105300.524394
1113118.703531
1118354.533550
1112869.962501
1110141.834667
1105382.783517
1114576.063511
1120865.556889
1120446.481346
1126215.915928
1130415.765419
1133952.228546
1133637.397769
1131080.523669
1127754.650694
1126651.501689
1119892.520801
1123666.774370
1126053.160473
1128587.658293
1122024.527480
1122516.549326
1123836.516430
1124754.917665
1121583.561828
1120042.818698
1114072.075715
1113791.785981
1116923.811274
1115129.357677
1113435.535074
1115775.746367
1136545.314565
1141949.865401
1144595.316201
1151793.469173
1154271.536083
1163252.996222
1164223.966880
1169474.490897
1165684.629363
1163878.452142
1168115.218439
1178178.809765
1184893.180947
1205724.463640
1211364.286028
1213007.027605
1216364.516038
1220079.518820
1228560.020533
1233159.333588
1236821.755181
1236511.980139
1237320.958671
1240608.522749
1242808.157587
1237233.076406
1225952.447663
1240817.769121
1242577.466229
1244866.522742
1253925.098842
1258867.472341
1258139.418377
1253659.051007
1251926.391484
1237850.008721
1227108.278690
1219118.526299
1220216.189604
1226608.626779
1223351.409058
1220401.461458
1225895.790899
1241722.292866
1238445.316094
1240164.342681
1232674.020104
1233838.271311
1243199.453508
1246313.757403
1248030.677337
1254371.824325
1255725.258691
1243809.879421
1246861.153090
1248233.225327
1253002.868664
1258507.260974
1267774.800716
1274967.715280
1275125.334952
1281272.875789
1291278.646093
1295995.232745
1304008.672163
1304446.276044
1312780.144513
1312127.015303
1319873.922499
1332413.084002
1345741.337876
1341569.555862
1328514.560439
1324919.467348
1313058.815011
1315147.658580
1311951.480593
1293962.385955
1277086.685588
1252131.067028
1236954.157344
1221960.422879
1233864.150981
1248274.868024
1265612.698835
1276932.287394
1283100.936099
1275014.674050
1266508.119421
1259959.952997
1249732.817025
1263251.128740
1271258.824098
1277195.596579
1261029.279398
1256963.426341
1256813.162903
1253255.479665
1244672.824649
1249671.895451
1245124.812641
1231727.557490
1212604.786609
1223594.810234
1222054.522891
1210404.697239
1215724.408951
1222061.866606
1232628.757218
1252580.944588
1254941.871198
1259722.849494
1256488.400965
1246156.971555
1247460.622144
1251833.420828
1252311.470946
1248492.013984
1251356.996080
1256558.261391
1253085.432183
1257610.439142
1260495.994521
1277805.015479
1276137.018281
1285944.538070
1301830.749670
1315199.972778
1320828.041727
1321919.224115
1327568.717103
1324397.984196
1318674.511254
1316146.491309
1325792.239507
1333546.737387
1332194.586651
1323472.200592
1323964.085386
1322249.973760
1316829.485064
1315069.981944
1326417.276986
1330368.811874
1342522.811117
1342536.948612
1343549.211097
1346642.463740
1343033.168955
1345330.270434
1354191.292491
1354046.137316
1357874.826864
1353907.062627
1334323.157702
1339065.593507
1331286.216122
1336273.889687
1316733.279665
1317906.857908
1316006.633558
1317316.424452
1326532.137754
1315535.321626
1316906.058696
1315275.020751
1326787.948122
1346123.308136
1351073.653777
1342802.868390
1359757.340422
1362416.403596
1350367.478816
1352153.605671
1350105.044093
1356063.405890
1371220.042722
1376733.263255
1384122.627723
1389269.784594
1388758.704703
1385321.124894
1387426.625122
1396998.389944
1400836.896376
1395332.585825
1402075.880455
1408870.687784
1423218.641271
1428008.451558
1434856.633092
1424328.124464
1418124.319793
1422909.895879
1413501.403994
1418219.901639
1426826.372915
1430929.049771
1438838.516897
1443255.461793
1460549.113409
1462531.291133
1459739.410428
1452472.370172
1461441.028774
1442771.730420
1433453.071672
1434461.060458
1424849.183027
1426211.162816
1428891.182466
1444434.372296
1430308.853613
1432782.173537
1440842.106310
1457507.575982
1473832.356573
1477075.484949
1489008.716347
1492974.741609
1438163.042996
1446593.517026
1428440.484515
1388784.514477
1407941.832415
1405113.650418
1420908.017324
1419288.355342
1406455.525056
1413133.860927
1390176.141893
1375015.862436
1383854.661818
1367494.500701
1367753.036171
1370387.006724
1397330.154854
1394713.499405
1388014.836270
1382778.723992
1384791.875675
1397317.830405
1373524.228913
1352056.365208
1351029.414867
1332549.760303
1347646.077501
1348130.307563
1339719.106095
1318197.004059
1313684.038437
1309630.251384
1312899.353763
1336899.390347
1335132.859400
1339581.885865
1360941.718229
1348625.301280
1316856.279130
1311019.233896
1305798.128598
1311895.025674
1320092.169020
1326147.916138
1313155.943349
1305449.743674
1300881.634034
1288417.056715
1270659.090708
1248735.190255
1241547.373717
1250519.543643
1262469.353420
1262856.672120
1237792.791390
1262861.012193
1263839.424221
1268843.356142
1278762.890556
1282673.360504
1280162.828205
1268763.264697
1291865.900860
1292997.437078
1292414.500624
1309720.058134
1299534.123707
1292498.810225
1298175.242285
1307534.434261
1296001.605893
1299371.643655
1321068.186709
1342547.347619
1345936.033725
1366942.476121
1369269.975760
1371028.460860
1365926.479151
1360117.094834
1367823.095439
1361385.024705
1370546.372476
1397093.706203
1384939.741940
1387027.990549
1382605.526877
1399241.240181
1402263.737215
1405194.117414
1396722.137014
1385723.551040
1402775.608656
1409695.395827
1418426.976320
1424065.780182
1433784.591741
1449047.597224
1452205.642675
1458339.437883
1452959.228457
1433282.619551
1437119.046286
1441915.961905
1451571.048276
1484893.822310
1496171.437127
1496543.973183
1495542.577399
1512334.668599
1509318.927846
1510223.596543
1501819.028292
1500455.936725
1503730.245537
1519011.472884
1522633.653244
1537925.223777
1536127.630109
1524101.525329
1520431.780584
1482771.482286
1472643.476992
1457373.818409
1465184.018296
1441011.233287
1447801.828052
1464305.900919
1473273.931246
1466057.966072
1467609.870618
1472299.411506
1465856.302121
1448919.334871
1454585.156756
1459199.761236
1453618.164126
1460096.506562
1451658.278075
1454102.543734
1458612.229262
1461374.952354
1493195.198462
1508945.380220
1498520.353006
1498432.780989
1492734.806246
1490324.782507
1505084.427557
1508408.782613
1530349.594767
1525840.450412
1526073.481952
1517024.163572
1521299.677310
1522898.277058
1516220.080917
1539327.200870
1544002.269691
1542161.186641
1536404.109383
1518959.975959
1518090.772477
1518853.367732
1521017.609458
1526090.833792
1533126.317351
1533830.977306
1528405.685517
1520982.354872
1518830.546233
1526790.813690
1529666.493081
1526398.124599
1527369.275009
1533436.473084
1542311.015151
1540029.842084
1538630.216635
1523514.565468
1505182.161476
1470521.787073
1467533.933375
1466307.733643
1489714.924144
1483809.450397
1501981.640480
1491844.223167
1496077.355473
1512473.068793
1508862.488767
1514567.328267
1509371.454588
1501890.678581
1497059.979620
1500559.747978
1505504.680093
1511175.144394
1505271.922971
1517555.110653
1526567.453925
1529835.975006
1529627.752701
1541216.916477
1541958.620624
1541804.641866
1533295.175313
1540783.306623
1532551.090852
1542471.114489
1537033.646915
1536740.450864
1537863.314378
1541467.686182
1540745.906688
1548468.105298
1533504.346468
1535470.129709
1546867.054982
1550320.134563
1550955.974627
1546338.898479
1558832.699597
1553922.702375
1553405.479359
1562488.997768
1569292.811512
1579856.059287
1579256.258174
1588276.641646
1593104.160895
1606780.307044
1620425.601283
1622350.268129
1622097.496341
1627978.318237
1619286.515240
1609980.456082
1615002.662065
1611829.577521
1615735.547707
1618993.071875
1622095.243800
1613639.385264
1614394.961219
1607026.066803
1623513.560704
1614247.541047
1624370.296229
1608120.354681
1600645.295744
1591041.073254
1597207.860227
1601987.893992
1613675.899829
1604407.028948
1601789.070530
1606222.882453
1608363.167434
1626458.177367
1640817.057607
1654079.508964
1654897.522511
1664211.710614
1664691.629284
1664623.336512
1663095.438977
1671316.173543
1669555.226935
1663324.682306
1680965.994410
1686108.137098
1689790.094312
1686773.635137
1692113.536714
1702148.843494
1705388.144135
1720484.040792
1712332.113357
1707191.563208
1710362.980523
1718301.038265
1699644.569689
1697246.337944
1691333.726188
1617437.463944
1651599.951626
1662042.075716
1670916.636833
1664031.700657
1665608.863459
1673742.342248
1685855.367866
1677444.652659
1676261.818354
1673485.126803
1687293.396166
1686069.851292
1624476.861503
1601362.077918
1605584.842877
1569285.769610
1528463.859560
1570110.560927
1567208.320353
1596074.604987
1591066.202934
1552962.159566
1444596.392194
1452638.192294
1343103.398388
1393458.648309
1301871.685108
1320008.589952
1277449.810558
1269616.621039
1292872.281438
1241883.682261
1333038.693586
1371552.055719
1396628.096579
1361432.255101
1367953.967464
1398135.857440
1353908.006425
1350702.823964
1417513.619700
1411684.574336
1426342.690747
1421438.025126
1424626.917385
1448337.031606
1448003.206216
1411142.611814
1448998.064535
1466218.373022
1458537.587456
1472393.069707
1473249.027661
1505837.828200
1511046.449084
1493024.097172
1500414.429048
1526646.417340
1517429.106856
1510800.507562
1485645.137020
1488914.932035
1513943.860450
1505568.867540
1521017.997990
1514440.704325
1506703.461912
1500981.783202
1518646.385173
1522414.227402
1512600.947062
1542501.386218
1558036.355208
1572935.548921
1571754.951155
1598987.909408
1607444.229407
1604105.424572
1615031.565526
1561192.758309
1566934.797962
1558540.645704
1582725.299203
1582291.385087
1588152.403579
1603836.791683
1619020.465328
1597634.747095
1604661.952516
1599395.980901
1616638.334343
1642242.091396
1711289.271434
1707938.463820
1707563.004479
1705205.411631
1697301.881739
1707061.786584
1703077.758340
1706987.757846
1698084.014377
1701652.593968
1723421.698775
1728291.964401
1719743.960162
1700870.878458
1687727.121317
1694823.877991
1702524.008847
1706022.015480
1692706.869843
1711359.006973
1723082.907278
1753360.175235
