1000000.000000
999793.812267
996376.114989
991619.697074
983624.921602
977487.958394
978487.984271
978702.784160
987361.376870
994409.621775
994044.218203
993550.458997
994554.128163
998212.554410
998087.038795
1001291.136892
1002436.057415
1006586.723481
1009573.638131
1022460.750180
1026991.921682
1037158.514990
1041356.019929
1050204.116863
1039607.422082
1038978.345195
1043828.131395
1049311.309268
1051708.713349
1053960.711859
1072663.157686
1078440.977249
1077955.434583
1081142.844701
1080594.723112
1082039.543541
1088864.147438
1089147.173926
1090501.969483
1085854.408889
1080873.213772
1080291.854183
1077899.339537
1071732.933904
1073362.895468
1082802.169364
1084560.481344
1088005.982714
1090765.717542
1091196.371110
1084725.685084
1081658.154769
1073943.933707
1070206.831968
1068341.143486
1071083.623567
1065883.974197
1067274.234582
1076362.581470
1083726.511211
1093686.160245
1099773.809662
1103714.712818
1110211.904054
1106741.774692
1113776.442693
1121337.659951
1119626.884590
1125114.985631
1121327.217346
1125238.517293
1118457.327976
1102993.186843
1092603.235380
1105453.511131
1109548.584541
1113411.822087
1118125.605934
1123114.834609
1120934.580858
1117277.738024
1100829.376991
1088575.017463
1097318.512984
1103281.661293
1095328.150037
1089435.717107
1084685.890276
1093518.784849
1099271.113346
1103261.120571
1106401.382765
1109252.195870
1113948.009087
1112925.083673
1108376.134482
1106100.520424
1109068.429918
1104586.272718
1109418.830389
1107150.646885
1108952.660610
1100774.747895
1104524.844767
1107085.503784
1105600.475699
1100716.763752
1095630.047735
1091419.479947
1087870.592123
1092165.164396
1093035.157838
1089708.034579
1094398.787959
1114745.956511
1122661.310866
1125793.014402
1129374.805189
1129791.200481
1136421.064344
1138613.125596
1141699.033523
1134172.541493
1127953.819397
1130164.791158
1135003.551543
1143671.237301
1163239.574798
1161636.535388
1162587.161346
1164491.478861
1166454.813751
1172846.128773
1172054.757121
1177849.627459
1177864.705669
1177914.484623
1180999.727780
1185821.459357
1181291.930943
1172796.732359
1183333.903349
1189620.246358
1192845.002725
1204179.609464
1206272.904599
1206191.863455
1200838.160453
1197878.545576
1178828.165363
1167193.916758
1163488.948655
1163014.103613
1171194.782862
1175658.302769
1171646.151836
1176957.858647
1191848.984467
1190604.928054
1189991.399633
1180299.917557
1183947.522648
1190139.910284
1194507.596871
1192444.176524
1200927.021665
1198211.106572
1190980.106226
1189777.410942
1192844.587906
1196888.526056
1203053.423464
1207129.762990
1214500.932932
1217196.263446
1221699.665968
1231886.008969
1240179.782550
1242308.578357
1251323.369542
1258423.312437
1256800.406583
1270443.788511
1275722.708953
1291808.889624
1282819.176023
1270949.823919
1274423.442804
1261955.249801
1265296.959082
1261762.813176
1251151.485412
1231458.892493
1214392.002528
1186444.709144
1170301.108165
1177428.182419
1190572.111785
1201268.611044
1214222.638206
1219638.568752
1207856.442703
1193697.610725
1184730.783261
1180216.437830
1191120.726006
1196839.146814
1203933.508680
1188818.036796
1186656.588817
1185099.239657
1180533.794654
1166689.403166
1170586.440287
1163938.724008
1153363.730273
1136709.827315
1139814.589962
1133513.260208
1128035.663625
1133045.696635
1142331.456982
1152115.382764
1170783.347654
1170214.657161
1171530.203038
1166686.475922
1151460.502906
1150112.461516
1151905.460858
1144269.483738
1144057.418903
1145523.118888
1148507.578441
1149070.386482
1159626.418082
1170062.700987
1170003.032984
1165960.390481
1171552.026552
1184638.950565
1199816.130555
1204432.264415
1201673.639980
1201568.605295
1197190.444602
1193025.939456
1190146.026173
1196441.963973
1200844.583500
1197064.275368
1191623.641391
1192960.967117
1195544.079594
1187359.556938
1186643.450049
1195636.945470
1198160.716114
1207144.552441
1201313.754042
1202999.659969
1202070.473752
1198333.156346
1207159.414161
1209695.555267
1211517.675216
1216267.510533
1213529.198239
1201217.517567
1208365.122495
1203086.108925
1207831.276708
1185773.287221
1185834.585807
1184054.050625
1192695.088268
1195152.381521
1184460.090076
1185887.289428
1183280.118116
1190669.265356
1209789.963408
1211834.213376
1201126.691848
1213168.251944
1214413.471166
1201661.180127
1202366.722960
1202252.632869
1206758.930556
1224520.665112
1226147.690255
1231988.869633
1238994.903904
1247703.972022
1242514.801161
1244814.593674
1253718.439938
1248612.448230
1251729.343924
1259182.396532
1262559.227940
1282415.113391
1286146.314825
1289080.554705
1280515.099131
1276142.224476
1280095.082008
1268541.747627
1264568.475005
1272234.893200
1272643.193982
1276240.961199
1274437.021072
1283310.231265
1280968.300568
1274757.820430
1268886.159059
1273722.882184
1256006.214910
1246616.911902
1246018.478764
1244921.877918
1237512.487700
1252414.155823
1259957.102810
1251406.305189
1248417.689994
1254740.565300
1269926.508762
1272791.881651
1278615.940899
1287553.121452
1282556.659279
1234213.746849
1241830.440066
1230731.082133
1197065.167388
1205128.427548
1204620.837670
1210801.544387
1217149.342385
1205602.704807
1218872.909878
1215645.867203
1204453.557060
1224368.218632
1213183.316352
1205118.972520
1209832.446474
1226546.442681
1226966.184925
1224581.778776
1222710.380608
1219936.267451
1232684.379010
1210707.046826
1174695.491244
1170171.308701
1158941.809538
1167980.194160
1153908.201664
1145335.421300
1134235.804401
1129564.587595
1131118.565504
1132791.200427
1150101.706405
1150343.959857
1154028.504470
1174198.792072
1163781.415802
1139260.419144
1133597.475949
1135994.600702
1138382.880533
1145340.398110
1148260.367144
1135718.826279
1124554.057794
1115469.782016
1102162.353304
1087478.498437
1071772.247228
1062417.359984
1064174.659146
1082308.588093
1073721.104683
1062020.223454
1088564.342496
1087255.716516
1090867.511973
1096860.524196
1101512.541488
1105817.660832
1094365.609758
1109093.044359
1106880.465606
1109458.444744
1116412.462732
1105295.978601
1096473.255141
1099502.335074
1103052.225884
1088269.005994
1099951.376119
1123423.875305
1141611.518157
1145328.634504
1158161.684031
1161335.080280
1168739.459466
1167498.635144
1162542.927530
1170024.810213
1162229.836679
1171801.434815
1195557.955060
1180833.593217
1180434.838938
1176207.455806
1191092.158985
1193119.665443
1203262.889082
1197601.301664
1190289.718434
1200277.961917
1205754.588702
1206685.838431
1210108.962154
1220714.420631
1233201.555287
1238580.740500
1242938.968258
1231484.158072
1215484.019605
1220864.375408
1225628.112325
1235140.700839
1259258.826350
1267618.253067
1268238.840827
1264778.143131
1275598.684018
1272062.183105
1271647.536809
1263644.953789
1263716.678839
1264644.545083
1280907.545817
1275872.574104
1284371.824591
1278983.135503
1263946.401322
1257315.601743
1231469.173248
1223005.908713
1215369.222897
1218244.816295
1202420.811648
1206910.936518
1218915.832922
1226104.364449
1218241.873843
1217513.478707
1219587.089139
1213759.271180
1202612.230876
1207788.293849
1205821.963337
1195797.407999
1199565.426169
1187941.904873
1186498.294683
1198900.779170
1209359.179516
1238477.725843
1252451.187506
1235170.391904
1236174.607347
1230585.273272
1230503.116063
1242442.350205
1241760.800238
1254531.341871
1250704.694945
1250474.249236
1242513.076494
1245423.294835
1245597.507413
1243210.612968
1264781.089186
1267996.147528
1274613.022226
1271470.555225
1262374.400408
1256649.010203
1258659.354004
1258737.474628
1264427.535667
1272618.368588
1275024.014477
1271360.646828
1279108.482547
1279383.535801
1279542.601214
1284255.646727
1281956.554194
1274417.107579
1279313.902809
1292305.668939
1285683.277421
1278072.643866
1279754.125738
1262954.837691
1231258.714154
1229610.981104
1232393.690567
1252126.362924
1246310.788525
1247355.341918
1235100.977098
1241566.544597
1257796.923225
1250553.476986
1256925.136766
1249305.742547
1239947.478579
1227800.940845
1229721.063300
1237726.537050
1243590.533027
1243612.233846
1251812.616022
1261778.228389
1264944.633441
1263251.991872
1282092.154682
1286461.693913
1273860.177732
1272878.923721
1274093.633870
1269875.850075
1268005.658618
1264203.109810
1254362.881356
1264775.398960
1272724.831778
1271146.554169
1277104.548203
1258739.013027
1256545.693291
1260345.684831
1265786.358811
1266129.544720
1265485.900744
1271723.093626
1260844.973100
1259493.123942
1266918.337363
1285756.947374
1292536.245286
1288412.776630
1292457.842770
1287339.503964
1299076.673885
1314078.480781
1316073.001618
1324491.813234
1328569.659340
1325028.040112
1320458.525779
1317707.649257
1317795.104131
1312965.848746
1319419.466320
1321113.220558
1311692.680603
1319703.442616
1313465.899502
1327781.198606
1320303.241728
1331731.137684
1321306.417977
1314707.170920
1306405.021880
1309778.138230
1309500.002302
1320681.227359
1317385.046908
1317411.055384
1322342.631958
1326206.917331
1339063.358496
1360759.172934
1369008.846533
1375181.175341
1383821.559577
1386925.978998
1387588.262643
1388248.704550
1393683.047648
1387301.911449
1383093.792606
1399876.123704
1412540.340534
1416391.396598
1419273.138637
1426638.354474
1430190.880149
1432257.925873
1450429.603889
1446616.371139
1440607.417249
1438526.746567
1441502.546356
1433997.777676
1431629.971967
1425787.356652
1406598.244159
1439155.731220
1434996.070198
1444787.909888
1439825.582744
1444464.494197
1452774.863180
1456588.164810
1450409.311057
1451784.198626
1455323.307832
1472461.768230
1470359.196515
1415816.054463
1394571.445403
1398098.431592
1363086.278684
1331568.007751
1359587.029488
1363901.769204
1389714.510840
1389185.311841
1352237.309717
1270192.643082
1268850.150915
1172847.612494
1205093.399717
1132038.145211
1153168.437851
1115745.205951
1120124.708245
1127548.489101
1086669.267583
1167893.009525
1191006.790051
1218435.678897
1185474.625111
1190497.102904
1215089.960742
1186960.758676
1188093.752824
1240629.319097
1235921.275237
1253444.244848
1261981.816323
1268207.024358
1284820.643379
1287190.946611
1247031.945567
1272494.257102
1286222.457083
1278380.278019
1298245.123827
1307074.047419
1334615.423481
1329911.878982
1302352.167430
1307079.448386
1330008.412345
1331152.239141
1320349.419119
1301222.438019
1310023.204689
1329523.981901
1323211.089677
1337251.504311
1332790.069125
1324953.874428
1324368.089079
1343137.017332
1346366.430907
1338414.177906
1362181.008146
1370639.238147
1384757.212452
1377837.835405
1394180.949362
1401401.131595
1389964.109219
1407297.850507
1360377.893864
1360112.300596
1355096.813338
1381737.330086
1384162.984643
1388161.183942
1396275.157182
1406395.942322
1381008.657502
1391881.698314
1393111.191535
1409877.038231
1434096.412978
1497486.379162
1491459.999300
1487870.883652
1477336.612961
1470292.255516
1472415.281230
1469511.433521
1469554.941625
1459530.527189
1460254.658858
1480141.843855
1479599.192446
1472223.840264
1461379.772806
1444743.621874
1449286.352077
1452373.335095
1458288.449774
1441665.151184
1431780.523671
1440824.963311
1463009.915924
