1000000.000000
999793.812267
996376.114989
991619.697074
983624.921602
977487.958394
978487.984271
978702.784160
987361.376870
994409.621775
994044.218203
993550.458997
994554.128163
998212.554410
998087.038795
1001291.136892
1002436.057415
1006586.723481
1009573.638131
1022460.750180
1026991.921682
1037158.514990
1041356.019929
1050204.116863
1039607.422082
1038978.345195
1043828.131395
1049311.309268
1051708.713349
1053960.711859
1072663.157686
1076502.759016
1073808.182139
1080862.785991
1082016.830683
1080859.838764
1092556.254492
1084714.088833
1078982.424094
1081339.506488
1082822.429418
1082018.294350
1077121.762032
1068754.593149
1070466.220374
1076780.300163
1076618.057375
1076092.602832
1077525.603357
1078219.214159
1073503.554548
1068989.598672
1061234.422209
1060216.869742
1063156.576638
1063023.160684
1058888.126547
1059122.841341
1069972.037080
1077151.869236
1083548.121224
1087497.300086
1087999.939027
1093141.057557
1092971.162099
1098799.676727
1104863.136327
1102771.874444
1105545.529037
1108620.460952
1106471.886344
1098529.905318
1098947.409357
1099970.868200
1105692.560626
1105207.792262
1106018.285921
1109993.255376
1110274.794520
1112826.325875
1110787.408623
1099702.712662
1094481.079154
1098899.523607
1104712.506590
1106408.983432
1094106.520537
1084657.747260
1094050.265969
1099871.819031
1102665.769547
1106478.552577
1108294.474878
1111145.121639
1107902.874494
1104090.983609
1100580.453942
1104761.940113
1098350.835270
1100482.094108
1099853.690050
1102767.160343
1096895.089173
1095439.238134
1098204.505198
1099629.137563
1098081.869554
1096461.215316
1095176.297827
1095367.347682
1098136.823604
1096991.550038
1096995.156327
1100598.728168
1120094.077885
1124678.570176
1129247.331646
1138007.360424
1138627.528009
1143446.913567
1143565.275805
1146991.076704
1140210.297696
1135553.989451
1135813.414514
1128394.508030
1136550.794031
1155302.218961
1156252.350167
1160345.902266
1158483.901704
1166009.567754
1169749.742050
1173627.264471
1179063.391119
1183750.375989
1183053.057352
1181847.726857
1187174.237743
1182850.252033
1175192.776599
1185834.511856
1181523.883274
1182399.755066
1189457.534635
1188038.418640
1194672.016084
1190148.457300
1199312.020149
1183125.437284
1173301.281298
1167279.199359
1170938.332419
1174663.605684
1176199.484158
1172325.545415
1181189.044897
1194115.799498
1196279.662545
1195750.654799
1185403.965632
1193793.516409
1195782.077641
1196311.464296
1196159.546233
1204567.376057
1204968.840136
1198684.476691
1200680.856336
1205310.281413
1202775.902595
1206051.472933
1210290.722505
1216359.484192
1220977.828546
1225228.482109
1229579.389547
1236016.415987
1241802.136573
1251589.131669
1259981.031835
1260955.320375
1266586.833925
1277409.678957
1286984.928064
1281065.151838
1272191.911525
1275396.799481
1264881.150467
1265763.608083
1262486.089976
1254314.821785
1235600.130779
1214101.976908
1197496.967728
1183697.370084
1193111.370454
1199675.571258
1217109.439840
1226028.484109
1231094.025556
1225078.805733
1221317.776337
1216560.110262
1215537.672919
1226606.836942
1233396.127388
1238153.787484
1217027.180428
1212491.534894
1210780.229399
1211204.359957
1201834.387793
1206787.718458
1205253.496381
1193484.852727
1184701.426653
1189553.198512
1192702.348558
1192696.364990
1195669.903933
1205345.223538
1214006.277579
1229559.343702
1232324.078726
1239559.934003
1238975.797124
1227635.145963
1228024.652157
1236283.440296
1236961.061248
1248983.577303
1253923.811386
1255649.728470
1252076.274676
1258901.227862
1265797.155460
1267787.633037
1263138.941370
1269657.079546
1277282.348635
1292391.122312
1295032.956867
1297318.754147
1301535.878944
1302112.750762
1299237.327924
1299862.162015
1304026.307449
1313836.114921
1311416.924446
1301785.836865
1303164.286454
1302297.719155
1297740.025148
1303507.657537
1308532.550427
1309574.339083
1321764.825710
1315866.790766
1314947.478973
1318384.575816
1318482.816133
1324613.629148
1327229.779851
1328567.697800
1333356.962001
1333124.802953
1322557.794920
1325254.621784
1320015.360109
1328785.827550
1314506.533837
1320554.622802
1320613.220198
1323899.364795
1331739.806092
1324612.061185
1332977.636107
1323961.682289
1333432.247809
1347008.884797
1348545.455428
1346351.859317
1353160.363103
1359823.893947
1351677.959163
1355562.779604
1355077.807177
1362825.058721
1378575.727765
1381361.270572
1385187.941017
1389646.418192
1378250.439220
1377146.466458
1373789.948998
1382591.023817
1376180.923826
1369227.302077
1376454.948834
1380121.543031
1394923.206897
1395821.094594
1397598.025529
1389867.233372
1387904.435451
1388078.474491
1384228.040159
1383548.783543
1383462.763847
1385670.760262
1397988.322057
1400303.212081
1415164.709649
1411668.867749
1411325.202927
1405863.003350
1415652.495262
1394205.642022
1382554.844888
1384208.828268
1383337.254747
1385243.101304
1393352.366210
1395643.918233
1389001.991693
1394481.970432
1393773.722079
1416874.094985
1430563.909456
1428697.230834
1436867.598668
1436385.840174
1388600.655093
1396491.718070
1373815.883062
1339246.895019
1346125.704916
1355956.875476
1367563.215140
1367882.436071
1369642.916926
1373515.805484
1352475.367152
1344821.221698
1360864.432288
1343219.879774
1342802.537077
1348504.279034
1371216.989124
1357358.256799
1354430.012698
1357027.825016
1356984.334017
1372519.158750
1359146.433962
1350658.309528
1347857.782433
1330564.259254
1346899.290097
1349058.218498
1345191.825650
1328122.591321
1324485.435006
1321570.573148
1329791.786558
1354358.813387
1351375.392696
1357656.284379
1367132.158109
1369141.541124
1332650.866852
1339742.714213
1336691.502631
1347140.029109
1352893.592384
1359043.326485
1350456.475736
1333422.180069
1320164.385766
1317270.265980
1304469.962729
1287188.486794
1278021.398608
1283147.384723
1294912.396923
1299713.330368
1287984.249669
1304711.654295
1306072.484270
1306049.890667
1315670.412142
1318739.085744
1315277.933025
1305422.936074
1331618.999477
1326941.665346
1327569.032132
1340310.825012
1331921.372029
1321402.827903
1323863.208377
1325516.660453
1317226.321410
1326523.039007
1342066.827605
1357518.532624
1365290.663764
1393468.024078
1395045.502086
1395484.650119
1393881.311856
1381825.732108
1389241.436515
1385565.127555
1389683.479665
1413622.708655
1402961.936404
1397171.005464
1391746.005732
1401850.046845
1403814.910933
1404422.888960
1398650.435581
1390425.281773
1395189.632205
1398276.333000
1404448.795965
1410975.223924
1423104.298381
1432419.459049
1435061.399717
1443706.060469
1439730.911213
1428650.436808
1430004.042683
1430722.689433
1442025.476729
1466503.884746
1476398.983981
1476705.195348
1471663.134221
1492739.685498
1488531.172773
1487874.776493
1477895.954750
1476030.789451
1476733.707139
1487777.277085
1492455.656378
1510575.979300
1506006.542158
1505573.260059
1506110.143465
1473625.018263
1472783.806470
1467237.220463
1473655.641323
1465232.269537
1467594.399206
1483277.295681
1499479.032906
1492328.260462
1488931.555724
1484741.350204
1486683.000246
1469212.908481
1477308.884622
1482452.567757
1480345.775695
1487640.243183
1482535.472303
1486354.205580
1483699.244646
1499234.411753
1529859.451161
1539819.675883
1533598.875087
1532655.089053
1532272.690030
1533023.590871
1547198.733099
1550695.772369
1566580.333382
1561391.123830
1566136.256346
1557126.577760
1553330.658800
1549823.755580
1548071.630004
1565542.941776
1575814.673503
1576432.272643
1566031.029516
1559961.616697
1554041.453963
1556872.126544
1556291.783489
1560347.544170
1580004.872517
1580346.643165
1576032.171746
1568777.816998
1569834.268947
1576604.243299
1581943.729294
1578648.759934
1577896.687492
1578924.540989
1596144.659388
1601983.154049
1590121.395556
1574196.318573
1560563.634498
1538552.154722
1532769.473956
1535353.505684
1557974.050697
1554345.994357
1555842.614904
1546786.543448
1545653.508089
1562245.292819
1561435.528844
1572474.298868
1564768.544437
1560948.477940
1555014.528629
1564444.508281
1574032.851305
1580125.193003
1586262.478978
1593532.461821
1593997.949876
1593884.759566
1582243.334693
1576602.104962
1581110.345128
1575921.195073
1578678.079470
1583643.750387
1582134.587904
1570755.338200
1559658.764589
1565678.469478
1570134.088504
1576172.350460
1577702.780336
1585022.239638
1562928.968126
1559577.546193
1560921.942395
1559278.955135
1550816.067027
1548604.006149
1556030.678383
1546041.685311
1519014.602778
1530114.577498
1542802.435449
1547650.151246
1558006.062300
1572414.950539
1567871.018120
1572795.426593
1587174.017438
1585892.049943
1595330.404114
1597808.289705
1592469.344806
1582554.396326
1589157.230389
1587329.647465
1587161.524843
1587811.952528
1587120.151026
1578279.005916
1576963.855099
1566820.223435
1575278.712145
1570350.864228
1574161.895356
1564650.863285
1556338.499304
1550124.064286
1556029.997547
1557622.379838
1573093.712266
1565783.012999
1563391.414653
1567141.638768
1563506.000245
1574569.388895
1592007.128496
1593544.734562
1596227.315331
1608736.319341
1608660.233638
1616275.760886
1614835.127879
1618644.577663
1610602.363151
1603988.098920
1613981.746557
1624564.794765
1622050.912898
1615759.242644
1615979.246747
1621826.507022
1626942.614700
1648323.836757
1645721.669150
1647026.420554
1648042.970367
1653595.076651
1640909.207133
1639644.645379
1636825.745523
1609844.554360
1642305.220021
1642605.103798
1643815.279704
1642559.062216
1644829.447707
1644554.288649
1651031.163272
1640704.606454
1637118.787516
1645378.362973
1652436.348362
1645115.312765
1591766.516833
1574453.285445
1572635.387312
1539788.380893
1492896.603605
1539233.293276
1538547.845124
1567646.092617
1562214.872419
1521312.807130
1414103.160135
1410862.201677
1298276.794697
1327653.734347
1241669.696469
1272548.088874
1223381.959389
1245452.184225
1268185.138122
1229123.257631
1331096.923890
1364891.241756
1392404.592721
1353597.166363
1369240.437177
1400355.582898
1365441.852811
1367222.768268
1432085.574332
1415688.901680
1431858.179248
1422625.671929
1419331.338353
1445991.650660
1455895.709347
1416683.090913
1449624.900655
1471382.311112
1451894.703130
1466008.991655
1468481.770712
1501183.465638
1496049.649298
1466587.736841
1473438.423424
1495973.956989
1498483.861891
1487292.383567
1449166.086949
1454903.700313
1493974.010232
1483502.653608
1499164.144942
1489286.349130
1488734.031629
1481466.023963
1503715.181772
1512717.948584
1497542.337402
1518133.892356
1534387.696955
1551397.326730
1551021.764801
1570434.627402
1585315.062060
1571687.628402
1581302.226592
1534421.747525
1531522.738095
1523475.753252
1554431.315011
1558811.554928
1562860.733184
1565772.353492
1582063.676250
1556146.728045
1570787.185944
1561620.674601
1572126.615199
1600648.565979
1641935.238490
1638631.205297
1631373.341950
1619090.017361
1615463.286711
1628135.401161
1627594.328365
1651195.496067
1656445.695419
1654462.385896
1672529.869710
1675522.535583
1657170.328533
1654581.600391
1643183.048906
1655956.892700
1666171.200264
1666223.805071
1643080.250894
1634917.020734
1658144.568699
1671549.450887
