1000000.000000
999793.812267
996376.114989
991619.697074
983624.921602
977487.958394
978487.984271
978702.784160
987361.376870
994409.621775
994044.218203
993550.458997
994554.128163
998212.554410
998087.038795
1001291.136892
1002436.057415
1006586.723481
1009573.638131
1022460.750180
1026991.921682
1037158.514990
1041356.019929
1050204.116863
1039607.422082
1038978.345195
1043828.131395
1049311.309268
1051708.713349
1053960.711859
1072663.157686
1078420.218208
1080113.026182
1083753.857592
1082410.329868
1083228.567797
1087404.486115
1091072.065357
1092411.229108
1088869.400283
1085210.733790
1084723.909978
1083863.148537
1078829.549285
1079198.624523
1087587.636119
1089086.394325
1092972.510832
1099609.665704
1100045.107659
1094984.017968
1090887.598395
1086142.377792
1081955.458474
1080066.024775
1085200.002227
1081985.202357
1083733.922624
1093423.254321
1101022.607943
1110627.367084
1117785.731951
1121989.127997
1127418.139416
1124295.306933
1131347.892081
1135439.027686
1135188.681177
1143094.444143
1141515.953026
1142762.464136
1136234.090480
1130354.446542
1128663.292013
1136077.388256
1139204.226641
1137937.316763
1140552.546183
1144613.726093
1142798.685847
1138409.060850
1123976.878475
1111023.309043
1120932.773523
1126115.328389
1121216.879944
1115181.276981
1107836.381466
1116948.495886
1125110.633129
1126508.439818
1128667.445837
1134186.116391
1137907.759092
1137853.924802
1133737.442585
1129913.658389
1130357.592076
1124821.066332
1129366.648376
1131356.783640
1134623.479442
1128951.588221
1129647.656376
1133333.750434
1133542.865816
1131029.633917
1127464.117343
1120758.943347
1117888.244354
1119827.648218
1117622.774766
1116025.842144
1119998.084193
1142473.129695
1148689.443767
1150333.081133
1156223.726457
1157757.728957
1164819.688386
1165344.018848
1169286.240663
1165118.673120
1160667.231070
1163928.176147
1175234.148761
1179807.469545
1199468.091618
1198048.660795
1196652.901623
1201168.682552
1201679.379750
1207931.370836
1207755.012745
1209299.112523
1208599.581939
1209505.022678
1214335.730294
1217020.377901
1215123.106430
1208053.661484
1220145.997532
1224099.219499
1226685.738503
1234200.766444
1236930.583877
1237898.020442
1235730.111530
1234651.412631
1220458.372802
1208948.113611
1201082.840973
1200120.151338
1207105.625692
1207269.998521
1206035.688610
1212378.558877
1225704.381191
1223987.068952
1224225.139307
1218215.769761
1220482.284966
1227412.242901
1231834.762528
1232385.067247
1237084.541730
1235619.490283
1228850.685757
1230946.078489
1232324.559394
1236027.710035
1244381.531456
1249414.085821
1256154.517327
1260294.153931
1265431.705302
1274373.318437
1279764.269849
1287133.125288
1291897.798960
1299365.519907
1298732.913462
1309056.148477
1318696.848899
1335876.927765
1329560.800431
1321153.767501
1324281.936038
1312803.301687
1317913.209984
1311270.707561
1298038.789738
1280476.560413
1260489.371000
1242037.168678
1229880.746064
1234849.102394
1249360.697794
1261401.172080
1271395.565771
1276135.576004
1266581.330200
1256829.458128
1248572.063034
1239705.102234
1252619.765769
1258012.902634
1265791.954580
1253132.379984
1250380.212731
1249027.416254
1244757.727953
1233871.881855
1238204.925749
1235649.124149
1222117.087001
1204192.553581
1210485.394942
1205877.504450
1196563.426210
1198594.478289
1205925.946081
1216207.376124
1236834.254376
1236821.694319
1239346.933129
1235800.727395
1222341.105323
1224854.185066
1228578.113029
1230071.096687
1228606.246060
1230095.047052
1234044.708106
1229016.354893
1236891.826030
1249220.617516
1247721.939387
1244095.143470
1247866.835166
1267111.905794
1278517.802245
1283997.202160
1284997.391825
1289007.480891
1283135.192313
1276827.055674
1273607.994308
1278297.828284
1283902.649489
1282646.128444
1277615.056553
1277807.988929
1279263.517148
1272839.260719
1272912.132387
1281951.983450
1285981.068338
1297248.566108
1294194.610442
1297170.868126
1299454.501846
1296950.013389
1302450.205894
1310070.697179
1311329.606458
1316517.324168
1314522.509038
1301986.427821
1308637.125795
1301748.980100
1304418.496964
1283027.398830
1281511.059754
1274548.899866
1276348.979406
1285565.939081
1275138.157751
1274027.217291
1272032.154807
1280678.284284
1300155.219536
1304829.218852
1297266.786598
1313116.750446
1315826.845800
1303448.675073
1307181.188758
1305669.290032
1308848.661359
1326095.911427
1331779.154943
1337111.657741
1344054.125081
1346735.930199
1345495.500757
1348102.156498
1357283.649660
1350493.945253
1348245.228389
1355259.141077
1361237.418679
1380106.868177
1385216.757016
1391024.591722
1380316.017069
1372301.809466
1377608.459027
1365451.551445
1361978.195262
1369894.511460
1373680.453247
1379622.517539
1382043.183955
1397296.296227
1397215.403124
1390452.969906
1383309.775560
1385580.566003
1365770.117277
1357781.978805
1359278.447184
1355545.958959
1350090.560236
1357673.459864
1367598.775272
1356538.548534
1357381.137780
1363877.422900
1380359.363000
1385729.427754
1392599.127772
1398580.114778
1396139.026929
1343269.611656
1347448.128294
1335855.567407
1300564.347536
1317155.334625
1315839.835376
1331041.658479
1331498.774415
1320069.688120
1329232.973986
1313625.361630
1300453.664690
1315012.282460
1301978.809876
1302401.884734
1304701.202049
1326508.385465
1326001.525100
1331279.620056
1329328.883803
1327665.950208
1340600.996163
1323346.052689
1301041.419956
1305465.570000
1294886.843506
1306519.473843
1298581.465604
1290807.362368
1278264.839072
1274538.489924
1278174.808967
1280252.300949
1300285.170556
1301053.406560
1307650.588146
1323829.486556
1313903.605841
1286273.041373
1282001.772336
1279505.099112
1284690.249391
1293677.920438
1299572.546444
1288747.101464
1278159.525144
1272254.184767
1262837.539414
1246738.200706
1228202.124811
1218123.974395
1226472.582850
1242576.643238
1238059.423351
1225878.811855
1251196.212738
1254308.870028
1257928.143075
1266111.278270
1269669.753381
1271701.856586
1261111.729693
1282196.378892
1281668.364430
1280498.359919
1292300.286382
1282791.212923
1275466.003069
1281698.308047
1286225.761977
1270002.509383
1274161.977656
1292235.792607
1310872.166306
1312451.936983
1326330.046567
1329020.412268
1332226.209233
1329908.087181
1324712.150169
1331622.169596
1324315.062910
1332784.153807
1355743.356544
1340852.169271
1341848.922510
1341001.116282
1355414.229818
1356887.911789
1360613.566729
1352158.983730
1343837.903354
1357847.849398
1363778.322217
1370356.813126
1373160.556902
1379982.523299
1392684.094951
1397225.111408
1403490.949746
1394709.658906
1377793.316169
1386054.867037
1390346.349777
1400992.089397
1430807.526639
1438010.515885
1438374.836802
1436180.103641
1446111.991977
1442739.831823
1443614.366960
1437158.773726
1437232.388795
1434846.518772
1452639.374675
1450780.094790
1459161.372011
1458012.399507
1447012.248399
1443571.682178
1411530.836061
1400941.209809
1389082.785733
1397153.187896
1379427.490755
1385049.625655
1399275.952961
1408752.210538
1400043.233040
1404277.211097
1405755.523853
1403137.474236
1392145.708980
1399564.241966
1402393.327476
1393304.553295
1397670.155666
1387361.495524
1386515.887373
1392363.653055
1396841.682707
1424880.544139
1437643.847860
1427258.524287
1429382.057298
1425063.577754
1424716.263180
1437257.336959
1440553.653969
1457626.237591
1451249.944005
1452273.919005
1443386.065100
1444164.928974
1447337.367310
1443669.901678
1463117.559356
1467465.891572
1469950.492726
1466848.584579
1452080.973070
1451722.825456
1454326.988631
1458134.517570
1463058.637567
1471399.400887
1475169.055836
1472704.627043
1469026.494917
1468460.234651
1471233.709735
1475032.039777
1472717.424524
1468175.914983
1475382.523605
1485370.151818
1479257.886944
1469258.573821
1461126.718160
1445556.889600
1414286.606620
1412631.817022
1412056.107588
1435785.988647
1430115.900644
1438359.592702
1428726.883719
1433980.194567
1449860.194396
1444500.609012
1449161.422201
1441466.216630
1436488.213131
1431227.143125
1431850.202331
1436862.124121
1443955.747375
1438866.322993
1449227.344647
1457992.749121
1462075.001912
1459925.587952
1467513.001123
1471911.643723
1464827.399167
1460630.036400
1464940.452599
1459381.492087
1470968.465484
1469315.370246
1466172.312665
1469212.911985
1478838.882901
1477557.993611
1479664.517976
1465158.026124
1464121.681237
1473886.669717
1478672.260740
1481639.676474
1479058.657408
1489252.806503
1479048.073488
1472861.545195
1479175.382520
1495673.442761
1506487.737614
1507787.178916
1513446.030621
1512241.246885
1522123.164891
1536555.860557
1537405.388448
1542815.896760
1547500.073419
1542535.332931
1534524.056142
1532916.038518
1532150.172344
1533146.645142
1539156.592433
1543812.152869
1536338.790858
1538701.848723
1531843.297173
1546790.415269
1542212.871758
1552314.293754
1538426.658017
1532375.419496
1525150.492878
1529906.309417
1529425.545533
1539200.765313
1536551.926919
1536630.136599
1541540.413730
1545436.123300
1558742.769214
1572636.850355
1581737.652131
1586444.935167
1595304.032631
1597632.295964
1596039.033382
1596170.938037
1603295.892233
1596327.218390
1590297.788623
1606337.847103
1611065.299540
1608649.813742
1609356.005247
1612095.398156
1623267.222623
1625714.983828
1643869.244666
1638334.587121
1632974.942673
1633159.522733
1639415.382726
1629084.614042
1627196.313409
1621067.164283
1589969.424684
1622463.627892
1618820.045823
1628570.303025
1625643.957863
1630912.755036
1640594.555865
1647779.595980
1642921.731583
1644506.399097
1645789.540276
1663096.637743
1660243.562874
1605814.755926
1584716.865691
1588177.427011
1554813.507473
1519002.679756
1549698.549395
1548067.919847
1571103.903433
1567226.413627
1528517.920190
1439345.809577
1445038.749956
1344895.695579
1384639.480025
1299343.866394
1320978.001886
1278152.523338
1278625.001009
1302618.810996
1249019.435431
1331242.342959
1366327.449406
1390992.115701
1362022.258879
1363939.134104
1390986.650701
1350578.130366
1344510.856376
1414265.115336
1408467.026719
1425518.324174
1434660.827051
1445566.799678
1469498.994772
1470691.163218
1430327.187251
1465585.265973
1479352.073407
1470468.953730
1492062.790606
1492547.689025
1522881.314859
1522681.703811
1493672.421444
1500420.302910
1521596.795501
1513667.551098
1511647.974843
1485658.779212
1492997.184906
1507655.621768
1500828.509890
1516477.435105
1508563.928151
1497117.914402
1494983.968885
1513335.237556
1519522.560528
1515536.843716
1543678.977971
1553311.448790
1567270.854893
1562849.616960
1583691.702894
1592482.526816
1582760.809718
1597807.097956
1548784.904371
1552141.481711
1545129.972450
1568283.390206
1572274.899609
1579148.478752
1594293.130649
1607466.807486
1583735.191840
1589756.515688
1591447.216291
1611389.621543
1639099.596520
1708875.224142
1707512.149248
1702521.246993
1701416.823332
1697349.527326
1701752.015785
1694581.642051
1695884.687093
1689278.779277
1696766.472574
1723142.238479
1725461.668951
1717946.671893
1706635.352345
1690222.565419
1693990.331343
1698323.330737
1701140.527775
1684663.346596
1679455.339474
1688128.820959
1712257.279079
