1000000.000000
999793.812267
996376.114989
991619.697074
983624.921602
977487.958394
978487.984271
978702.784160
987361.376870
994409.621775
994044.218203
993550.458997
994554.128163
998212.554410
998087.038795
1001291.136892
1002436.057415
1006586.723481
1009573.638131
1022460.750180
1026991.921682
1037158.514990
1041356.019929
1050204.116863
1039607.422082
1038978.345195
1043828.131395
1049311.309268
1051708.713349
1053960.711859
1072663.157686
1076968.905592
1073878.873711
1080937.263257
1078496.699170
1078470.196200
1089410.369962
1086177.240993
1084219.023569
1083683.865235
1084753.439994
1084013.087144
1080357.226673
1070848.145027
1070807.032530
1077135.528244
1079743.450079
1081614.942473
1084175.631114
1085445.309429
1076313.175886
1071921.768928
1070272.139984
1068137.309930
1069430.472066
1071931.021417
1071517.282241
1067888.111187
1081126.772332
1088138.496284
1093458.688367
1098521.874074
1100662.091741
1107847.980573
1106497.416918
1111659.142240
1113051.197494
1110798.450547
1117957.240542
1120948.519213
1118845.644178
1110613.610839
1111450.427855
1118265.526466
1124947.566874
1122168.536468
1115791.627887
1118885.502571
1120547.158455
1118833.450924
1115401.805136
1104721.120850
1094772.286692
1099966.433135
1105624.540975
1107814.936659
1093083.529660
1080410.994998
1089442.011498
1099248.705261
1102210.549965
1106899.726551
1110450.006293
1109760.790834
1109030.915579
1104444.742778
1097502.030246
1098071.459354
1091601.024231
1091773.093101
1096520.126862
1099158.934705
1097198.196961
1095976.800453
1097793.949690
1100168.443075
1099180.703114
1099125.707344
1092731.074345
1092747.566832
1095482.339196
1090938.171412
1092240.363023
1095402.990349
1112192.361769
1116787.577368
1117371.722407
1123266.699389
1126370.434752
1132387.720775
1131888.195004
1128638.656950
1129683.383848
1132054.763058
1135480.994206
1164581.025297
1167749.459688
1187376.142388
1186997.854556
1186202.150209
1194560.329514
1198280.680705
1204103.896261
1208712.733738
1213740.831543
1211372.763883
1214527.874172
1226280.538316
1227709.521298
1223163.562381
1217310.952073
1237265.472246
1236693.484801
1231945.476497
1239018.540882
1237499.743593
1239417.242364
1236127.567256
1238025.506288
1226327.517124
1211970.755612
1201894.315905
1206771.838997
1212082.674305
1207758.977108
1208198.835266
1219366.172007
1235329.121151
1235012.529992
1233847.365779
1227553.030620
1231208.690401
1237530.142889
1241429.953939
1245377.529664
1252284.587120
1255106.855459
1242643.167710
1247032.225901
1250080.329099
1249671.782299
1253375.246572
1259652.902789
1262892.869588
1268612.592121
1274658.410069
1282111.819218
1288204.700987
1299810.900783
1315158.105886
1328599.444507
1329443.205552
1334356.670382
1347691.713509
1363260.738695
1360667.840589
1351062.994409
1352481.126312
1341047.880419
1342298.026593
1334351.338264
1318264.980958
1300478.206542
1276758.483810
1268670.349197
1251534.926901
1254501.557745
1260433.187154
1283434.993797
1292105.045516
1294817.711450
1285937.720394
1280426.106015
1272124.974449
1256750.931577
1273276.901465
1278204.901751
1287435.099763
1271182.660492
1268026.041462
1269708.437898
1266420.859576
1256475.492344
1261297.059002
1260996.867687
1241113.780814
1225513.157300
1235395.089258
1236616.363702
1221480.367872
1221492.845123
1226107.601044
1240732.788687
1262727.131795
1261265.262872
1270081.394063
1268524.201469
1254645.434146
1254946.891906
1259632.686851
1268147.596896
1275880.861555
1280308.019521
1279675.570670
1272006.624167
1275986.899848
1282840.423597
1282512.724493
1280246.710828
1284186.201280
1305634.514147
1316552.424497
1318031.472747
1323190.047212
1330748.378780
1328781.535173
1319794.817480
1317185.129829
1316745.420100
1327785.805981
1329508.155822
1323852.835475
1330501.211675
1328804.443041
1322972.880573
1323750.620715
1335530.016308
1337429.121213
1350356.316245
1345399.121679
1350462.049375
1356057.768347
1355287.165739
1359509.704452
1367714.660889
1372576.566569
1379462.470285
1378649.534941
1366379.807096
1369373.782196
1361966.714170
1369500.334573
1351221.552437
1353992.196936
1343785.006265
1341644.050257
1353802.017975
1347263.150552
1349094.565837
1338554.679677
1347464.167386
1364019.299337
1366970.126168
1362287.974200
1372077.768130
1374936.010982
1364100.453913
1372846.758064
1369680.295661
1370820.124475
1387829.611757
1399102.103000
1407114.099145
1414078.126646
1414196.076472
1413996.497496
1416330.842020
1421573.527530
1410932.106906
1404376.076204
1412656.787377
1421173.804146
1437209.992195
1438262.387569
1451447.939189
1440851.422038
1435213.520648
1437931.721423
1428300.487167
1429492.468360
1429543.007257
1435690.765695
1446300.316138
1445697.917326
1465394.893302
1466546.063755
1466872.160947
1461807.354805
1465484.699110
1446327.185427
1436074.014793
1439221.500660
1434848.458288
1432426.905053
1434788.185549
1447734.028276
1437557.379660
1437379.918333
1444698.433402
1459305.353954
1473823.820112
1473174.299371
1477423.474426
1476821.358118
1436749.044063
1441152.654516
1427014.196881
1385317.055415
1400795.552658
1404518.977333
1421254.612693
1416576.794408
1410611.103744
1420475.310020
1390629.180444
1379637.187625
1389575.689493
1370833.219877
1387918.725566
1391775.439486
1426395.775852
1416322.982163
1421431.869914
1421430.356075
1421799.802710
1436093.822362
1416221.788272
1406871.838162
1411448.550928
1398467.081181
1413333.887850
1413846.911157
1408063.514494
1388181.962907
1383710.123359
1384975.252639
1391634.220662
1419016.213636
1415422.526548
1421670.735648
1435345.428886
1434737.588953
1398490.934168
1401937.990675
1394786.666607
1404839.897905
1415478.437816
1424959.711719
1417795.976124
1405414.123072
1396499.029581
1394317.626736
1377835.235064
1355518.983925
1349188.360312
1357733.586754
1369998.319327
1375216.170942
1364257.526560
1383958.551178
1389175.293344
1395816.727360
1407017.488267
1410496.874721
1407903.782664
1399825.337624
1428371.110892
1430902.796202
1427880.445622
1438530.871471
1429045.405363
1416921.616101
1422801.477237
1423928.069006
1410669.378216
1415665.458248
1434608.124993
1456871.156432
1454675.078838
1474212.269301
1469884.399389
1467584.329742
1462198.072867
1453403.600317
1461779.629482
1456605.863793
1466633.647287
1497671.955652
1480885.975653
1481687.732659
1480032.454024
1496575.063115
1496907.599227
1500005.773467
1489229.535206
1478359.391189
1490251.041310
1494772.735341
1507431.646375
1510867.142414
1523911.917150
1533266.004310
1538726.116964
1547898.100041
1539713.352657
1521256.683460
1527695.842538
1532273.471069
1547146.389817
1582860.918042
1591956.559516
1589140.914415
1583515.712725
1601787.512522
1601603.866006
1601819.378993
1589548.979088
1591240.863929
1590117.259907
1608311.971074
1604406.875963
1620101.998092
1619228.862063
1612017.759134
1617323.825701
1570733.060935
1560432.833426
1551116.929944
1566830.743359
1550582.754593
1554431.333280
1570850.310180
1588465.633951
1579905.978665
1587927.696830
1580751.604974
1580412.615429
1565418.838893
1582582.312384
1595400.270587
1589542.262306
1596225.720000
1591449.704606
1592029.225655
1586901.610149
1587152.776161
1622155.051506
1637211.788248
1626492.409311
1629106.129775
1625583.536176
1624918.461231
1642742.928935
1649943.686105
1677439.162254
1673456.074463
1675737.376260
1666856.084934
1664857.086656
1667448.604111
1664529.107789
1684694.650301
1690171.479588
1684669.488016
1677499.194593
1660303.579640
1657399.904357
1660654.272966
1664149.016418
1669981.284182
1689294.211358
1689201.298529
1688785.250678
1674479.505593
1672643.608465
1676756.208830
1679730.742806
1676287.873562
1681722.659303
1691451.046538
1705968.178176
1706045.748259
1698137.296835
1672033.741021
1656008.227268
1631074.096803
1631013.572407
1626556.636323
1652684.604025
1648102.461869
1640787.952487
1636317.272018
1638722.519109
1652498.866548
1650876.928880
1654371.998020
1645717.000990
1644693.136699
1647133.036116
1652899.348549
1655869.488364
1664409.911531
1656313.298592
1669124.545709
1674885.896927
1677223.085877
1673249.886852
1670041.327536
1678979.451666
1685424.961570
1673495.177251
1682400.042141
1673747.022032
1689699.165311
1684702.903463
1686952.950355
1681584.564497
1690634.993408
1689028.458147
1687586.476290
1665131.418803
1657392.177525
1673320.274232
1670495.982314
1669714.937495
1665428.863329
1678263.579147
1668978.572876
1637688.797560
1652967.747992
1655512.099349
1673318.416445
1684167.827069
1697425.731923
1705749.038843
1713237.999988
1734134.824477
1731792.730225
1740698.353768
1745480.330307
1739326.799489
1732756.794351
1728619.362426
1735130.999123
1743295.783299
1744825.513261
1746768.244882
1738512.285910
1738153.635094
1720864.106194
1732389.239096
1728541.166663
1733610.554269
1720245.400620
1711006.086658
1706705.091155
1722415.296836
1725139.142884
1731768.704457
1723820.287228
1720867.049014
1727217.068162
1725451.684222
1743592.706818
1755759.714805
1774910.501739
1776985.806757
1784863.189226
1789073.328221
1788652.201164
1787954.422162
1796176.023982
1788138.722286
1780294.937591
1792490.046339
1798589.408263
1790510.189293
1783830.508848
1785851.910280
1801334.938041
1805605.404628
1829910.880458
1826964.216314
1822490.642004
1823707.975711
1825313.807273
1810406.972036
1808802.628444
1810581.046216
1760411.401924
1802402.390654
1803828.449653
1808216.193393
1807314.748346
1808612.996571
1815991.031596
1824936.934663
1819911.341636
1815736.114483
1822240.123285
1833138.395535
1833365.723880
1776813.266814
1764540.121391
1760473.830539
1724090.067333
1669173.635358
1707944.418300
1706333.942513
1729844.758474
1725416.297322
1678061.008915
1564369.072334
1563562.937558
1436687.660724
1485115.750640
1377278.589208
1373656.276847
1320333.397646
1322990.660225
1360621.729599
1289045.271022
1391396.722159
1434135.778646
1468522.526338
1442873.476962
1436669.856115
1470120.849927
1419575.029024
1398959.212152
1482068.308825
1466405.617813
1490848.123271
1481803.913831
1487257.689036
1529026.460958
1529941.871528
1478227.700875
1512102.062815
1543970.832186
1515559.824999
1536972.167049
1543703.958050
1585324.618992
1593299.710786
1544663.974729
1545727.596593
1556573.309286
1556882.573651
1559697.622799
1520708.104258
1519830.765951
1535421.385232
1531321.172510
1545629.872448
1537646.558050
1528890.911867
1523185.174851
1557398.467503
1562370.767546
1554990.338157
1586204.263576
1607576.953651
1623517.788221
1619345.342076
1650117.308215
1667109.538526
1652703.095820
1661636.855570
1605630.936644
1605407.186110
1587570.571745
1614711.780344
1615427.845150
1627311.825127
1638292.123782
1660416.248222
1626178.356197
1635046.753788
1636965.190972
1657994.902310
1689962.789311
1743667.063016
1755489.247105
1747284.733023
1746840.465154
1737432.220669
1742204.994531
1730536.891147
1753281.836422
1764773.396636
1766330.616420
1799668.033089
1810402.604590
1793650.651296
1779010.970999
1756526.237709
1757958.121570
1767677.014850
1767522.361377
1748024.327617
1745553.100084
1758735.361270
1775518.643788
