1000000.000000
999889.958633
996473.847517
991719.193345
983725.502395
977589.695160
978592.213250
978808.413544
987469.954680
994520.991734
994157.655033
993665.462572
994671.216873
998331.535808
998207.635258
1001414.687027
1002561.661457
1006714.704463
1009703.833809
1022594.606635
1027127.986337
1037297.625902
1041498.179974
1050349.909764
1039753.749786
1039126.278029
1043979.086446
1049464.576461
1051863.999256
1054118.332747
1072825.858197
1077442.705407
1078208.166641
1080723.216442
1080502.727028
1082465.274212
1084774.694038
1089444.617811
1090563.815640
1082623.931659
1077624.303617
1079452.610601
1077190.654805
1071002.233634
1074283.791489
1083145.825354
1085022.881468
1090282.930565
1095568.807952
1096063.811128
1082909.959619
1081672.749164
1073196.585256
1068712.957603
1065749.811504
1071575.651551
1070542.219309
1074168.364516
1084678.426530
1090172.096124
1100301.342717
1105533.749485
1111124.593888
1116295.142836
1116617.714860
1122443.092830
1124494.268990
1122254.894015
1131585.469033
1128650.007761
1131534.291574
1126377.436317
1121186.544448
1121362.622939
1127483.653740
1130069.703174
1125416.748177
1129301.134777
1135314.256188
1132406.104729
1128016.936772
1110501.527346
1098598.357189
1107368.725690
1113601.520636
1106059.828375
1103024.883976
1095112.639840
1106787.597882
1114207.206336
1113879.309552
1115106.784629
1119847.126439
1124873.203842
1124163.801020
1120055.154761
1116221.204053
1118727.313697
1111280.423827
1115496.631690
1118431.491724
1123207.951155
1117810.868196
1115912.847665
1115868.570295
1115964.387354
1116336.956792
1111177.141994
1101420.365353
1096084.108795
1097432.079149
1094811.980846
1095691.721430
1100824.668104
1120247.384160
1123298.356702
1125315.677782
1132936.346034
1134802.703195
1139682.911326
1141204.279230
1139562.452314
1129763.888026
1123181.015257
1131291.116875
1169235.903065
1172020.374577
1199068.011475
1200952.114556
1200609.776920
1208864.261075
1205580.135596
1215882.209539
1216144.307129
1215516.973227
1212902.829677
1214932.402697
1225672.716369
1227502.168765
1226636.698421
1217951.846779
1232636.913605
1236363.261429
1236436.963575
1246281.053590
1249895.108559
1253454.228232
1254084.505127
1251493.539881
1234727.706758
1224176.815047
1211193.078550
1208098.774562
1217239.415448
1216923.899227
1219610.975770
1225597.727975
1237644.526783
1236040.948327
1233468.207264
1231983.071331
1236158.580599
1245182.887793
1248420.620402
1245541.557522
1248817.762403
1247719.155311
1237852.892443
1235829.249628
1235088.867134
1239205.669068
1246470.761437
1251562.203824
1257645.918050
1262534.941095
1265570.391114
1267680.007817
1274732.170432
1284899.616545
1289198.436085
1299466.252389
1297940.157103
1308161.002605
1318927.653178
1338370.488648
1333948.297590
1324367.424153
1328296.088844
1322633.426669
1329209.311650
1317782.755259
1300986.371987
1279639.940425
1265595.117977
1243032.499497
1234244.343242
1240995.762751
1253946.619390
1267186.982872
1278959.461154
1286904.153264
1272680.066556
1264146.259717
1249868.310642
1246274.214218
1263268.639401
1270397.838689
1279298.960359
1267994.636228
1265948.062741
1262042.335510
1256769.610831
1244208.122508
1249783.410097
1248196.700108
1229800.736511
1206666.067821
1222691.107925
1211831.532383
1197848.634800
1198969.198355
1205979.933391
1219601.881899
1240531.175744
1235408.890034
1237634.264589
1234413.421849
1225165.347450
1234455.547501
1239586.148355
1244084.414509
1236054.131060
1235946.439099
1230038.128477
1224759.980619
1232943.008111
1247724.854588
1247681.626350
1244302.498589
1252117.626228
1273531.894992
1285955.948098
1290451.306641
1292674.338667
1296201.100755
1285342.573361
1278192.263666
1275487.381730
1272958.098983
1283902.902142
1283975.306699
1287270.207716
1288970.970839
1289241.227710
1283605.267308
1286744.100288
1294762.150320
1301510.890130
1311610.706401
1312165.889603
1317443.517738
1318772.679754
1317322.945688
1324575.514898
1335673.899175
1338626.345142
1341935.150032
1338328.539619
1332876.434713
1337668.493172
1328196.686187
1331351.200149
1307793.419344
1308488.039007
1298141.245736
1298737.357299
1307086.846772
1300580.996372
1294624.835047
1294980.121835
1303332.608387
1322272.553992
1326449.498515
1319514.389601
1336705.842513
1337527.284711
1324096.728675
1335743.996109
1334170.075699
1336859.086912
1349742.189349
1355591.350642
1364645.931186
1376724.121516
1381081.219907
1378072.352409
1381589.478908
1385521.001659
1384203.820292
1389696.763814
1395898.471639
1406711.230793
1422087.383920
1428400.996779
1437888.677836
1423328.662299
1414327.962614
1418674.513312
1402926.819008
1402385.619397
1410638.712450
1414758.992368
1422796.007928
1426695.722034
1441914.364287
1448716.242324
1444495.331029
1438612.941869
1431219.961201
1412250.718874
1402291.487054
1400831.459791
1396480.100199
1397152.544409
1401086.492244
1410438.024856
1393547.969024
1391963.543709
1394357.598599
1405533.691434
1415544.439243
1416882.761374
1424028.921710
1418619.349133
1369297.356526
1369594.472359
1356410.403439
1322873.581833
1345285.726616
1340089.951654
1364397.749372
1357380.369043
1344626.667202
1352646.840944
1341591.236645
1321676.829951
1344506.674182
1324164.626447
1321320.553732
1331064.873883
1360553.661120
1365014.563956
1366211.553119
1364036.449375
1363590.446664
1384535.080658
1364306.745979
1340992.587933
1343549.259400
1339205.259122
1354632.768664
1352164.300694
1334857.153343
1321140.298125
1323083.932052
1329554.089380
1332820.768234
1355582.254255
1356176.084644
1361368.485753
1382120.128418
1362009.242595
1342656.876928
1334103.660210
1330358.854096
1339317.900528
1349972.022647
1356117.428446
1341464.108603
1324114.677330
1325406.866147
1316686.854054
1296622.876995
1272834.126068
1261995.649276
1285621.878027
1297109.954273
1298370.507809
1281456.870529
1312953.240695
1319258.519491
1328047.440517
1334517.746924
1337096.037475
1334007.626021
1321790.442406
1345352.017162
1346112.432181
1344510.801443
1349588.577001
1334109.712634
1328231.036315
1335263.004438
1340722.353336
1323018.073108
1321189.663892
1346186.258072
1367762.449524
1359730.566499
1363836.612055
1370125.092997
1364271.164281
1357453.884814
1357409.751611
1363733.499987
1358098.088075
1366808.215112
1383664.958184
1371110.348758
1371232.521464
1373172.630203
1385351.879704
1391656.131179
1391866.323473
1383904.819758
1379464.664444
1397552.551172
1405038.970098
1417933.578774
1419251.931219
1428100.891938
1437175.727170
1445607.356579
1456744.889125
1443250.488993
1428154.879341
1439694.835483
1443221.019733
1454291.064696
1483138.713346
1491444.641257
1490583.445605
1487369.539337
1492349.912440
1490546.318857
1490229.361006
1486875.079768
1488365.085504
1487844.967695
1503265.275190
1504406.491265
1514519.678104
1513612.233911
1503678.354635
1507699.492555
1471419.733855
1459425.361507
1449030.663863
1459410.970812
1435729.600523
1443661.548997
1459804.274012
1472814.507728
1463499.687650
1473446.713124
1472197.483660
1471386.547928
1459983.519257
1470611.529494
1477883.286021
1464777.013427
1470005.085273
1458505.401563
1444459.813684
1452254.454504
1451807.435541
1485813.763828
1497057.003887
1487413.706078
1492025.872863
1487645.063546
1488233.983157
1501763.461513
1504498.798212
1522518.341104
1521656.762640
1522983.104015
1510865.986517
1512211.928794
1516766.706012
1514263.363223
1532022.445444
1538260.278886
1543394.965029
1543414.799707
1524703.237711
1529274.913592
1534462.267767
1539909.411774
1545388.694743
1551637.303261
1555430.347836
1554688.807337
1545660.778235
1539565.196483
1542793.038004
1544126.495665
1541986.378498
1531336.976545
1548191.931077
1554457.848186
1544639.314301
1536305.895449
1518846.907706
1499812.336363
1465812.999653
1468929.749642
1464051.579658
1488303.845494
1480311.053314
1484496.663377
1472777.093330
1481742.201217
1496939.238347
1487900.649560
1489971.140507
1476702.130827
1465069.427254
1475165.635776
1476578.823675
1477978.609200
1481986.557585
1473841.913167
1486350.871707
1496787.598367
1498759.487624
1498833.674725
1509555.560538
1516840.624253
1509362.324688
1501563.878282
1506104.225654
1498388.425527
1517225.577387
1524448.329497
1510696.255741
1507345.001192
1515148.851565
1511257.210466
1504785.934699
1490063.133134
1485674.996384
1493593.896202
1497640.198245
1504190.004387
1505028.925301
1520113.278314
1511799.658613
1508571.361682
1516314.888600
1526994.441633
1546114.604541
1543680.557585
1553035.180823
1562451.734829
1573630.920593
1587569.462911
1590712.934155
1596494.329366
1601154.802102
1596914.037905
1591374.901222
1583363.332049
1584992.620606
1595742.666789
1599252.216940
1603867.439025
1595360.102637
1594248.607147
1586430.350486
1602625.683383
1601748.233018
1611602.738726
1600661.402787
1593180.946197
1588331.652863
1597007.354886
1592607.074971
1594460.690083
1591044.935038
1589296.775447
1592932.826072
1602299.258810
1616562.461840
1628004.207072
1628715.034375
1628506.834087
1637731.998748
1642673.938931
1642286.890931
1640734.316440
1655854.000937
1644722.421249
1639855.571321
1663452.237244
1664299.262251
1661334.030482
1661047.323127
1662304.196369
1678069.660705
1680234.603135
1697948.564265
1691396.777543
1684500.696524
1687909.428511
1691888.108516
1688758.887370
1689428.599150
1689620.071439
1677600.098307
1709193.144623
1706680.907054
1723848.346357
1721316.011650
1729649.232280
1740522.257979
1746872.103646
1745192.389451
1742507.974279
1747079.721471
1763353.126252
1762983.515275
1696374.635116
1675413.268930
1675529.860884
1629332.051028
1594911.992329
1626598.561425
1619688.085778
1642194.400748
1628302.266861
1585596.417119
1485129.224327
1486045.977918
1372211.134114
1432499.835791
1330209.859149
1352237.489722
1314887.572390
1321272.524014
1334913.802249
1280832.255643
1359002.034338
1386474.877978
1416263.278533
1387660.196658
1390328.571951
1419693.161813
1373122.313252
1358197.796184
1437713.839772
1433876.904894
1450187.341281
1476836.201851
1490431.223443
1515642.100659
1517010.557266
1471074.919556
1508239.854665
1517717.710373
1504179.476477
1520330.815954
1516349.589103
1560735.629872
1565836.900098
1519872.196481
1528391.174159
1546341.061820
1535640.155636
1536638.847414
1515400.340211
1520883.559821
1524537.630621
1516594.381916
1535174.156640
1524529.602589
1514818.263970
1513342.322943
1535966.836578
1541631.740388
1544850.642341
1576387.023717
1588447.338527
1604785.121840
1597295.784497
1630313.796055
1643796.958713
1636857.837490
1654406.203845
1598817.029444
1602248.000135
1595276.460420
1616399.293689
1620822.486564
1631070.076230
1652961.926485
1669164.319656
1638266.662367
1630438.487582
1638160.849554
1667859.264286
1693253.699093
1756173.868871
1751267.952036
1757055.912241
1768041.441777
1767749.655173
1761012.726405
1752538.097818
1749560.883091
1748831.546485
1754888.830769
1797522.492956
1798917.083774
1788366.840582
1780631.794284
1764305.042048
1768355.560532
1763213.886027
1773258.729552
1757474.817430
1758264.006058
1764236.100289
1785923.457663
