1000000.000000
999889.958633
996473.847517
991719.193345
983725.502395
977589.695160
978592.213250
978808.413544
987469.954680
994520.991734
994157.655033
993665.462572
994671.216873
998331.535808
998207.635258
1001414.687027
1002561.661457
1006714.704463
1009703.833809
1022594.606635
1027127.986337
1037297.625902
1041498.179974
1050349.909764
1039753.749786
1039126.278029
1043979.086446
1049464.576461
1051863.999256
1054118.332747
1072825.858197
1078819.893929
1081496.211097
1084719.038771
1086565.803248
1090161.030915
1094018.347285
1096935.590344
1099511.040836
1091995.390977
1087029.089225
1090404.576794
1087477.442479
1082589.904687
1081515.696687
1090787.759025
1087891.339251
1092125.745066
1097780.650752
1099419.789389
1087820.482127
1089826.593518
1082134.468102
1078378.025201
1075891.633972
1073839.432531
1067260.082008
1071223.334220
1079605.063229
1088779.048104
1099926.292741
1105758.711099
1112591.854071
1115095.990552
1114501.316072
1120413.928023
1124360.242850
1122064.591082
1131354.185996
1129757.440524
1130024.242870
1121745.749853
1118044.772266
1114135.248088
1119576.902927
1125173.048229
1126312.469139
1131593.250408
1135178.305452
1136683.930938
1132512.265340
1116437.174833
1107837.977618
1116608.917044
1121258.429492
1111129.086024
1105870.381821
1098306.534963
1107359.409871
1115662.086213
1115564.131201
1119069.413496
1124949.505528
1129320.242375
1128227.408352
1123559.279556
1118869.325181
1121545.664634
1116638.215313
1126523.848814
1127746.389658
1129394.030821
1125646.091938
1126440.980925
1131173.158235
1131359.326086
1128917.682506
1123042.880497
1116016.166760
1110293.574244
1111156.078750
1112465.379192
1111988.791898
1116992.814471
1137667.709749
1145689.445023
1146925.742549
1150312.175566
1150637.499845
1155675.681940
1156786.830139
1158755.428979
1152133.794998
1144176.893981
1148295.980059
1157251.705395
1161402.343615
1179696.967704
1176605.621800
1179156.432175
1179647.954255
1175647.803856
1183854.747343
1182035.452841
1184004.663249
1184802.212375
1182684.819400
1186769.078965
1191784.161766
1186435.015849
1181146.655145
1187835.978342
1191895.017669
1191534.341864
1202095.026127
1204979.488654
1205815.767985
1205775.308938
1205980.191010
1189445.040536
1183116.576018
1176774.602155
1171940.502025
1178291.682405
1181971.897861
1181290.534220
1188394.173246
1204323.446542
1207050.321656
1206867.448880
1201152.131296
1207224.071727
1212700.210023
1211949.372134
1210470.124751
1215158.052709
1211215.359812
1202457.976129
1203028.116115
1203422.072533
1208630.163866
1214186.854741
1217544.180448
1223861.695768
1231309.533680
1233864.938220
1242969.443126
1247027.229656
1252023.773674
1251842.905238
1263060.685886
1262547.207939
1269212.640173
1273450.798819
1284982.927605
1283241.668181
1276021.124280
1280134.893115
1266839.704120
1273437.542731
1269940.311816
1246951.515433
1227055.959073
1223064.835094
1193654.708823
1190974.567112
1196108.007964
1209159.398692
1224014.089839
1236500.483314
1243825.849965
1232253.408423
1221041.973034
1208768.280628
1204794.430627
1214290.183453
1222376.672259
1232378.825606
1218922.989773
1210956.233518
1210782.277646
1207911.340748
1191287.267925
1193020.562910
1191542.386759
1173020.421134
1150488.494710
1166518.732580
1150053.213129
1139254.149291
1147349.687579
1161066.264976
1167346.115379
1189530.660887
1187209.934650
1188826.982603
1188249.876664
1177090.822755
1181997.236397
1187384.442256
1190407.660945
1183394.031598
1182975.807685
1181663.561475
1176664.623111
1186645.688753
1197352.995179
1197116.052799
1188308.994022
1198111.627290
1212397.313434
1226607.918858
1232009.424835
1231526.697974
1231988.507130
1224688.162489
1221908.932089
1217608.210249
1215641.836128
1225214.105472
1220884.686841
1221625.341294
1219618.211506
1219635.489600
1214678.991520
1219665.477358
1223988.542554
1234629.113554
1245456.985784
1240278.085671
1250502.630480
1250804.577130
1247668.959705
1255815.709123
1262973.525209
1261685.917983
1269623.395078
1264451.253594
1255488.266926
1262589.478686
1250744.278751
1250878.019992
1228736.241897
1231175.334414
1225658.386753
1230354.150086
1233474.442331
1225371.085699
1216934.949066
1218282.016507
1225905.038744
1244295.315667
1246696.699568
1236960.281025
1252163.000101
1254933.085410
1242400.055172
1251660.846249
1252161.467857
1254265.342673
1265524.883201
1269295.769501
1274487.686147
1285236.001941
1288241.347632
1280179.094497
1277735.330275
1286659.080591
1282860.083971
1297205.189880
1303638.464399
1306305.393254
1329683.647277
1331343.494861
1330534.316445
1321264.620280
1314943.248641
1317370.049095
1302970.917110
1292130.011491
1298301.186624
1301506.600566
1305472.242738
1311724.235749
1319419.188413
1319340.748147
1312229.574704
1308255.552874
1302238.391836
1281459.881884
1274355.192040
1267334.216442
1273309.315080
1269885.197401
1278600.999823
1288911.120245
1277764.302821
1276010.194817
1282463.002961
1299048.640701
1303861.012246
1309043.087585
1315676.191088
1300573.478768
1255807.317919
1261545.056551
1243111.928889
1215488.560940
1234824.089448
1230531.191485
1249282.695481
1248136.359606
1236889.362958
1245033.494530
1243054.811193
1227554.488526
1255078.386783
1249783.841316
1249405.219289
1255271.999721
1279667.726565
1276509.256436
1277600.698172
1275011.702674
1272592.041838
1288507.014759
1269771.900740
1245478.032247
1249112.737982
1243913.416216
1259648.310275
1256203.890103
1243894.532360
1228447.765469
1229801.438247
1236911.422997
1238318.697224
1256854.066413
1255234.668158
1261715.157743
1283020.175528
1269577.177124
1247543.418375
1238777.862377
1240185.978310
1245966.243257
1253823.336297
1260383.328413
1244265.401146
1229814.640844
1223897.080835
1216995.454419
1195572.969134
1179403.495856
1160642.249871
1179691.821963
1197305.234385
1188637.860674
1169762.481669
1202377.439406
1206029.146838
1210963.950105
1217842.375782
1221567.150551
1221108.693340
1209531.685402
1229421.917142
1230443.301094
1230691.697432
1232584.448458
1217407.619207
1211579.052191
1215899.586934
1224358.543177
1207830.757487
1212282.102694
1234966.031779
1246123.968993
1247769.871507
1260655.466687
1265429.329574
1265385.164455
1265380.839529
1257918.221048
1262080.066369
1253419.590156
1263597.516192
1284305.376674
1273659.012610
1280603.633975
1280162.373723
1285230.381997
1283229.474715
1284870.631812
1278753.873872
1274749.354662
1289723.929732
1292988.955913
1300190.177759
1302533.932935
1302896.397094
1311558.958056
1314293.328561
1320771.315549
1308340.978693
1294016.651519
1301648.333351
1304794.957931
1313342.860305
1342509.834456
1349109.454692
1352257.153172
1345199.369616
1354777.705726
1350434.983082
1352507.389049
1346607.401398
1348877.801190
1347168.792899
1363638.929563
1367275.933993
1371188.166997
1365858.419683
1358147.540942
1349338.714778
1329120.340232
1319557.190346
1306226.542712
1311464.309562
1290025.993464
1296865.863248
1311007.958146
1318479.044888
1305663.502144
1303137.816281
1306092.142054
1298117.616270
1289069.344977
1290828.675343
1293014.864090
1282970.700068
1285487.370250
1274329.516352
1265513.312389
1282984.490083
1295865.357315
1325632.570223
1335630.608442
1324340.808681
1329636.602383
1327621.707488
1332399.310077
1345823.339346
1347256.214857
1358162.320087
1356280.440048
1355929.032938
1340861.008876
1342792.433241
1346092.097722
1345424.314605
1362243.166496
1365357.065130
1372361.866615
1370263.920970
1356769.402670
1356719.562185
1363144.727531
1366496.020191
1373754.064475
1381961.076346
1384019.237849
1379876.313002
1377166.752517
1377136.053421
1380046.442570
1386859.817990
1386149.326954
1371360.955066
1384915.703001
1394827.858797
1393617.589851
1385827.103878
1377137.702233
1360790.553624
1326383.822617
1328638.649029
1329660.301022
1352450.549882
1345058.773582
1350030.805467
1329980.962569
1334873.398073
1353495.894933
1345902.333362
1349290.066062
1343546.145991
1327549.301847
1327434.806928
1330543.401703
1340353.579225
1345672.115401
1339749.884914
1349915.107777
1363459.729312
1363283.599376
1364933.709400
1384911.251491
1388098.251179
1380322.235501
1376583.767562
1381326.997821
1381775.319864
1385637.982306
1384567.801506
1371026.513028
1379537.837402
1393398.950436
1389708.868207
1389526.685410
1378918.024247
1377703.155115
1390132.947762
1400837.098978
1407809.176122
1405383.095834
1414127.546855
1401130.480930
1401919.460082
1408545.928056
1439490.830879
1458257.933078
1446267.308958
1450840.980017
1450237.048499
1461975.297185
1476617.940136
1481056.826222
1487211.267450
1493500.048651
1489143.514440
1484251.758697
1482785.025472
1482605.236433
1490510.586334
1492815.703599
1498082.647286
1486986.188164
1487141.550639
1478121.378076
1491852.591660
1486207.087710
1493250.997645
1481010.566086
1474916.337052
1466570.451277
1471268.774176
1469914.269509
1481860.182132
1479613.582868
1481361.114189
1486504.659789
1496132.592212
1506207.948547
1525956.328289
1532153.913555
1538598.343880
1549366.844142
1553917.382846
1556490.494232
1557819.282384
1564664.405310
1553417.612728
1550119.901004
1570729.817696
1576948.307632
1576573.555651
1580132.690889
1587600.967830
1598174.621009
1600477.835549
1627082.884853
1624737.062840
1616830.832065
1620309.955069
1626242.400315
1624302.937194
1622915.358361
1617046.809343
1631841.033267
1676833.466284
1659925.916133
1675273.968124
1673605.380878
1682925.773001
1690710.036646
1697457.386822
1695636.143808
1697188.349078
1703052.073940
1727123.122920
1722301.866321
1653937.537362
1627147.687628
1632645.609676
1573028.048713
1546990.702145
1593855.501102
1582599.259522
1607741.594454
1594171.741823
1553155.012165
1445185.932740
1457372.684420
1344894.202374
1401313.540839
1292666.466319
1319096.242133
1264452.229858
1284090.973027
1292054.979890
1253912.479179
1354021.383010
1381921.996036
1408941.568322
1368702.086998
1382781.942715
1404900.754489
1350143.559696
1343644.532995
1420863.853566
1420981.767114
1436428.257482
1467758.901417
1476411.050033
1497675.692307
1492360.579177
1442246.463521
1484575.103157
1487681.467239
1485261.674535
1516453.465483
1511070.616435
1556133.536443
1546439.068490
1525592.857130
1534632.256666
1557332.405676
1547164.910238
1535343.900591
1521356.089517
1527470.570575
1549040.258915
1539071.068911
1556231.722597
1545883.008027
1532844.878338
1534864.524978
1553969.090482
1553189.797269
1553471.652464
1584533.064637
1595492.044941
1611635.983718
1600817.088759
1636344.010050
1649454.468877
1638863.292099
1662260.004733
1599630.639774
1602251.425937
1601152.275773
1623718.204890
1626711.979289
1632250.511530
1647307.660302
1661380.040825
1631886.435838
1642208.313180
1653065.570131
1670999.736461
1708419.886220
1785263.428907
1778496.178902
1775250.919969
1769910.558579
1780581.458462
1775639.481413
1775390.925200
1779061.455260
1770078.151565
1772948.972417
1807362.707724
1807104.568471
1800173.963950
1774600.361765
1748259.486646
1760643.486331
1754516.730337
1767912.748029
1749716.855462
1740201.687197
1757782.936065
1779316.888488
