1000000.000000
999793.812267
996376.114989
991619.697074
983624.921602
977487.958394
978487.984271
978702.784160
987361.376870
994409.621775
994044.218203
993550.458997
994554.128163
998212.554410
998087.038795
1001291.136892
1002436.057415
1006586.723481
1009573.638131
1022460.750180
1026991.921682
1037158.514990
1041356.019929
1050204.116863
1039607.422082
1038978.345195
1043828.131395
1049311.309268
1051708.713349
1053960.711859
1072663.157686
1081177.153923
1084248.098676
1088355.414142
1090137.387565
1093361.887754
1099881.277615
1104606.009433
1109917.816780
1099017.811432
1097867.166591
1103790.691405
1104044.070079
1096606.388689
1097077.695761
1104749.945442
1106817.379862
1113265.435868
1115025.407875
1117515.183338
1100713.219156
1102267.793862
1092760.900691
1090557.274033
1083189.615943
1084269.121066
1077186.855076
1081833.792093
1093319.188240
1102594.533285
1110478.627692
1115266.313792
1123186.870615
1126959.976944
1129505.654146
1132602.798864
1137201.891458
1136472.220765
1146323.234170
1145041.146679
1147622.366435
1137033.852298
1135636.925758
1131829.806491
1135761.850362
1136658.577666
1138498.441278
1141949.080916
1144977.470305
1146055.914349
1143788.916122
1130204.285239
1124412.883483
1138538.462080
1140858.237341
1135006.285217
1125092.880680
1113331.930324
1123483.178718
1133127.810296
1133603.303300
1136283.209926
1142555.988006
1146580.111922
1146243.360511
1139647.257068
1134370.498300
1138156.316235
1129579.445877
1139110.011073
1141591.891531
1148389.994374
1147591.901035
1151193.560406
1155548.711443
1152995.971614
1150475.843729
1142719.129173
1131860.318002
1126178.476662
1129081.244513
1125634.663625
1126326.888187
1131515.410877
1150904.392104
1160080.015971
1161957.261987
1169705.529279
1174910.335744
1177813.312826
1178963.339042
1179872.486731
1175484.091366
1170714.528069
1172818.957154
1187647.868834
1198196.158945
1228414.065435
1225841.131971
1230069.937362
1232861.866882
1226351.536941
1235800.375556
1237007.614485
1239025.294670
1236657.355657
1238088.545039
1250662.927699
1255301.095691
1251415.175316
1247276.572301
1266014.854100
1264522.743807
1260042.693841
1274146.385285
1268690.751647
1273500.546563
1271383.759353
1273131.558904
1254235.147075
1247250.207163
1236193.694898
1231604.538218
1237552.867442
1241670.446859
1242588.301389
1253664.270058
1270328.164020
1272031.839167
1270156.523019
1266986.181515
1275172.544840
1279627.228038
1279094.254072
1279740.257215
1282804.646336
1280995.530008
1267975.850944
1276404.113609
1270348.221846
1277588.516847
1283010.025864
1288211.364747
1293482.188350
1308690.505001
1314649.383611
1316239.663671
1322006.291106
1333186.616524
1341338.601253
1353464.458742
1353105.028973
1361260.815379
1374066.452038
1388985.854711
1380282.707002
1374807.547818
1380612.234024
1371957.137716
1384991.911064
1373285.396406
1354370.720145
1327490.460601
1322870.617574
1294438.297653
1285287.601917
1294921.513789
1313723.494231
1339356.610700
1353603.540729
1362663.920940
1350051.902843
1339733.021340
1326651.662316
1319037.378061
1333778.763401
1341455.576246
1357355.284385
1342955.297742
1337899.085951
1338445.393240
1333315.749743
1321254.656060
1324478.115687
1323422.103802
1302989.566192
1278131.836802
1299110.858418
1275516.173225
1251714.998095
1254554.344403
1271596.502562
1277101.199776
1302495.033708
1296744.302834
1301483.624283
1300805.854406
1289768.385038
1294439.070340
1298398.770322
1304546.867871
1295488.411637
1293906.523487
1291479.845131
1284400.991735
1293801.135516
1306734.708899
1302547.739989
1296394.128407
1304199.834627
1332791.758111
1342452.139805
1347443.598831
1347480.237036
1349956.951688
1339350.477007
1332805.402578
1326550.089456
1322570.334990
1332880.114050
1329027.779011
1330220.709549
1333007.367469
1335099.978454
1334797.846388
1337774.298590
1343792.272414
1352867.734800
1369763.720918
1368642.408602
1382185.064000
1381259.093127
1381470.944641
1388935.147454
1400825.787677
1402833.722389
1411575.602535
1411284.661664
1397413.847957
1410140.653466
1399701.758795
1394565.669059
1376213.618515
1379601.160921
1363951.673620
1367783.648427
1376097.333371
1369559.560593
1357830.630371
1352224.408118
1362274.326487
1381392.700396
1386429.741131
1378931.234742
1394645.643195
1400091.977363
1389524.079426
1402765.585826
1399061.642020
1399509.811937
1412801.103165
1413799.047664
1417994.330668
1434019.971048
1431529.056012
1426646.437579
1419797.659359
1429701.239005
1424900.698868
1444942.922818
1447815.830089
1451958.512623
1478827.048233
1478572.173125
1485270.901574
1477140.690665
1472485.040019
1476978.669642
1458579.581747
1443523.568514
1447459.702757
1460057.002319
1472145.178746
1473716.688335
1489019.059013
1491785.115052
1489110.251965
1484848.140908
1481758.884407
1457007.048376
1449539.207397
1445325.974874
1454451.571454
1453310.261684
1458982.470468
1472244.869826
1459248.608417
1458091.085712
1465195.516384
1476407.237993
1483351.080931
1491535.107177
1494655.248515
1479282.654948
1424167.589064
1433494.984831
1406974.624757
1375117.690225
1404431.089848
1400685.747587
1428565.744110
1424365.080977
1405761.443766
1418623.005070
1411653.007885
1387216.828532
1419468.007197
1405060.215238
1403205.776290
1396731.083893
1429291.323018
1432910.859645
1442871.313986
1436569.907424
1436665.774600
1459214.514407
1440458.979442
1412076.702128
1423397.659127
1414009.498508
1431062.123534
1424685.632207
1407750.009273
1390285.920232
1384627.360773
1394438.200986
1399266.672316
1428840.963300
1422786.864254
1433886.046810
1458021.948911
1444200.738888
1428212.069481
1415690.097974
1415758.435016
1421733.327999
1430845.772669
1442593.006275
1424243.459773
1402493.660591
1398684.151289
1386476.556379
1364053.205747
1339780.629817
1317307.111171
1348844.532502
1366211.744274
1363427.511821
1342001.093544
1375668.711558
1389866.077977
1395372.362141
1406955.672807
1410814.824318
1413766.248327
1401507.042123
1432791.066009
1435575.796942
1437736.702052
1434913.105081
1421942.671141
1412886.879187
1421409.436605
1427897.492245
1406335.831538
1403444.557905
1428788.688580
1443718.483843
1440323.342893
1454929.236447
1458808.246571
1455418.614551
1454819.490111
1453805.575700
1457018.465348
1453155.021643
1463960.445076
1488712.527540
1474661.602783
1480954.337851
1485614.212333
1491644.425107
1485437.913181
1485713.718479
1473877.123477
1470115.981499
1492409.688705
1494809.404484
1510353.725382
1514703.092748
1519518.483195
1529438.074273
1534937.100582
1545277.487880
1532613.152211
1516458.241396
1527856.342255
1532835.371400
1544594.204812
1582186.783043
1583312.501532
1586777.698385
1573593.879930
1588719.283493
1587323.272053
1595608.214668
1583897.906614
1584197.718624
1578424.434107
1599696.258691
1604501.933410
1613869.542787
1610243.026200
1599469.265683
1596478.973423
1567222.734922
1555417.229821
1540905.799532
1554791.657371
1523676.510960
1533059.733712
1547925.009664
1562055.067394
1540853.238780
1537613.740685
1536946.897247
1528857.185798
1516300.651996
1525078.181514
1531028.635735
1525336.900606
1528018.793361
1514010.856659
1500487.044362
1518393.628958
1533211.024221
1567902.302764
1584652.044150
1571249.401859
1578468.100839
1575613.933606
1580896.931518
1597483.747722
1603278.713044
1621520.978248
1619557.921927
1622448.496568
1608604.043676
1611506.455390
1617113.036360
1616366.793541
1638870.138410
1641145.539010
1646270.453702
1641027.452965
1626334.169584
1626399.171442
1639033.561917
1641948.578562
1652144.073496
1666629.007162
1665043.573676
1664917.268466
1657544.917959
1656054.866035
1661266.236713
1667793.069461
1671091.755451
1646813.033233
1652497.329269
1664816.515516
1664136.636041
1648255.281772
1633170.098256
1620622.296328
1585203.737512
1592180.002658
1592361.245417
1621050.644312
1614083.933008
1624404.864794
1607763.840983
1621772.893308
1644118.143558
1638622.161820
1640393.097430
1633887.429310
1617682.734116
1624436.782623
1626422.628563
1637584.322182
1647655.984586
1638807.463538
1645863.421999
1665394.173445
1666804.829014
1664399.577792
1669002.419838
1679869.025484
1672193.511746
1669189.338428
1677630.829234
1674255.666393
1679420.556399
1678322.044179
1667633.642522
1673314.558789
1686483.502443
1680758.578883
1679794.658756
1674368.766222
1673896.828779
1688651.747470
1693506.039721
1702741.292054
1700142.612285
1710188.100719
1694514.894909
1674548.138381
1679473.426622
1714843.511259
1741250.738365
1745156.701994
1752704.809441
1755086.572591
1762480.502188
1781080.733566
1778420.672094
1789238.523511
1797673.117490
1798209.277382
1796929.716383
1796375.119147
1805087.205988
1809353.773449
1813627.960693
1821633.772410
1815652.206506
1814355.833102
1793099.029835
1808346.069259
1806755.820762
1812910.982697
1799020.793107
1793431.082231
1790059.159027
1797110.992723
1796042.855802
1809661.211931
1808359.832258
1812070.970264
1819123.640012
1823702.282399
1839549.149796
1856217.869183
1859569.503712
1865936.652201
1878083.151077
1884482.322609
1888287.539421
1887623.502486
1903983.497972
1891645.888110
1888786.732183
1905700.641426
1904064.964085
1901413.155128
1906959.694341
1915283.293285
1930367.549994
1931446.888514
1971253.496564
1967818.314422
1957432.579138
1962236.424207
1966190.254108
1968699.239033
1973025.735447
1973119.457677
2018905.767514
2088441.292318
2059954.619508
2079317.524238
2077784.498265
2094208.793063
2102090.598836
2108163.129329
2111738.219868
2117111.889158
2140301.206588
2170767.581226
2164264.316249
2075965.699755
2047498.030811
2041337.287353
1972558.089973
1939706.030775
2006235.498561
1997799.342675
2030140.231655
2014069.893034
1966236.449413
1841704.650753
1857275.647113
1724249.213158
1789343.457471
1634623.174727
1652893.811479
1584553.561205
1615055.966132
1629683.169433
1569008.910194
1684203.696502
1723394.884373
1763402.788638
1737600.316917
1742706.332010
1773521.808698
1714714.087490
1704895.400336
1812798.164882
1810169.116119
1833728.057361
1905815.239277
1930143.276893
1962741.466539
1963135.205426
1894064.737863
1948491.343140
1958520.376284
1953016.741677
1988094.669770
1976463.676706
2025846.998975
2041012.668147
2005248.018434
2012298.180160
2044176.626770
2030712.902128
2028934.540887
2007542.370170
2013673.972697
2025198.457881
2018891.473867
2039199.704218
2031736.961154
2020272.021347
2016377.394739
2041875.546174
2048548.343390
2063557.885858
2103956.336385
2117642.172050
2127529.886549
2117360.767446
2147976.595633
2172894.824733
2168372.622348
2209647.318114
2139778.507961
2137924.737220
2139621.881057
2168420.331245
2176078.226907
2195028.863593
2221233.793804
2240319.459976
2200019.286321
2208555.371581
2238779.418350
2274684.585023
2324162.673365
2417408.386572
2430631.952178
2435402.508048
2454076.886483
2468584.635743
2456737.358104
2449444.466658
2456823.538156
2443814.304739
2453126.543254
2529470.905043
2522372.887482
2523365.295600
2497312.036724
2464430.758915
2493242.260846
2483132.340722
2494004.351438
2482995.142724
2476419.313115
2505026.140580
2525207.477202
