1000000.000000
999793.812267
996376.114989
991619.697074
983624.921602
977487.958394
978487.984271
978702.784160
987361.376870
994409.621775
994044.218203
993550.458997
994554.128163
998212.554410
998087.038795
1001291.136892
1002436.057415
1006586.723481
1009573.638131
1022460.750180
1026991.921682
1037158.514990
1041356.019929
1050204.116863
1039607.422082
1038978.345195
1043828.131395
1049311.309268
1051708.713349
1053960.711859
1072663.157686
1075307.568330
1074382.248793
1079765.009423
1079449.027139
1081023.127125
1086570.746055
1088247.229205
1088596.198624
1081400.363799
1078063.120006
1079902.763452
1077320.544762
1070409.219819
1068078.314993
1076555.895196
1076960.728030
1081149.699419
1082596.781082
1084497.494111
1077391.236443
1078673.663230
1076597.733112
1073803.235442
1073702.093351
1076052.304038
1072211.205433
1072585.629196
1083317.842654
1091317.571819
1097648.850233
1102867.356464
1105448.157541
1110431.089397
1110733.509712
1115949.858382
1117937.467068
1117158.343758
1125268.911255
1125692.082246
1127602.600360
1119727.435565
1116950.656983
1116199.604025
1123076.643515
1127176.810014
1124120.929647
1128533.242804
1131363.576306
1131783.803561
1129720.788051
1116811.124577
1110090.524918
1118662.897064
1123303.102927
1118092.451083
1111894.955324
1104658.084721
1113578.062953
1119684.204237
1119948.726228
1126184.764328
1130710.099971
1132488.897729
1131677.296751
1125266.862133
1121244.641797
1121138.753126
1115858.534840
1121338.379759
1124314.904610
1125494.255078
1121257.447570
1122184.396874
1126196.198035
1128320.866444
1124522.322217
1121188.391099
1115387.456937
1112835.137889
1114992.906384
1116281.853713
1115758.805571
1118362.202049
1135564.067804
1140219.402770
1143548.263298
1146015.271345
1148379.949060
1156996.154301
1157806.564158
1158261.537605
1153866.710958
1149426.922851
1152528.683865
1157823.389518
1163373.666131
1184763.258167
1183911.969469
1185357.929210
1188261.800456
1189652.311506
1195691.049144
1197418.396923
1203692.425383
1204835.874898
1206059.925922
1211280.568689
1213009.020921
1209520.889624
1203249.774292
1214033.311074
1213859.905035
1213043.473385
1220841.491775
1223024.957007
1223966.583535
1220906.498294
1220861.089738
1209091.839037
1202880.392188
1194744.348945
1195281.391765
1199244.723798
1198368.369318
1198979.743096
1206833.819869
1220590.397242
1218418.239439
1220240.351917
1215834.704471
1218888.240076
1225721.091944
1227270.256280
1229846.968466
1233851.214065
1234458.768925
1225073.998190
1229003.771219
1229703.591743
1234770.776089
1240830.045627
1246044.256502
1251595.147355
1256689.703544
1261293.624210
1273074.042377
1277880.223410
1284656.905350
1293213.729518
1301186.571249
1301123.839149
1307790.123752
1316366.559180
1328558.941041
1322589.025667
1317075.151440
1319515.910941
1308699.756586
1310698.976170
1306819.901502
1291838.313475
1273435.719967
1254354.067520
1235380.021665
1229267.785625
1236864.232318
1251762.973550
1269376.072191
1277992.057706
1283456.761016
1275401.890097
1266402.480082
1257832.544523
1251997.571504
1260764.402723
1269285.638896
1278105.206092
1264014.946196
1260730.116117
1261375.481965
1256852.719397
1246880.418497
1251122.136738
1247631.312036
1231946.514968
1212723.462691
1222755.135248
1212350.850208
1199625.036390
1202654.550825
1210314.388756
1215940.420473
1234676.371284
1235863.697154
1243254.162184
1242289.859190
1232913.697274
1238144.461057
1241640.016026
1246432.530163
1245732.582757
1245406.571569
1242467.847895
1240963.796075
1247556.131041
1251083.863966
1259815.103488
1256534.757559
1263690.648680
1281032.895297
1292474.970812
1299291.704256
1301264.798272
1303893.252911
1300049.887842
1297986.367158
1294008.168473
1298672.389386
1304883.295349
1302130.159832
1296710.557574
1297827.549453
1298309.114490
1291355.229349
1290532.106056
1299520.818810
1306046.741324
1317346.569805
1313638.916451
1317847.217240
1320132.805998
1316284.907425
1320091.283605
1327809.886048
1327568.743688
1331822.951265
1331593.190269
1321204.148245
1326007.735586
1317478.258237
1320621.060572
1304074.587612
1306917.572477
1300009.168173
1303410.405844
1310149.336710
1304317.501837
1298615.552270
1298729.421225
1306708.690959
1323273.901317
1324760.665571
1320904.236274
1333032.367978
1335935.713265
1328734.655906
1330360.000125
1327963.068547
1328727.791504
1340767.758379
1347676.812016
1356689.011222
1362388.877314
1361627.324625
1356162.750921
1353981.555608
1360950.383129
1359434.937342
1363514.606872
1369232.290560
1370254.234133
1387094.360682
1389963.928511
1396538.801422
1390521.816210
1386859.237126
1390662.879406
1378121.069915
1375259.016688
1377466.581119
1380906.332137
1387171.307229
1389987.191818
1403725.893553
1405424.829670
1402824.130794
1398915.082794
1398789.502624
1381631.187771
1371714.128186
1371908.709653
1369609.620870
1369481.632935
1371094.735627
1383556.689771
1372349.786816
1376228.712466
1385085.332450
1395595.461218
1405918.459443
1409478.830603
1416342.332193
1412231.138892
1371927.796548
1377593.637003
1357457.227545
1327574.411492
1345993.212225
1340147.853534
1355174.145136
1354867.380194
1341672.865059
1352629.861916
1336196.159662
1319204.085524
1336940.638961
1322946.553093
1322446.528832
1326273.270032
1353579.572179
1351185.220942
1351137.119230
1341476.629388
1343725.437278
1357408.585205
1340282.927484
1321227.928677
1326210.870154
1315893.633699
1328655.809550
1322827.655191
1311058.425021
1294783.385382
1292377.495277
1297573.841949
1298878.281456
1322179.114045
1320194.335029
1325422.025484
1349256.225147
1336608.199852
1315197.376586
1308826.003069
1305531.907841
1309111.570185
1319280.202682
1325907.407019
1314380.278064
1303227.305729
1299684.726081
1286949.292342
1271865.287854
1251031.740548
1240824.933816
1257261.007931
1268528.922695
1268437.717061
1248468.671131
1272596.389246
1276271.604361
1280627.099721
1288128.157795
1291987.445123
1290705.315239
1281200.589972
1303178.217248
1305908.592679
1305306.587741
1312704.817761
1300389.794589
1294929.978563
1299066.659086
1307821.067650
1294275.272874
1297055.755364
1316930.721943
1333408.298249
1335429.580564
1346921.176090
1350053.663780
1352908.829831
1349152.484308
1341323.952915
1346101.897498
1337846.083709
1346963.149003
1368149.328939
1358431.487290
1360740.236368
1357829.568677
1369840.193715
1370554.104749
1370774.408596
1361007.625193
1353911.626798
1368643.672379
1374340.108906
1379637.125779
1382247.770461
1388439.271587
1396694.466641
1398676.757495
1405059.085296
1398110.000990
1383399.792183
1385069.420759
1388516.338213
1395651.349580
1424602.589054
1431566.650687
1434764.269089
1431422.985350
1445743.719783
1443893.808663
1446047.081155
1438087.438874
1440940.226528
1439955.288283
1456019.142232
1458214.316677
1468893.305235
1467002.382737
1457504.762384
1455559.779626
1424039.339514
1417012.313354
1408460.164363
1413855.882770
1392940.551650
1395338.663294
1410411.059019
1417726.782601
1407844.697110
1403171.389956
1405622.563866
1399151.447441
1387812.024218
1392231.049396
1398262.395352
1393344.576155
1396838.857221
1388113.575618
1382458.298256
1389684.911513
1396456.892163
1424937.758919
1435608.929535
1427234.788109
1429968.316341
1425675.976180
1429317.744580
1442178.297557
1445776.563912
1460297.899309
1455804.003351
1455491.146982
1443494.904973
1446077.377532
1449791.482903
1447800.134493
1464258.437214
1467693.537253
1468053.614678
1464985.743432
1450475.130071
1448636.439620
1452632.897366
1454482.828281
1459240.443269
1470800.486377
1471073.931081
1469038.248380
1464534.626046
1462909.483723
1466098.933859
1472781.624715
1470745.393876
1467138.833859
1481074.213463
1489274.348940
1488968.135601
1484154.372501
1470807.421736
1456030.651677
1428731.219224
1431445.833585
1434559.900220
1457094.670986
1450551.688145
1453415.281514
1440665.430316
1444925.529373
1460667.425623
1458076.033860
1462901.064749
1460459.851291
1447678.262849
1444590.439340
1446270.744334
1455321.813414
1462860.601892
1454909.161849
1465548.056057
1476777.461201
1477387.293149
1478422.584437
1487973.578183
1492009.350883
1490808.203607
1486729.676234
1490576.876702
1486182.037290
1490615.708548
1488538.918912
1486066.395760
1494640.708702
1499974.219929
1496365.157720
1499308.923840
1486414.463193
1486209.459550
1503518.292750
1505953.251283
1510744.422454
1508812.801646
1516942.032490
1508096.744732
1499250.989474
1507291.228954
1519626.600529
1531711.171968
1529287.676136
1531268.746841
1531288.170429
1541628.395086
1556345.963451
1557064.949651
1563226.206649
1567868.330116
1561801.588561
1555232.392958
1553299.308238
1555921.849570
1557781.474890
1560276.706925
1560217.461769
1551912.610205
1552193.935744
1542543.300993
1555348.919618
1550472.982527
1556975.468611
1543969.468297
1536199.936556
1530128.036449
1539713.662119
1543037.430853
1555080.988309
1549690.439400
1549863.304677
1555809.342470
1557907.094079
1569535.094451
1583062.000242
1593908.206010
1596746.413711
1603824.012351
1602906.831738
1605429.860050
1606161.044350
1613715.291268
1608260.854535
1605108.567427
1619398.258989
1622221.951992
1625437.863642
1623615.455524
1629379.122167
1638496.429855
1640528.190097
1661709.432054
1657770.027289
1652815.815003
1656559.055265
1661577.655083
1653325.499478
1653578.674753
1648451.264670
1626970.775229
1654366.599965
1653640.776263
1663426.544581
1662667.018101
1667859.131685
1675525.262107
1689205.293752
1684800.157177
1685440.303118
1683410.355834
1698689.242380
1694373.605405
1638988.442238
1619307.837804
1622721.128450
1581743.136442
1554738.987988
1593233.685588
1584990.739067
1608893.040828
1600041.732056
1570003.953085
1485165.379509
1497262.430780
1400267.015039
1445144.104837
1351656.640599
1369243.329875
1328149.701946
1333966.945886
1352979.735944
1309417.808558
1397584.390165
1417732.769567
1448058.204356
1416550.113469
1418862.154441
1438328.127357
1386638.395399
1377270.328332
1455174.443995
1453560.543598
1467043.034055
1484105.210204
1484840.244899
1507761.502325
1503507.402329
1460056.807737
1491401.133339
1507776.986552
1497203.212132
1518111.814548
1514350.748302
1550517.912683
1551832.143264
1522967.434013
1530534.371351
1552025.423784
1544300.501369
1536847.778001
1520009.846883
1524232.764413
1543312.795950
1539630.473872
1554354.582527
1546537.590412
1536167.341327
1534303.971479
1552493.198394
1552829.286824
1548765.274242
1575070.030977
1586014.903995
1599034.286533
1593461.534683
1615640.055653
1628002.236457
1621959.633746
1634444.759628
1585788.767367
1587900.525213
1581669.266082
1604827.695141
1605868.024102
1609335.066058
1619924.080520
1636778.791616
1613732.134732
1621139.041817
1626146.313739
1640069.391281
1668417.325784
1730894.101541
1733705.515658
1729087.951042
1727252.234009
1729290.778886
1731186.153853
1727290.434696
1736915.488531
1734532.783466
1735179.398241
1763026.787163
1764607.416588
1755553.583185
1731214.005336
1715094.745010
1722196.115925
1722987.166321
1732859.334524
1720023.452283
1725024.996023
1730255.522489
1745373.680703
