1000000.000000
999793.812267
996376.114989
991619.697074
983624.921602
977487.958394
978487.984271
978702.784160
987361.376870
994409.621775
994044.218203
993550.458997
994554.128163
998212.554410
998087.038795
1001291.136892
1002436.057415
1006586.723481
1009573.638131
1022460.750180
1026991.921682
1037158.514990
1041356.019929
1050204.116863
1039607.422082
1038978.345195
1043828.131395
1049311.309268
1051708.713349
1053960.711859
1072663.157686
1080998.905915
1081632.732396
1082452.700106
1083223.741917
1085560.138611
1088585.860922
1086941.355346
1091523.086525
1089292.316967
1085022.457246
1082211.088189
1077396.142461
1076674.066946
1080897.940532
1095529.264593
1092436.858523
1093753.819842
1092784.789871
1087441.710221
1080605.724228
1079679.626770
1063843.755467
1058163.373575
1058414.001190
1062021.103242
1060928.688741
1068234.024271
1079278.072538
1083019.375938
1098021.660359
1100624.494613
1105183.661808
1110191.369400
1109619.179571
1114092.866105
1124942.170676
1122072.721934
1117327.579999
1119547.941864
1124131.034843
1117935.435525
1111441.390536
1110813.822799
1120002.950844
1124805.679697
1127635.240709
1133236.733739
1145410.105942
1144426.805112
1144889.052129
1122561.615847
1104096.008412
1120701.896305
1124528.041296
1116263.931983
1114572.411514
1112333.660180
1123799.981577
1129370.581242
1129438.106031
1129208.134537
1128849.179587
1138841.590117
1137335.798724
1131250.312559
1132154.998923
1136567.545226
1128863.953341
1137017.325694
1130580.815732
1133946.523876
1122665.349296
1127940.219031
1137511.533015
1137621.849713
1134115.055097
1122370.891479
1120105.496079
1114736.106286
1118841.470768
1120216.030669
1120221.459334
1129036.580318
1149047.616621
1155852.286429
1160311.752120
1168852.793894
1171144.455209
1176841.333403
1177473.839727
1181174.168906
1160761.944271
1147434.781080
1153606.700755
1161821.388908
1177988.335875
1191010.379188
1194005.151530
1203721.202695
1206165.056406
1210882.584637
1218966.101590
1220338.051736
1219461.539099
1220475.629383
1216044.873855
1222396.529497
1222348.161177
1219423.116324
1205652.267661
1210661.452609
1209135.861565
1215165.730657
1224789.887699
1225169.817715
1231790.353052
1223939.431151
1230546.886462
1201653.410820
1193546.346614
1185481.107927
1179930.577565
1185740.091621
1187757.978101
1186748.396342
1190177.548630
1201829.839786
1202926.073762
1196894.364031
1187921.742773
1198061.052070
1208899.127490
1206954.667992
1201957.387954
1209436.352598
1207034.495102
1204627.757505
1202184.746335
1200968.694911
1199530.957863
1213966.387615
1221277.653339
1226159.426270
1228582.308664
1230403.160620
1229435.523375
1233626.214721
1232854.467765
1227632.934711
1236730.737031
1234882.925821
1250053.786649
1250829.561694
1263523.806585
1252362.345141
1242129.492258
1243714.163783
1235136.337580
1237310.957681
1233395.143348
1218822.295206
1190244.381349
1188088.714782
1164171.963860
1158635.188737
1167908.536883
1177377.887208
1173645.952303
1184264.203288
1195568.513701
1183005.826374
1173300.733713
1161189.958543
1165150.674468
1180545.619486
1186698.009265
1189892.094932
1176095.026203
1174606.374264
1168342.935246
1173320.721470
1157461.244072
1164598.374461
1159274.231450
1149153.360944
1133225.910551
1144841.700635
1140829.020254
1147797.155060
1152841.505580
1160854.715610
1167348.377072
1183983.662257
1181585.321847
1184095.458293
1180643.378700
1171483.386279
1176113.814062
1182543.815913
1169454.632011
1165570.353651
1164827.215886
1173486.099661
1167811.511656
1177490.767650
1191699.111373
1195158.757562
1195718.279698
1209185.090872
1227272.260319
1245875.843605
1253842.754287
1250877.059921
1253122.847238
1244804.843373
1239616.089471
1242441.578415
1247466.439854
1255531.804657
1255158.968688
1252658.352614
1247650.494533
1246638.431374
1242552.708146
1250717.688116
1249921.405300
1254936.635891
1264655.443081
1262495.536057
1256689.712424
1259225.719654
1257347.704799
1261511.240380
1263716.711838
1261743.444762
1258516.085301
1249448.558097
1240778.496154
1244713.430786
1237365.271811
1247763.708764
1222734.664904
1227751.117116
1231151.176716
1236256.839342
1236820.527934
1230599.322558
1235954.853171
1237436.232532
1243749.981805
1256100.858698
1261053.506117
1242718.478480
1254214.576359
1252701.444911
1238751.024052
1245420.289771
1246818.670890
1263196.958172
1270914.252740
1267349.913450
1269734.410519
1273597.135392
1278563.108626
1279534.076617
1279576.177450
1287432.683925
1286039.506622
1282391.599131
1292202.294018
1300790.595903
1310290.115618
1318189.657250
1317247.047870
1302661.313399
1299707.065907
1305094.527115
1298712.596332
1295011.463678
1305380.561991
1306303.194329
1319314.694507
1323988.071213
1333989.480035
1332352.001372
1329160.317331
1321559.436146
1324611.973756
1307279.620640
1292921.310744
1291970.694271
1290993.848387
1293511.036090
1300024.154810
1304805.499901
1296518.682564
1291537.974485
1287427.816496
1303463.617716
1307112.304941
1307789.940653
1316747.114740
1323866.178536
1277926.860357
1282571.726061
1265685.796196
1229766.688141
1242176.978858
1240308.489349
1254160.210003
1250810.765860
1245031.088786
1249830.836929
1234453.756165
1217604.617251
1233587.459256
1214667.115712
1209580.985561
1229631.326047
1246247.301815
1242007.830650
1230650.497341
1232366.155832
1227774.621253
1237802.739524
1220736.073334
1196425.085363
1196551.857721
1188133.899095
1210704.105918
1182583.108732
1159011.843864
1153996.967489
1154947.538927
1152567.468898
1157973.490406
1168607.658925
1166869.989066
1170161.869518
1189032.686127
1175930.485949
1144132.226121
1142853.434883
1143606.654155
1148820.835798
1153785.588189
1156019.332139
1146589.121261
1133090.300177
1130053.036921
1120476.846427
1106753.812669
1094956.118838
1087205.126843
1083561.587088
1100015.228922
1103194.080235
1084129.967148
1110060.834110
1110539.899487
1110718.610203
1116939.437016
1122014.751158
1124321.880406
1114633.800875
1123987.053004
1115120.688411
1117445.062727
1134587.461601
1116375.089815
1112248.626040
1118974.572351
1119587.491977
1088365.498827
1094476.957397
1118238.932786
1128910.372450
1136632.655642
1160338.491558
1170192.315012
1173265.546301
1174866.782688
1168670.672259
1177545.874069
1173341.126834
1174945.200213
1180504.601511
1168420.665176
1156471.104526
1155546.175210
1162395.240050
1174800.424047
1173213.955865
1175189.157020
1173557.379269
1186843.510698
1194481.962451
1204482.109894
1208628.660123
1222038.668242
1231942.445502
1240583.558493
1242724.229756
1241904.686063
1230567.736538
1238481.566091
1238919.080654
1249250.211670
1263438.359303
1273269.965502
1275680.769179
1277037.047692
1289230.066123
1286042.955049
1286649.684046
1283161.915295
1279385.669576
1273752.087265
1284014.095747
1292601.224137
1305901.790545
1301350.133318
1292566.449421
1283165.120793
1260792.905353
1261239.117050
1249562.994362
1251317.196174
1236685.815591
1247223.849251
1254927.336546
1266484.435559
1265161.187680
1263484.505738
1266506.376553
1270018.084662
1253950.379955
1259373.156548
1255323.297871
1243568.886939
1248211.869005
1234629.773077
1235697.553050
1247726.004208
1254986.346722
1277164.798437
1287590.891278
1275238.342368
1274919.104046
1269611.058399
1266877.279038
1285251.306012
1279761.153956
1289342.162309
1288061.632441
1290396.625822
1287207.584856
1296817.301459
1297314.818996
1297938.884277
1313096.691940
1318786.869472
1324184.221623
1318227.290792
1309430.514258
1307963.021213
1309455.532521
1314258.224990
1317287.813563
1317881.037691
1324097.111477
1319306.569435
1316841.997367
1309957.074713
1316744.898099
1323256.595807
1319116.473063
1305368.228179
1309177.958799
1324373.779500
1324635.371757
1311581.895554
1305254.548286
1282219.366420
1246076.112432
1242174.175695
1244490.801587
1257960.913072
1251559.643997
1261736.997302
1252686.005130
1264772.172518
1290728.293996
1279800.028085
1289949.007827
1276009.565637
1259735.403448
1264214.459305
1270563.550514
1279725.516086
1282932.720669
1287115.214472
1297884.206337
1302197.000116
1302114.341552
1297928.313243
1308775.696058
1310836.756217
1298039.558379
1299475.771291
1299521.311178
1293573.776617
1288779.549273
1297909.166524
1291003.321473
1291570.970789
1297637.123970
1296433.029500
1296356.756781
1287245.563181
1282667.112034
1274776.151366
1276035.371958
1276871.678625
1275474.868025
1284205.143243
1275676.387839
1286332.144510
1290182.742067
1299620.424645
1311127.331844
1298370.529942
1307715.513550
1300861.515356
1310932.677929
1325909.579331
1329606.415635
1335528.743253
1335670.617496
1334295.264260
1327593.764396
1327110.922191
1322735.012598
1319000.849753
1325960.817988
1324051.529362
1319145.062751
1317905.842481
1321210.723970
1336710.834238
1332124.980385
1337068.926547
1329594.274987
1318634.516886
1305725.609702
1309643.376022
1302517.666904
1316670.038816
1313182.616498
1313705.983752
1313843.041710
1325707.138695
1331135.190427
1347844.601905
1331893.677804
1331543.904036
1344928.090706
1351985.142609
1357444.511314
1353618.761740
1357043.301815
1347847.045629
1344190.055351
1357925.126528
1362735.996308
1362460.993047
1359160.473441
1356695.733441
1365987.907997
1370210.877270
1383979.156770
1374924.471362
1373815.359270
1377001.627707
1382292.405033
1373249.595746
1367576.401574
1366406.934028
1334261.142822
1360131.809306
1375371.654023
1386276.105797
1379065.836188
1383178.876448
1392754.866900
1398087.238369
1383196.483394
1391894.894888
1393169.453110
1411205.211242
1408037.723556
1344257.948001
1316588.420022
1323036.846787
1287209.927270
1264470.057265
1297144.093298
1297816.148353
1327009.530033
1317015.896308
1275373.198887
1177942.239331
1173089.525475
1072684.327151
1112065.256706
1037295.627410
1088167.754254
1052477.571747
1075661.853377
1064156.550189
1038232.627735
1126847.594560
1147812.196370
1164729.107619
1125033.175855
1147038.011711
1172499.538366
1137623.451984
1142474.686384
1186572.497542
1181083.924293
1189837.657263
1176405.576675
1181668.702706
1194312.643087
1204205.181504
1167103.540006
1200214.332803
1200954.636889
1189839.915845
1202262.530121
1205873.909785
1229291.119866
1209858.988782
1194101.817755
1208513.108574
1230166.274436
1228293.229412
1218046.241904
1201613.554661
1215119.843982
1246252.622493
1230906.037701
1246297.522225
1231260.418954
1228260.678223
1225473.129448
1242067.642310
1249596.138220
1246120.269549
1258623.701055
1272428.707214
1293955.994125
1289957.799442
1321189.858611
1320852.476128
1308789.404861
1319413.395456
1271496.537817
1276568.223584
1272445.843470
1295422.438794
1301745.685961
1305453.149342
1321305.490373
1329274.357981
1300278.473241
1300975.638445
1291463.676862
1298963.204349
1316321.512920
1337544.189848
1323030.980425
1326428.827996
1318086.902005
1311434.456967
1317765.914371
1328553.347343
1329662.153286
1320722.243100
1325602.659813
1329099.477734
1336804.280026
1326981.910663
1345993.184571
1341133.243942
1341429.012450
1337232.579015
1350378.327115
1328512.953024
1322155.932252
1342507.872811
1367169.065080
