1000000.000000
999889.958633
996473.847517
991719.193345
983725.502395
977589.695160
978592.213250
978808.413544
987469.954680
994520.991734
994157.655033
993665.462572
994671.216873
998331.535808
998207.635258
1001414.687027
1002561.661457
1006714.704463
1009703.833809
1022594.606635
1027127.986337
1037297.625902
1041498.179974
1050349.909764
1039753.749786
1039126.278029
1043979.086446
1049464.576461
1051863.999256
1054118.332747
1072825.858197
1074476.974732
1080093.566474
1085512.294751
1086363.500495
1088947.024132
1099318.277580
1096625.912327
1090913.572122
1087100.848457
1083809.157864
1087692.372700
1086871.039599
1077160.263254
1076956.356143
1082784.847110
1085943.356591
1088056.152420
1093932.863088
1092174.770102
1084786.475576
1083024.615375
1077031.981738
1076205.713218
1075310.537007
1073111.901689
1065905.880755
1067047.542141
1081893.024469
1091152.658636
1097449.000205
1100524.781531
1100285.662482
1102752.763672
1104872.776949
1112763.804193
1115399.929598
1114903.581102
1126335.543181
1127472.548954
1125662.356248
1115249.942835
1110714.981023
1107665.382737
1113699.433707
1111885.485049
1114222.858624
1121286.844506
1119985.345281
1121876.992904
1115774.941697
1104411.283341
1097474.360101
1101725.903332
1109906.120696
1105549.595267
1102105.494562
1094214.035025
1102900.412853
1108124.172818
1108801.571252
1110242.761053
1116789.434308
1121516.402717
1117635.986584
1112380.563404
1106944.620612
1109342.448195
1104158.843693
1110380.208575
1114272.023585
1116424.865371
1112537.325048
1110525.435207
1113799.094565
1112904.034196
1110195.895823
1109873.364358
1102126.021852
1099412.905797
1096114.754000
1096227.607464
1094614.201867
1094701.108520
1114358.385294
1118308.421674
1123469.069041
1133017.825621
1133132.973715
1139889.893991
1141718.286458
1143624.185554
1135458.206738
1124533.586135
1126770.792111
1120163.503541
1118842.290688
1140626.504950
1141514.001401
1142745.953432
1141040.369113
1137051.997403
1141403.476624
1144005.432166
1150056.810105
1155133.056332
1154522.336935
1153411.509275
1161464.476680
1157283.018867
1151039.970006
1162425.728889
1161864.153450
1163212.836189
1167361.065023
1172237.639353
1177193.405777
1178542.477227
1178146.605806
1164785.291406
1155927.618333
1148376.392312
1148848.070265
1152768.046639
1154113.567777
1152993.160930
1159829.583991
1173465.354074
1171460.344700
1173712.930757
1163506.842498
1165504.194646
1170819.632419
1173366.780334
1173889.050468
1177522.264866
1176260.008025
1170332.545614
1171152.502318
1177356.139793
1176982.210032
1181697.630835
1183756.813797
1193532.196241
1202088.903963
1203410.851759
1214444.973685
1219715.062630
1225691.125557
1237868.771845
1245586.272877
1246258.275493
1255640.912872
1272134.693259
1285494.985517
1284730.577491
1275069.213840
1288041.330027
1279483.683699
1279151.941218
1275814.884315
1274836.737734
1258378.119556
1233183.933253
1214692.481795
1202707.997134
1208918.252182
1219255.583993
1242157.218120
1251457.213896
1254189.557782
1246109.427349
1239095.012583
1232898.950444
1235609.270072
1243143.581009
1250005.273555
1260057.289933
1237897.544067
1231013.250661
1228170.411749
1223677.987023
1215936.614069
1222340.115944
1222454.793033
1207804.553543
1195175.396999
1197395.242113
1194922.145038
1189346.074860
1191831.040230
1202661.171725
1210423.096518
1228507.633680
1233642.631511
1243158.824187
1241476.767874
1231556.134257
1235893.708435
1243640.687323
1250372.905942
1263677.633213
1263597.647217
1261421.435506
1258247.798149
1273526.163597
1282605.796350
1286371.365217
1276738.936670
1281995.740967
1292595.135702
1303874.616054
1304553.654500
1304902.373417
1305417.155372
1301992.541952
1304028.568863
1301617.789407
1307158.237492
1316690.162515
1311112.957770
1309052.164731
1313401.043122
1315007.246942
1308876.379785
1311931.107689
1318179.075825
1319666.162557
1329903.186558
1325310.205916
1332771.125898
1335088.151472
1334696.690379
1342507.940459
1354867.738428
1360244.722362
1364499.412005
1370693.452754
1359319.497818
1363853.775511
1353112.258637
1351922.805453
1336585.264044
1343705.345104
1339126.338780
1341640.488839
1350592.102849
1341645.434681
1341867.470080
1339965.209944
1350035.130020
1364000.201880
1364329.823598
1372933.134072
1384179.903269
1389074.641687
1381251.637111
1385810.271396
1384186.391359
1382994.389761
1396222.671855
1400893.361903
1402505.928380
1407475.904947
1399817.214890
1395869.395636
1395227.665368
1404424.630659
1402325.182872
1407618.509566
1415678.781668
1418520.576036
1441558.778107
1444094.812133
1443826.569478
1438408.028167
1433492.593706
1435193.499996
1428161.531651
1422172.625745
1425162.057143
1428628.506787
1435219.980600
1440728.908971
1451368.464459
1451965.727728
1448516.001289
1445212.121647
1443956.795983
1421129.980488
1411398.351372
1409911.661900
1412220.772749
1405798.931056
1414981.005970
1420283.956986
1410473.242858
1415516.421165
1421530.146995
1441002.831505
1454781.205348
1455784.068242
1466744.628199
1452555.473995
1394594.969888
1400255.885311
1380774.048372
1346346.082381
1354503.516912
1358740.475824
1379509.195529
1378175.627998
1373112.576102
1378557.634769
1367768.134193
1359283.280583
1382766.298078
1360296.305062
1361247.847555
1371675.636449
1393239.891509
1393681.325404
1395591.663631
1391124.159024
1394928.638784
1413930.666391
1404093.181046
1391620.136192
1398596.948262
1384464.313205
1394574.125254
1395722.463436
1392325.820253
1379524.161599
1370028.524335
1382912.054969
1388584.067900
1418989.922793
1416128.165059
1426295.772408
1436099.560034
1432229.286856
1406674.878609
1405167.159760
1404311.978354
1413396.515160
1423068.873618
1427189.340334
1415124.271536
1396493.335616
1388132.793777
1380914.850105
1364080.108442
1343011.325482
1329416.315685
1344147.527407
1357271.160668
1354725.274313
1343932.957376
1364453.236173
1374420.999407
1376166.977649
1382925.541372
1385834.406937
1379544.160744
1363433.259824
1391570.430420
1390070.014097
1391202.545811
1389737.301038
1380136.068777
1372466.197136
1377880.020742
1384129.044979
1380032.055209
1386152.984934
1400714.050535
1414998.563479
1416459.480094
1433975.119187
1436398.765765
1436049.592745
1431938.087810
1414153.710097
1418090.691431
1408168.394459
1416087.873165
1442836.248807
1437406.732465
1441090.735574
1433811.337493
1440212.767315
1437731.848265
1434848.874223
1428418.635201
1424459.749801
1431988.322550
1433455.358917
1438330.760677
1439540.168029
1444982.522353
1449603.863750
1450590.111726
1460784.566008
1453570.682743
1441065.039075
1446207.136709
1448630.866910
1460269.326221
1488254.744986
1498897.016095
1501124.498932
1487180.951675
1503155.399751
1501091.935716
1496799.502904
1487212.935188
1486551.085850
1495144.490412
1512719.628964
1511771.565952
1521167.210466
1520082.576528
1514496.596500
1517872.134332
1489722.743236
1483921.254139
1477492.673111
1477433.973720
1463060.185390
1461524.584529
1474352.193119
1486438.235710
1473030.515466
1475830.295170
1471527.845173
1467135.406495
1456736.833907
1459442.224943
1465992.074370
1464947.988111
1471389.889109
1467674.355409
1468084.374207
1469380.118651
1479831.493851
1514674.627957
1523606.107826
1519191.547902
1521522.812583
1520641.275450
1526513.556899
1534504.162394
1540801.200191
1550617.232512
1540105.358069
1546296.241428
1533418.165566
1528022.588957
1532453.035588
1528913.718288
1543488.037869
1552952.079123
1558459.085604
1547169.229432
1537791.306754
1533641.146105
1535544.554329
1535930.193165
1541434.696789
1558702.349175
1559376.584096
1559695.883557
1547230.968423
1549592.271903
1552362.063356
1558393.388609
1558681.081221
1550521.390434
1552482.951811
1562651.781398
1570450.536980
1562518.995099
1552559.715519
1543297.259986
1525342.316576
1520376.808845
1523851.834496
1545743.638559
1540141.258020
1535520.551640
1521512.234881
1521217.565494
1533879.551665
1535195.285196
1539752.216044
1538064.729880
1533851.798212
1531019.261876
1533263.387789
1540835.465501
1550756.537341
1554610.715070
1561032.655515
1562559.586182
1562644.677140
1555700.856171
1553659.992001
1556153.780350
1547260.703801
1546667.717742
1548289.573977
1545404.178546
1545141.587564
1538161.034212
1535350.870661
1542584.611087
1552022.171317
1546732.147315
1553288.809301
1534064.043073
1529662.368949
1535308.965182
1545014.357321
1546247.187613
1547304.347487
1559603.173613
1550607.242438
1538630.064916
1547069.314078
1574689.113262
1588069.880486
1595350.383746
1610690.216904
1613572.937483
1611885.201911
1618648.975983
1618743.623198
1624216.831148
1625422.848149
1613652.653744
1601394.962835
1608708.666435
1607321.677920
1605233.503565
1607179.019763
1606072.193285
1594910.088242
1595694.188287
1581478.032144
1595711.179475
1590874.660408
1600554.426120
1589973.659044
1580292.525082
1579823.617558
1585107.388669
1587270.168945
1596537.717178
1587765.704617
1585235.315509
1592217.262293
1591553.299206
1604938.271591
1626403.917486
1631118.285001
1635207.041041
1651284.627520
1652199.491910
1657122.456559
1656343.188491
1664977.912868
1652461.594045
1645165.244722
1660611.573991
1670260.776196
1670200.882772
1671216.326632
1679267.984955
1681332.567657
1683095.504905
1704990.892065
1706621.487163
1704894.491878
1705663.513233
1709786.154904
1708175.531972
1713559.661536
1707066.662896
1729995.759372
1763227.233485
1742460.995006
1744703.436815
1748827.130173
1761139.164465
1763801.681809
1772870.696126
1776144.181061
1770789.460710
1782987.340281
1796185.150979
1783164.319906
1732354.414576
1717882.877083
1717385.365797
1679402.685616
1632070.927667
1673014.876160
1670274.579549
1699116.624583
1698802.123583
1667661.248966
1580373.035231
1581655.278616
1474957.029597
1500969.256519
1417571.968502
1448853.006151
1406993.809582
1426396.821132
1467463.001036
1409984.872647
1482822.004663
1512415.621444
1543697.630033
1515725.177466
1520316.376396
1544812.354500
1487635.058078
1472984.429185
1557642.093437
1544888.317435
1564980.583979
1612596.481166
1623985.753569
1645811.758970
1654032.883920
1607613.861670
1638141.141399
1658028.077697
1641982.906179
1666452.946446
1656728.814489
1687891.535423
1707462.224317
1663665.926191
1662806.017014
1690570.545266
1687807.540942
1686432.712075
1657290.356487
1660358.633998
1683716.044848
1677306.115126
1691551.848241
1686211.549181
1680729.638923
1667128.059343
1686516.092053
1693800.120047
1690588.857203
1724101.240234
1728095.654177
1739602.777892
1739336.535561
1744735.645983
1765452.423779
1763378.946763
1784211.975905
1739581.857703
1727834.282702
1726200.661439
1747249.555732
1756872.640973
1756897.470554
1762737.802121
1779079.266269
1760684.797866
1778261.960669
1783283.612404
1802740.993261
1841751.743676
1927352.246980
1921863.053009
1912513.557608
1912916.298692
1920500.743853
1920401.961911
1906918.278314
1926779.916058
1926057.896464
1927122.036715
1968315.640952
1957119.458703
1939030.664477
1921960.605957
1901878.430242
1923700.237043
1937009.975883
1936430.789587
1920507.934780
1919114.041994
1929111.077118
1939330.940203
