1000000.000000
999793.812267
996376.114989
991619.697074
983624.921602
977487.958394
978487.984271
978702.784160
987361.376870
994409.621775
994044.218203
993550.458997
994554.128163
998212.554410
998087.038795
1001291.136892
1002436.057415
1006586.723481
1009573.638131
1022460.750180
1026991.921682
1037158.514990
1041356.019929
1050204.116863
1039607.422082
1038978.345195
1043828.131395
1049311.309268
1051708.713349
1053960.711859
1072663.157686
1072956.324694
1065369.381186
1074589.627777
1073578.515346
1070605.767505
1074997.556253
1083184.173182
1084243.987388
1079748.077706
1080031.763093
1078493.846338
1072454.471806
1062284.499237
1058911.316879
1065634.589181
1065751.999473
1072585.402209
1087374.842077
1091999.711617
1096861.536689
1089786.725814
1086509.098598
1084748.772957
1079021.025815
1084799.323398
1082991.843750
1076847.504608
1086843.286573
1100424.151770
1107683.835210
1115907.666867
1122431.378370
1124326.540196
1119481.272173
1129969.458213
1132023.701436
1130086.209289
1143578.402970
1143614.654262
1140195.531903
1138625.680918
1143629.264174
1145260.799868
1150921.326205
1155826.724718
1142962.121186
1143046.310026
1149288.739990
1147806.789488
1146002.821991
1135714.082403
1124695.938628
1134900.970872
1141679.709642
1139843.152759
1128117.831567
1116545.821319
1126671.470800
1137885.823133
1141228.132118
1148264.298176
1153496.045046
1151244.782120
1151152.472249
1148804.841015
1140431.879181
1137480.276473
1130086.484151
1132402.273768
1139405.293020
1140560.466652
1136364.688133
1139823.150187
1141287.238816
1145728.121226
1141803.810792
1140829.301539
1135867.539658
1132902.646897
1133925.026435
1129813.441165
1131607.432932
1136850.159581
1159400.316453
1165563.645521
1165808.005988
1170351.373634
1175044.421107
1186595.629295
1185121.621815
1182891.903043
1188210.151064
1183975.099831
1186287.917409
1209617.412153
1220939.661258
1262925.068019
1252910.208409
1244389.797396
1249887.945225
1252377.718116
1261931.302380
1264585.258994
1267496.504725
1269752.647331
1268840.618728
1283058.338996
1288959.564462
1287912.259486
1283824.534672
1304653.659967
1305694.183464
1310439.652955
1314007.260165
1313711.099027
1308162.556113
1303937.167251
1305112.646130
1297208.351598
1287699.910579
1275476.290946
1278004.197038
1286964.614526
1282037.693387
1276264.251457
1287622.498354
1304880.846407
1301817.156466
1306269.302499
1304711.899138
1304213.702447
1312154.678045
1319593.027290
1326173.829546
1328943.166342
1328813.661426
1315100.876866
1327687.826005
1326813.195594
1332463.650304
1340867.863000
1347617.893120
1355806.369012
1358256.883108
1369153.446881
1377924.918444
1384853.778052
1399802.280285
1400342.164678
1405534.617717
1410500.891263
1412085.820532
1428308.907064
1448034.070795
1447301.921049
1437946.969970
1429985.595937
1421121.013359
1440351.931056
1438523.059705
1417453.712682
1399769.323845
1364391.500388
1350862.639905
1343233.051578
1344479.230885
1365893.274632
1387297.615422
1399088.040435
1400484.368457
1386704.438437
1378629.506454
1375211.322186
1363999.617832
1378811.743021
1390205.996279
1391887.960137
1378349.914721
1377472.520326
1383412.445610
1377322.458814
1372552.151533
1377344.856326
1376528.723572
1356771.453144
1332473.135422
1346691.198809
1334846.359336
1321027.474971
1324597.890412
1333926.613279
1337735.071262
1365022.895057
1363108.350616
1364885.222268
1357387.959270
1338000.789518
1335841.151635
1339162.824534
1347629.715550
1344392.203599
1348018.310373
1347319.510278
1343102.235802
1347993.245518
1356418.619293
1362252.162491
1359287.068413
1358623.286682
1387222.530569
1393567.417077
1400372.803476
1406565.491459
1424448.129787
1418386.701583
1410724.447361
1404228.068203
1413751.570935
1417145.194778
1418156.224511
1415609.221769
1413367.663140
1414885.520969
1412039.317859
1408390.541339
1426213.377541
1426940.632300
1448229.996894
1448467.406927
1448664.156611
1448577.604245
1442714.305303
1447001.696505
1459232.338932
1457548.683963
1460555.404202
1462311.569783
1446001.588207
1451258.058289
1446386.537206
1450638.344767
1431830.196415
1423885.691304
1401945.326744
1397727.633277
1415243.366500
1404957.987815
1396883.109336
1396532.770180
1409771.517503
1434877.990796
1434673.725024
1428572.506795
1444547.917305
1452356.231366
1445683.425128
1442492.124357
1436110.210373
1439947.620334
1470130.327707
1482256.729863
1489488.638798
1504395.684955
1503359.065402
1497267.754345
1493437.715545
1498135.708317
1490431.125077
1480302.676636
1480989.221575
1485584.834627
1504763.662827
1500672.297284
1518023.592172
1505644.847818
1492531.193457
1494292.850031
1472457.303270
1471892.358010
1474897.925298
1481956.430381
1488942.277023
1491433.075336
1521232.047789
1528584.581639
1520351.588726
1518275.944900
1522491.173455
1493564.995604
1483742.631233
1491692.205644
1484135.700961
1484230.012184
1484682.885650
1498709.038568
1484238.455320
1498878.180676
1502712.171604
1533267.415500
1535956.922273
1546971.024694
1553078.396662
1558122.139799
1511046.838901
1515053.846710
1492108.365240
1453492.103830
1484105.014460
1477235.583836
1494964.421312
1492241.463516
1485501.055828
1502941.069644
1461835.654703
1446245.797681
1460386.356880
1444252.074514
1429155.604974
1415627.414087
1454634.748973
1453204.614807
1474622.214885
1467971.065725
1461553.625256
1475851.425770
1449769.211718
1433989.698872
1440321.380715
1424964.850367
1439762.533690
1442899.001784
1438944.779421
1415426.325478
1417101.508160
1419002.393146
1420702.565629
1446916.232439
1442727.211065
1453556.384255
1486704.276891
1477596.864633
1454429.505199
1442176.982730
1437280.825393
1448998.601319
1456839.234244
1472370.653096
1456313.630105
1441614.647080
1436389.701856
1417765.622344
1396437.119784
1369765.879866
1360076.629959
1375989.571477
1392103.733082
1392368.016265
1375915.599202
1405489.846335
1408687.136863
1410795.458617
1426941.801540
1429560.829361
1438253.282754
1432210.352074
1467967.828187
1472194.045297
1465511.654713
1485849.019835
1473206.537664
1471598.001158
1481776.308899
1494317.811945
1484371.858301
1482457.304350
1494026.699042
1515282.048377
1512968.827006
1534840.276434
1532748.052500
1538748.986534
1528415.292525
1531848.283535
1537087.338400
1537701.546132
1552300.132844
1587630.170421
1568188.832363
1572467.225811
1576764.735622
1606732.583055
1597790.688736
1591931.757922
1570835.275307
1557054.230688
1572914.445684
1573346.817065
1587022.799770
1598577.869772
1607923.254676
1629161.597872
1626135.995483
1634947.585520
1633161.576769
1610157.793566
1614024.367060
1627600.727654
1642028.820109
1690851.724745
1697767.109443
1697874.816289
1709324.197390
1730157.773984
1721084.048044
1731463.506299
1721927.321939
1721350.998449
1713922.956989
1736015.813430
1735643.407263
1751455.091179
1757332.761003
1752578.070728
1744736.995641
1695266.652229
1682487.430294
1666448.279122
1696711.904493
1671233.243213
1672443.257050
1702548.967986
1719372.890319
1706967.445147
1704021.645488
1708398.328742
1706621.130566
1687251.034149
1701517.420420
1720215.284185
1716662.177245
1721389.208891
1709419.577262
1705334.234302
1703552.635318
1707561.064842
1744358.747627
1764817.090324
1757525.625626
1760424.180828
1759413.756570
1760512.620943
1779322.820117
1792123.172250
1828817.504804
1822057.215477
1827997.055802
1797968.545885
1791178.716796
1804933.100197
1800034.400361
1830440.594613
1832917.681819
1819749.934484
1822781.577451
1798784.373205
1793826.869980
1796177.923748
1809623.895518
1818935.133543
1831384.051195
1830372.008959
1829126.895956
1820943.327675
1827647.273594
1830814.148031
1831167.681750
1832407.434410
1848025.138874
1855748.838263
1857386.954616
1851909.363446
1842686.472835
1822969.564776
1807494.146596
1775510.445114
1778796.355693
1774018.483273
1808078.191393
1797849.610956
1806424.666199
1804710.419215
1816234.794312
1826943.721974
1830132.080060
1835717.658886
1836431.129970
1839034.609972
1826996.454135
1827674.555107
1830771.501117
1844075.710418
1833512.214113
1850967.284710
1872686.195082
1875151.001714
1866056.695279
1848814.790659
1860740.894972
1858113.704950
1852267.320706
1871696.203434
1867265.245299
1881509.291547
1869860.748300
1877296.739290
1874134.910415
1881026.413076
1877190.370634
1871714.836460
1860186.394953
1860499.630207
1892208.355690
1891921.279217
1899721.895265
1888210.607561
1898814.878513
1883283.588494
1848217.483600
1858251.221249
1857793.159315
1875282.407454
1882546.304415
1886711.672050
1903476.620052
1923820.789362
1946313.699194
1950299.193356
1958264.038265
1964171.532518
1956553.791095
1948722.469141
1945839.344467
1948497.359872
1961386.703090
1971202.979660
1976132.307808
1961250.864197
1960669.627236
1941129.557942
1955343.957920
1947408.096479
1963525.261704
1934755.799254
1928569.228645
1924638.093355
1933881.946121
1937016.669739
1948770.985045
1941082.980614
1938965.085465
1943236.537657
1940117.754734
1969472.865805
1968910.906115
1983248.689550
1984387.755547
1984579.246791
1987015.547754
1987103.671377
1991504.641360
2002622.703569
2000794.625371
1995404.369961
2012298.115417
2002571.129319
1995656.346322
1991058.791217
1985463.327149
2009720.326071
2019225.076472
2043638.211432
2032011.799371
2024211.972598
2029040.236031
2032138.062228
2014438.857350
2015220.365470
2007145.654936
1963792.504340
2003715.694896
2010148.009574
2028901.737802
2026568.550704
2027409.118734
2037949.585358
2046827.451009
2042890.859191
2042577.588977
2045018.023488
2055006.122277
2060820.281433
1995397.625559
1977043.162804
1982086.724560
1950562.663148
1907766.312939
1954566.007854
1942344.193652
1971294.425688
1985217.291591
1939771.012569
1841990.109120
1854744.114141
1751189.740323
1813832.563581
1681761.811749
1696784.006942
1643002.541008
1625166.030598
1667460.077325
1604770.849641
1712274.010258
1742547.505441
1787849.220003
1765675.309767
1779952.462171
1801998.983469
1752461.145066
1749139.933049
1828321.924193
1824368.282292
1829881.869766
1850392.860622
1855005.128584
1880469.308988
1878876.218225
1834904.492425
1874197.917019
1884387.545298
1874224.949344
1898446.513136
1893681.357929
1941114.763854
1952376.279170
1924200.581987
1927615.027828
1950778.063798
1940572.846294
1938532.649394
1911085.551549
1909817.564262
1924131.549150
1922751.661669
1939666.400272
1934315.014384
1919892.413767
1916530.710141
1932483.550271
1942572.332468
1944333.623712
1983246.489493
1996563.560207
2003066.448690
1998026.988549
2029890.624841
2041039.173032
2040946.757876
2055399.614902
1993300.951480
1998594.863223
1974812.629391
2004140.742345
2006917.532948
2015171.311285
2030818.254515
2055397.529496
2038995.887786
2042866.095821
2052051.841520
2079701.055979
2111860.154160
2209211.278728
2238786.555283
2237067.589338
2241305.791277
2223443.091329
2230711.790011
2211852.978761
2220964.877662
2212894.921734
2224629.021795
2267450.082968
2268617.232223
2256609.731097
2221564.423389
2186982.435679
2198420.378335
2213492.194403
2225537.097697
2214280.502331
2230062.493506
2253563.735340
2275170.884219
