1000000.000000
999889.958633
996473.847517
991719.193345
983725.502395
977589.695160
978592.213250
978808.413544
987469.954680
994520.991734
994157.655033
993665.462572
994671.216873
998331.535808
998207.635258
1001414.687027
1002561.661457
1006714.704463
1009703.833809
1022594.606635
1027127.986337
1037297.625902
1041498.179974
1050349.909764
1039753.749786
1039126.278029
1043979.086446
1049464.576461
1051863.999256
1054118.332747
1072825.858197
1074558.499816
1072501.892798
1077762.179450
1074743.170174
1077577.467751
1078312.958599
1075375.703170
1071980.486615
1074369.168999
1072805.108009
1073151.450339
1069334.854397
1065344.654516
1069071.668909
1076791.250750
1070284.292437
1071950.434875
1068413.745457
1070690.301637
1064854.390427
1063585.050539
1057779.233853
1051423.989559
1058427.850396
1058751.275485
1056723.156541
1058777.990228
1062150.629913
1063699.683195
1074817.558915
1075768.020287
1075337.694653
1082974.525738
1082153.426678
1085544.118602
1091964.099086
1089695.678050
1086360.918679
1084593.381232
1088073.676245
1086418.441891
1078032.966952
1074041.332297
1083941.458262
1085223.360695
1087715.729220
1094951.003995
1096596.953041
1097207.460759
1093625.202104
1079332.050868
1069723.268548
1071011.717005
1075792.220482
1068413.457929
1067319.408013
1066693.090924
1072894.780667
1073039.099893
1072392.268892
1073675.483236
1077376.806414
1082917.194995
1080930.828797
1076767.959536
1078178.951295
1083303.105718
1079884.507757
1083102.118076
1082753.455631
1085799.386819
1079062.708368
1073452.053192
1077702.031967
1080693.260420
1081523.558422
1082253.370839
1083713.116452
1086179.026592
1086942.366300
1091683.184380
1092374.546023
1092970.098552
1111833.310288
1113627.330727
1118216.693165
1118429.284017
1117053.266182
1122622.926580
1122971.228061
1126283.437618
1124360.160656
1118402.498071
1124362.306123
1120039.130713
1123965.281222
1135359.975909
1135043.279064
1136812.738246
1143747.981225
1150430.809559
1151042.945575
1152388.449623
1156955.776863
1158558.000826
1156605.741416
1152004.694184
1152327.957998
1150163.050454
1139300.870368
1136244.988725
1137000.383548
1136878.479352
1143215.205176
1147062.107998
1148048.257401
1145360.189869
1151662.438381
1139609.135368
1132383.102444
1130988.364734
1131811.408199
1134203.658272
1138772.974117
1137145.995930
1143904.695095
1151735.745150
1156503.317107
1156294.493152
1150463.325336
1154943.249772
1158976.390254
1159654.581262
1159057.211388
1166893.085644
1166626.671263
1167349.443074
1164987.106219
1170285.667668
1170858.969076
1179132.458463
1187742.230370
1192247.062460
1190907.077829
1192604.271391
1202841.097144
1208072.869154
1208915.177499
1204979.015334
1205353.270576
1200426.152060
1207802.673047
1210651.838906
1220306.288061
1216294.111197
1215180.559216
1220217.376272
1208326.676423
1200691.721489
1196234.674203
1186475.926263
1169696.026057
1149315.945344
1129270.327068
1120688.007292
1130242.367972
1134791.536247
1136319.299529
1142113.879731
1149485.898186
1143192.879800
1132369.168007
1126815.678320
1125359.555223
1130019.267196
1136811.379930
1139317.935648
1127495.271332
1125427.124654
1122267.420922
1122853.321206
1107999.935180
1111852.838727
1110988.483952
1099702.056492
1088391.016559
1095148.774794
1096209.437505
1092424.641698
1096760.190147
1102160.569320
1116181.999859
1127517.331790
1129684.944489
1130317.391396
1127354.707815
1121758.137739
1128971.887388
1136595.503989
1141616.697473
1142423.922162
1144075.995866
1143926.482797
1142100.169202
1150470.926486
1154954.144542
1152527.125835
1150994.224875
1160507.680253
1161315.884350
1182141.071618
1186513.782609
1187305.570313
1187783.770854
1189653.829571
1191147.834585
1194154.929296
1205292.123695
1210037.557232
1207816.508062
1194212.283547
1188210.401164
1183949.933297
1176416.629002
1182880.519020
1193350.444478
1197993.197889
1199732.399739
1194180.656515
1193170.985956
1196787.533603
1193155.553408
1197776.765435
1197474.254978
1192312.554434
1199770.032961
1187895.239895
1186128.049672
1187457.508633
1180035.176792
1194707.886463
1175699.954877
1179004.083720
1188515.812330
1197443.977199
1197477.977507
1190099.672810
1192180.470031
1197523.524254
1199431.264654
1213791.522915
1217908.001633
1206954.121899
1217257.717670
1218062.270981
1206863.700650
1201577.179298
1201689.714740
1204060.747601
1209339.211954
1215329.603163
1226681.180972
1227223.165284
1228910.667480
1224293.192156
1223872.746932
1234492.344202
1224182.026732
1220024.507788
1226128.962512
1225412.637057
1241313.072881
1249483.204449
1243759.155911
1234929.178407
1231469.870141
1234444.184526
1219841.916884
1222493.041872
1229727.917224
1225013.450516
1226648.302534
1230731.879129
1231543.408663
1228402.219972
1225263.110777
1212899.325527
1210299.605596
1198138.753672
1189726.653020
1187136.972881
1182460.590541
1184424.132450
1195622.898823
1200515.973726
1195135.775498
1200485.980761
1207255.164455
1216409.012861
1229982.843238
1230568.997722
1238207.218936
1235132.115094
1200189.666548
1204263.431172
1194070.888068
1171215.028657
1177243.789976
1173685.844084
1177266.679162
1183479.323056
1173504.512757
1178161.280109
1166489.122036
1155111.483322
1167633.204856
1159762.580436
1155070.496739
1161641.996765
1180764.716764
1166873.627350
1163769.482975
1166551.411693
1164312.622745
1174749.465100
1160187.645830
1144888.209715
1134652.090003
1131955.120001
1141377.584213
1136528.020127
1130237.710943
1123618.291914
1131537.382120
1132284.658169
1129568.600124
1137614.383716
1142558.103810
1143156.266136
1161780.469961
1151105.868901
1125277.112452
1128873.180801
1127603.669775
1132327.723661
1141227.677402
1140917.786669
1134254.041358
1125459.630880
1116850.863963
1115235.720997
1106060.999000
1097511.084890
1094398.930715
1096670.387163
1110337.853047
1108382.861048
1104599.736601
1125724.922281
1120812.143211
1122999.275264
1124575.782664
1127797.927103
1122784.000716
1114368.412020
1125559.335024
1120104.708040
1117718.494409
1129242.617265
1116097.000296
1109395.141951
1108098.321336
1107866.428451
1096074.798260
1106397.684098
1120515.671990
1138300.439158
1142685.859532
1152303.092044
1158306.099010
1161662.644007
1160291.495251
1153889.463126
1156746.850159
1149858.294269
1154261.735370
1161997.128391
1155974.436536
1153319.975869
1150269.128548
1159267.372685
1166800.559187
1172220.425220
1169796.331767
1159699.067152
1167006.317149
1173945.965883
1173319.664489
1173483.441834
1173703.220405
1184137.641114
1188695.823017
1190288.390102
1177968.630190
1170195.519559
1170365.501830
1166509.481836
1170113.734729
1185450.308688
1190955.601029
1189872.782651
1191205.634969
1199565.221209
1196300.570117
1197364.950193
1195584.991995
1198907.736130
1199136.550507
1205427.755068
1203453.333232
1217094.880367
1206762.908101
1200858.954325
1196404.947409
1162258.288889
1161267.027875
1158604.761317
1158135.192206
1155792.489373
1158781.812006
1171231.564374
1177912.429411
1179541.183560
1179652.219522
1182951.203161
1181440.740033
1169377.375534
1169741.356396
1168590.013019
1159262.652103
1161767.353489
1154216.668698
1148658.802527
1151828.396926
1156518.153803
1176142.370271
1179167.643702
1167032.501823
1167619.719981
1163439.030913
1163009.467507
1168632.137919
1166054.334291
1172611.588032
1174459.656845
1170300.774292
1165400.717209
1167226.607934
1163154.301672
1163027.587814
1175523.906528
1179424.077248
1180323.522850
1181746.429586
1175217.821342
1173443.936678
1173516.888910
1172973.531090
1171512.614703
1172951.145706
1176410.182826
1168155.590076
1166248.992627
1164948.252599
1162165.253964
1167370.925441
1163597.621544
1162869.762117
1181967.839221
1188981.009227
1187282.887828
1182723.052471
1178392.866600
1161885.082092
1140698.626245
1137122.824013
1141455.384561
1154217.014764
1151356.216089
1151783.739730
1138801.053578
1132327.498313
1144273.698194
1136817.678923
1144027.171933
1138905.994577
1127138.004394
1122269.357248
1125557.876478
1133783.393202
1135443.228770
1133488.565478
1139824.538319
1143309.782963
1140293.741062
1144321.321923
1157675.352888
1156122.381878
1161899.300981
1160153.810960
1158566.594797
1160349.148629
1169009.790551
1171412.241505
1161775.175040
1167652.938156
1169617.539885
1171514.278523
1170858.315127
1147309.172797
1146636.858376
1146032.535295
1147741.582443
1149737.657491
1147363.406060
1152628.690378
1145999.181286
1155032.175324
1163147.506812
1169928.825889
1170052.316532
1162015.580192
1164482.240640
1149567.618624
1158501.289615
1169814.009346
1174628.345062
1176179.487422
1176593.604052
1171466.769552
1164320.887829
1161837.944668
1158214.207031
1158360.906533
1155633.101171
1154677.354563
1147597.923138
1153555.438510
1154479.954976
1162510.725318
1158121.397557
1161245.591732
1148586.380686
1145386.922644
1134551.194803
1139537.694110
1136468.798937
1145823.006961
1144416.737912
1144082.774829
1142207.218919
1147096.355883
1145813.746114
1157836.973554
1168412.843978
1168368.664945
1174496.748701
1171652.413700
1172534.761703
1172705.219590
1173799.509405
1168198.485714
1163594.182887
1175524.829155
1185854.743325
1198554.428520
1194709.291046
1198887.775955
1195940.290691
1197842.887316
1204052.209124
1201617.269782
1201930.450997
1202745.671379
1206958.587519
1197821.750037
1190683.281993
1186010.372380
1152245.019881
1159708.339154
1167323.224938
1170908.486077
1169469.253003
1169707.396440
1174838.842011
1184291.776138
1172496.816537
1167668.051329
1162944.842835
1171862.771718
1170408.226699
1131302.328254
1115880.413772
1120546.402455
1095382.665117
1074806.578320
1090754.971551
1089721.091549
1103142.486110
1093478.439616
1066333.782286
991489.421444
992611.185715
919500.597501
938256.790407
896887.108983
916829.035066
882533.138000
888516.810830
902197.328366
892987.720972
969929.451774
989071.929575
1001964.500870
956590.350016
972257.862932
999550.519711
977271.399060
983629.761496
1023703.742246
1020578.353849
1023844.000395
999887.296795
990146.979573
1005110.008667
999176.897823
976865.537056
1001324.969725
1011597.823161
999883.326742
1007911.273925
1011304.685631
1035259.791626
1007612.595628
989138.629376
997222.364067
1005758.565506
1001934.979011
985187.892648
973225.426620
981896.554119
1007732.187160
998871.833119
1010299.830725
1001094.947737
995280.416477
999369.382326
1009338.209047
1004576.043191
993154.634157
1006292.234194
1018993.900598
1034977.165329
1028537.562629
1051142.980600
1056631.757893
1040828.387807
1039414.262666
1004881.332285
1009206.675676
1002753.945767
1019337.248073
1016243.161582
1014433.057599
1018506.824439
1029893.717649
1008484.396580
1014416.457311
1005298.911836
1012307.427297
1023200.907832
1046591.696352
1035419.156884
1031184.469563
1017743.965537
1019908.295320
1027341.693464
1031453.657539
1033996.934672
1029918.787928
1026694.555953
1026389.834870
1034893.819793
1023760.706513
1012429.995785
1006401.728557
1003052.745935
1003116.544731
1006531.334048
988451.079261
970821.956367
973946.355619
988110.617313
