1000000.000000
999793.812267
996376.114989
991619.697074
983624.921602
977487.958394
978487.984271
978702.784160
987361.376870
994409.621775
994044.218203
993550.458997
994554.128163
998212.554410
998087.038795
1001291.136892
1002436.057415
1006586.723481
1009573.638131
1022460.750180
1026991.921682
1037158.514990
1041356.019929
1050204.116863
1039607.422082
1038978.345195
1043828.131395
1049311.309268
1051708.713349
1053960.711859
1072663.157686
1079200.691730
1082588.364375
1087935.663392
1086290.010204
1087254.517362
1092847.641614
1101057.112323
1107983.138794
1102250.192943
1102571.932143
1108801.927703
1106806.286149
1096958.802936
1099583.476154
1106857.885981
1106691.002661
1114150.287521
1123641.905738
1126378.937320
1121124.974222
1116981.899400
1107444.043121
1102804.115741
1092624.625055
1090142.350502
1080022.247896
1082937.793798
1092381.135147
1104925.043050
1111793.896927
1115080.816868
1121529.174386
1121659.457111
1123657.973259
1129876.132219
1138149.050998
1135848.969798
1148986.223883
1147541.501303
1147185.962343
1140542.486536
1138855.368432
1128764.222477
1135762.299865
1140630.643256
1143812.037412
1145304.555170
1150650.197642
1154925.623829
1151509.502214
1135837.664429
1127582.691305
1142759.588549
1144263.977510
1135443.436331
1130704.855973
1122236.977056
1132758.820895
1143611.885886
1142618.413677
1143369.796886
1151414.923582
1155648.826947
1156073.032709
1151522.389853
1145369.364578
1147820.102755
1137762.694224
1149852.384201
1153373.324157
1161675.526187
1159895.155998
1158842.542286
1163513.791357
1160314.490911
1158693.986472
1155229.193521
1146338.442560
1144120.228330
1145256.638978
1142181.091263
1144318.089241
1149186.883960
1172576.719541
1184680.827767
1187809.781695
1196766.166097
1200746.686911
1204363.232960
1206193.035108
1212947.273840
1213075.910385
1197948.531980
1198748.317168
1188149.715226
1202879.853431
1246648.064097
1240473.287634
1244041.109671
1240944.466708
1232299.025141
1243124.089889
1244994.968145
1246548.377573
1249319.790757
1247169.771270
1254053.302642
1266063.780636
1261163.212134
1257354.702708
1275239.656871
1274368.540321
1273412.375370
1285374.377573
1280928.265923
1280506.188961
1277843.010294
1284262.958214
1265127.133826
1256333.967157
1246401.825518
1245922.722117
1251327.522705
1254141.523169
1247668.355727
1259563.373110
1281103.540332
1285121.156001
1289344.259401
1283733.590597
1285265.628798
1290984.959580
1293210.955199
1295903.795881
1300674.710082
1293966.235622
1279546.844373
1296841.182804
1288973.638425
1301432.058880
1309062.595788
1316487.695313
1325226.735113
1340420.209999
1351403.631621
1356299.439084
1361837.205578
1375591.266172
1374543.405295
1374351.517967
1375472.593619
1381859.637602
1399940.761497
1414961.784381
1404135.644231
1399288.475687
1400154.001370
1393250.087214
1411438.829319
1400067.072232
1389169.292082
1364797.159319
1348074.370349
1316868.636515
1295362.265562
1310886.408149
1339082.737877
1368059.313174
1380426.230799
1389605.948437
1376581.616647
1362741.459311
1357158.284778
1353430.461151
1366129.228463
1373812.382633
1386716.493620
1370478.195542
1362610.517921
1366521.208827
1361828.809733
1354855.988118
1358918.363893
1361361.197694
1341456.420960
1316741.725173
1325997.820702
1306445.230826
1276731.333865
1278560.459883
1301186.805173
1309156.521492
1339639.712128
1336454.992462
1331467.413381
1327924.954429
1310608.547387
1310836.771862
1320123.699288
1334831.117733
1322579.332404
1321871.360926
1329331.820794
1320287.764679
1330034.150727
1343741.322656
1346440.275694
1335449.853800
1341833.022655
1371595.573909
1382577.042642
1387074.561805
1385844.880194
1393374.816962
1383884.936572
1377803.485437
1372758.130271
1377217.737130
1385967.032108
1378233.731985
1372110.464736
1365420.789050
1366474.910188
1372275.353397
1375866.418300
1385108.612328
1391002.549311
1415316.028420
1416874.651612
1430410.439016
1429612.755667
1425559.246094
1436642.811386
1451440.789427
1449338.725086
1462113.504808
1458651.172335
1438755.150035
1453585.102540
1439860.530938
1435738.658665
1413263.624597
1414756.746881
1401541.205483
1404365.217500
1415755.485243
1395357.254632
1381677.357409
1379827.469748
1391491.920700
1417760.424044
1422976.267710
1411929.723919
1431495.182287
1440319.016419
1427446.083028
1435436.065228
1433690.974661
1436068.038509
1450218.260395
1444887.193624
1448914.317251
1463400.721511
1450673.998025
1448305.212029
1437638.585623
1451750.830327
1442658.536077
1460131.170517
1457579.279364
1459798.022492
1500559.031822
1496013.887853
1496874.290567
1487803.419637
1480287.682688
1480830.595025
1454094.090471
1431617.144502
1442767.143688
1462113.049915
1470682.370570
1474956.956713
1488762.973828
1490816.773811
1483367.513169
1472040.513328
1479187.531124
1447875.441583
1436608.572324
1431443.120035
1441006.878001
1439622.326948
1446621.182710
1458542.474032
1446523.509371
1455333.702770
1469381.514045
1495601.727694
1503433.765977
1523916.611594
1529393.937044
1506812.147801
1432340.856701
1447067.154626
1416877.125290
1379009.334435
1409998.523670
1408544.862438
1435991.372126
1435053.945686
1420765.507929
1435891.258254
1425473.717780
1406746.304402
1437700.280681
1421924.149476
1406134.979751
1379738.016617
1412346.456544
1420747.633496
1442213.669840
1430254.133885
1427321.734874
1449175.741319
1430917.176695
1404715.938053
1414361.512201
1398642.849424
1416170.053215
1416573.638308
1410350.301500
1393273.024019
1391255.780036
1395594.526513
1394945.986778
1422342.606442
1415882.835476
1432009.393701
1463149.577292
1453236.831808
1429305.129125
1418654.627583
1417445.460967
1425519.842870
1432407.437056
1445506.281649
1422273.886284
1398389.068163
1388915.084043
1372529.761120
1346577.147925
1327259.332705
1304971.078324
1327397.812242
1356574.903924
1350359.918802
1334844.649513
1371935.069637
1388267.815673
1389953.159055
1403554.006294
1409218.448075
1416213.482920
1397510.827342
1434865.075565
1434332.210813
1433667.515894
1433588.750630
1417784.235861
1407424.524740
1418691.587861
1428461.134557
1415105.839194
1416282.000662
1435397.459778
1453630.578410
1451492.833912
1475310.012696
1479910.176212
1482081.596030
1477267.996301
1481416.856731
1480955.470411
1471788.073334
1482144.191124
1513101.722434
1495612.214274
1509506.654264
1516890.200283
1526625.845336
1515342.577566
1510759.875284
1494216.834990
1486120.815740
1507011.629746
1503142.729520
1519521.169154
1530968.977721
1527340.085510
1547431.016836
1545475.238528
1558194.651196
1545067.015411
1524923.706435
1536012.550468
1546051.069876
1559236.147545
1608706.374758
1608811.580294
1613289.211854
1603805.006036
1628711.424467
1622940.570740
1638361.890888
1622212.490607
1616907.023059
1612787.151953
1641252.241925
1643167.076710
1657834.034485
1648129.518652
1632499.123182
1619156.643238
1590881.800890
1579900.226286
1555653.586271
1575705.289302
1544479.682616
1552830.753738
1578082.889835
1589501.654368
1560628.587577
1549954.188899
1554146.670248
1542775.774868
1525097.731347
1530287.101778
1535618.039773
1536750.038294
1535883.071352
1519633.676880
1508296.700343
1522962.604138
1538389.686072
1575572.895069
1598527.949432
1583828.512186
1590327.379708
1590841.884471
1599853.647821
1612167.574058
1622709.711289
1645493.411242
1642296.248591
1647457.753140
1629378.312984
1627624.863472
1637344.198202
1634241.232327
1666944.989064
1667291.828178
1667800.778968
1665736.465637
1652087.677226
1652474.154869
1665805.186728
1666817.842985
1678507.627583
1687290.962781
1685493.077684
1678483.940300
1667020.025968
1675321.842825
1679931.181158
1685968.710065
1689023.933846
1663305.450756
1661357.144216
1672852.670118
1679544.598908
1663837.702434
1649877.041679
1635228.952711
1599962.198452
1600020.774566
1600810.468749
1629059.040600
1619863.701249
1645633.332014
1625907.422472
1635838.643385
1657333.272869
1654016.632826
1656415.425311
1657677.402760
1649246.134845
1642067.488751
1644361.405458
1657518.451517
1669871.799570
1671867.940626
1674115.901057
1694898.602533
1696102.021019
1692457.314684
1688640.817002
1699522.481279
1691092.815518
1690236.076563
1702468.442268
1703732.442959
1702095.444851
1693962.393060
1682564.061491
1688956.577571
1705271.952543
1705645.797630
1702366.566058
1698904.239730
1700672.575169
1712835.321384
1725782.307145
1733759.496539
1726337.589610
1737909.932163
1717797.572455
1712399.472425
1711645.221602
1762403.829968
1784093.218331
1781343.598717
1786290.212502
1779775.259561
1791051.551516
1808571.968298
1808992.614291
1816005.865661
1824656.707962
1822315.330751
1815399.950100
1822473.276905
1822460.365871
1821895.876238
1826307.472875
1837789.086128
1825592.554887
1823309.507171
1800324.556218
1812782.766452
1807917.577563
1816909.081660
1790412.084934
1789863.307017
1782117.789824
1779546.817636
1776465.265789
1799454.825054
1797580.871730
1803034.085603
1806848.378846
1809062.622253
1823917.991235
1842136.573593
1850875.445224
1861261.816299
1872216.623200
1871797.045855
1878694.219202
1881211.150695
1899600.859633
1889855.060982
1884288.106278
1898958.562396
1897679.541691
1904390.270922
1915405.731037
1919135.719180
1926712.793909
1928007.819325
1966331.631104
1961526.308935
1949512.467996
1948660.338237
1953478.322705
1956797.539121
1959682.576005
1946306.493304
1998609.053449
2076393.129580
2035886.134269
2051321.391021
2051144.429216
2063576.457014
2079456.745869
2081665.239831
2080448.794509
2080139.557099
2105089.769014
2136442.781200
2135047.959009
2046253.477461
2009908.458740
2006271.376324
1946791.553598
1903146.254444
1978949.522575
1978635.625330
2011995.724197
2009374.176025
1962085.712739
1825242.253483
1849399.030214
1729844.659301
1752996.051520
1628712.718905
1654199.592646
1575524.990094
1612098.126006
1638745.648056
1607620.987711
1724614.738526
1777572.190856
1792882.873743
1755999.302588
1771826.668487
1809069.506364
1761986.090178
1771386.810729
1858303.065204
1855009.486357
1874092.237411
1964014.109947
1987351.612594
2015296.193771
2021056.603643
1962328.358076
2023019.256780
2027665.794238
2028477.246992
2071665.121272
2057243.161919
2099225.995642
2100374.545176
2088611.739215
2095524.095498
2132103.200361
2119252.302594
2109414.444926
2086963.834318
2089946.762949
2126058.805162
2118699.124836
2140378.782268
2133370.993486
2109151.920554
2110923.176619
2119187.054367
2126354.769920
2137030.707587
2189179.610061
2200339.832950
2211103.659830
2202387.790925
2233531.140393
2261784.858532
2260060.392929
2296369.437689
2225520.772036
2220218.991192
2221263.608593
2250354.534115
2258853.422426
2269092.273162
2287789.292753
2308748.774201
2279112.029197
2293956.334222
2317972.441360
2365024.371826
2425803.394075
2566993.932855
2579513.368262
2577524.605942
2589494.337220
2610404.935707
2615314.490400
2609062.256397
2606922.368787
2561205.409429
2574008.957277
2651753.427063
2640211.224419
2634725.653183
2599713.072128
2550651.151504
2590034.087720
2586682.844556
2595318.772016
2577601.878956
2567145.134585
2594141.896987
2634281.638657
