1000000.000000
999793.812267
996376.114989
991619.697074
983624.921602
977487.958394
978487.984271
978702.784160
987361.376870
994409.621775
994044.218203
993550.458997
994554.128163
998212.554410
998087.038795
1001291.136892
1002436.057415
1006586.723481
1009573.638131
1022460.750180
1026991.921682
1037158.514990
1041356.019929
1050204.116863
1039607.422082
1038978.345195
1043828.131395
1049311.309268
1051708.713349
1053960.711859
1072663.157686
1076752.575863
1079652.114364
1085671.841637
1082404.734301
1085575.941295
1095301.980852
1093436.493704
1092659.261235
1092243.907184
1092109.219260
1093136.011715
1092036.333808
1083172.653570
1084373.516976
1093341.671892
1094932.246659
1098588.977715
1097511.297938
1096582.431799
1088412.723823
1084432.403011
1079351.218821
1075549.992854
1076007.953176
1077288.555541
1073823.839995
1075277.190061
1086654.003476
1093398.517252
1101111.441223
1104820.381484
1106709.896384
1112369.548534
1112601.046806
1117847.347048
1123925.017355
1122948.518881
1127801.389031
1127047.928648
1127843.129113
1120666.495823
1113949.399451
1112720.619820
1123290.630268
1122944.430067
1125864.409480
1131461.436116
1133878.898159
1133951.111535
1130650.330765
1115689.764063
1102574.050684
1110271.314499
1117834.144346
1112017.569133
1111834.692129
1106238.912112
1115419.045028
1121141.622859
1121424.149880
1122885.977217
1127160.760289
1131920.763713
1130345.813462
1125960.851776
1121873.165961
1124821.216278
1119488.032888
1123488.621516
1127013.416979
1131116.573746
1125612.743895
1123603.929555
1129775.061634
1129481.813244
1126997.100422
1126448.314930
1121131.529050
1121334.828193
1121654.294502
1119982.473073
1119645.729222
1119776.141588
1140146.493759
1145072.516012
1150208.008414
1158793.910326
1160777.052914
1167526.684508
1169395.781975
1172142.367440
1169203.330753
1165460.784937
1170140.047599
1175775.973603
1180907.477417
1194768.438521
1194212.432208
1197098.340688
1201990.633241
1204225.644126
1208880.298270
1212238.249351
1215376.147779
1215446.468374
1218627.010604
1227028.411430
1231019.647920
1226544.744440
1217687.823101
1231231.569776
1232374.186236
1230571.900477
1239175.415918
1236693.283133
1234745.919202
1230899.664014
1235756.318594
1219642.916465
1206395.634791
1198786.484600
1201978.319252
1206241.365863
1207012.477817
1205872.011612
1216561.949190
1232242.894199
1230949.034597
1231443.089085
1221482.878665
1225061.028326
1231930.304766
1237016.390797
1238899.575485
1245508.075350
1245056.522433
1235098.115637
1238781.834661
1242520.668482
1242900.278035
1249690.713128
1255739.526475
1261250.057712
1267023.422097
1272386.016430
1281002.429803
1285837.536374
1291325.795110
1302395.268190
1307839.483517
1305773.878539
1316459.381564
1329456.088974
1340952.995212
1332406.436182
1323463.231430
1329073.621086
1318188.563251
1316783.812895
1310575.921394
1299463.810245
1278312.208186
1254235.489596
1238070.545465
1222313.852677
1230581.706115
1240382.695672
1254164.858385
1263337.093830
1268444.139317
1261679.183011
1249160.763559
1243208.731925
1233198.380501
1244382.191458
1249111.030640
1258416.167483
1239134.637757
1235913.038969
1234428.003237
1231490.958763
1223818.441451
1227669.007825
1225505.064157
1211576.957040
1197494.306567
1201730.070292
1203299.041415
1193076.471525
1197019.917133
1205893.370768
1222858.968636
1241813.408252
1243750.529968
1247600.615117
1245804.424281
1236181.740160
1237623.946310
1242029.914157
1245751.334022
1252749.071907
1254860.136875
1259990.349760
1255911.087989
1262642.910869
1265041.273871
1265503.596603
1261808.666671
1268671.849913
1286267.059439
1300780.436995
1303564.500138
1304482.846652
1306271.731514
1304939.691195
1303100.435679
1302151.831617
1306378.373357
1314138.962357
1310363.060730
1301060.990513
1302348.838975
1302565.107985
1297153.652456
1300530.838075
1311065.067803
1312375.532815
1322017.111914
1316930.604024
1321154.538884
1325286.004755
1323597.263868
1331231.813376
1340896.089594
1342510.166889
1348150.901060
1344895.310001
1332210.149860
1337989.952918
1329993.084532
1336923.191992
1317495.948992
1321442.037740
1317906.728531
1318557.285281
1327411.015725
1315377.328478
1317091.812064
1317202.901927
1326224.328340
1342543.128365
1345414.530972
1341960.513583
1355150.230813
1357397.659604
1345068.263958
1347830.644839
1345006.425131
1348687.770287
1360091.349678
1365082.676472
1369850.030031
1372243.703674
1371941.693727
1369410.724241
1373066.474546
1383680.575076
1376240.313155
1374597.057780
1381949.024501
1384469.779317
1403792.335651
1407632.802159
1410874.228774
1402455.876134
1396252.400719
1398832.951341
1386615.991727
1383963.656889
1391576.897424
1397297.860066
1408238.567380
1410193.133216
1418729.442204
1415442.596376
1414051.004674
1404077.120714
1401448.271237
1381720.222077
1370856.503253
1372377.362711
1369101.668824
1362216.207628
1370511.060401
1381193.860295
1373733.244409
1378215.638117
1386080.067814
1400006.743938
1412815.343182
1413991.216602
1419808.562073
1414771.627703
1362408.890621
1366024.871374
1353981.141757
1318864.331256
1329060.146111
1329203.019773
1342896.555100
1342143.706862
1338967.204938
1347345.572359
1330933.496582
1323961.032318
1335131.179286
1321203.220773
1326717.335195
1330729.258850
1353534.753785
1349919.279356
1352778.108426
1351210.276094
1350842.176704
1362580.360089
1349641.471204
1329645.754336
1332966.252743
1323837.425339
1334314.414302
1326825.269681
1321793.109469
1309479.320325
1304329.841748
1307950.131203
1310296.180845
1329658.791238
1330796.900810
1336516.259174
1353148.959500
1347285.924003
1315333.639965
1318292.804699
1314075.870955
1319833.269307
1330795.448090
1334299.621501
1325876.547890
1314959.774814
1305770.629567
1301836.709918
1287249.915321
1271056.979139
1263011.735685
1266658.766150
1282319.276720
1278102.675704
1268024.175282
1288400.422900
1291492.248506
1293265.541142
1301369.869727
1306185.596295
1303146.346339
1289134.318427
1311138.169391
1307365.213271
1307573.037748
1315699.980219
1305846.796122
1294308.491305
1299153.986177
1301149.475413
1287461.121785
1297481.888332
1314117.094507
1336298.990604
1342765.679750
1361446.798676
1361823.842842
1364286.207132
1360544.751411
1349181.696589
1354636.160247
1346759.617504
1355531.087317
1379540.596682
1367350.360643
1367089.420096
1362237.666182
1373893.887096
1375487.986221
1379390.014908
1373643.520436
1366564.576831
1378393.016450
1384418.497234
1392027.919155
1394787.639903
1401325.444429
1410973.144248
1415681.328845
1420562.301138
1408771.778729
1392789.463178
1400002.178504
1402687.200874
1413688.768967
1442240.866660
1450831.095874
1450258.633551
1442011.307369
1456310.967262
1457422.364886
1459123.001576
1450098.694755
1449869.913508
1455172.254424
1473631.117480
1470896.319712
1483903.799925
1478754.150850
1466395.424195
1465382.560013
1426062.841352
1418709.361623
1411407.947886
1418414.570101
1404899.329652
1408550.515256
1420735.576652
1430006.464254
1423762.647178
1428163.675351
1427523.445548
1421877.164755
1407597.373291
1414944.604627
1417974.086599
1414152.667604
1418809.137239
1412757.249952
1416656.755474
1417956.496998
1423700.257343
1452576.109904
1466560.966284
1453723.437955
1455183.177800
1449827.639114
1449735.848243
1461283.496272
1465625.027694
1483731.253541
1477404.252009
1479629.693684
1474957.253605
1476436.504445
1478337.811720
1476728.429355
1496835.865028
1501066.050044
1503197.546113
1497237.899347
1483587.083186
1478359.070516
1480345.833775
1480960.763789
1483714.952556
1492305.993402
1493798.622744
1492165.935486
1484410.296440
1484420.636644
1484840.822365
1490065.717446
1489060.582284
1483668.964788
1492700.992130
1507149.865593
1508127.858760
1499905.121221
1487639.198652
1473136.568196
1448736.252492
1445406.924789
1447424.834262
1470755.036573
1467608.896828
1470876.190548
1460783.715802
1461256.471944
1477000.090828
1472690.668743
1477602.705037
1473761.739785
1468901.755446
1464588.923930
1465047.984595
1472144.182596
1481616.767691
1477698.744240
1484282.890232
1487320.396873
1487952.740613
1487359.442730
1493793.309821
1498412.428341
1495375.059519
1490480.464419
1495247.022273
1488535.934294
1503122.958252
1505284.452158
1501490.543355
1506751.376478
1515307.401517
1513741.366223
1513372.956913
1491847.457296
1489904.363592
1493048.576582
1499443.959356
1503404.203192
1501045.780504
1513829.348359
1505914.365356
1506952.830474
1516041.755527
1533913.184650
1546588.302671
1553000.710753
1562499.359779
1555879.645470
1560849.228395
1573577.811304
1574638.843734
1579926.907655
1582076.367250
1574292.048880
1566866.343500
1572169.035812
1570707.685854
1569184.089430
1570714.583275
1569473.818920
1561885.671558
1565392.996679
1553193.321108
1566282.950642
1560535.388817
1567299.961182
1552076.801615
1545295.440301
1537795.139573
1546146.446066
1546959.244644
1557753.970612
1549982.823600
1549820.825478
1553875.725957
1555960.221784
1567605.930568
1584406.808960
1596007.020628
1598673.892769
1612207.149258
1612208.239117
1613937.329984
1613016.334977
1616674.276734
1608735.818128
1601327.249470
1612308.694396
1621218.485743
1620713.884656
1622891.831383
1630570.726371
1634147.902606
1637028.072790
1656682.637424
1655720.666248
1654412.291811
1654481.575982
1659148.323861
1647543.480600
1646959.634366
1642174.376311
1614640.785376
1646273.407781
1641999.341561
1647409.177956
1644240.980079
1648631.183301
1656161.236329
1668633.046845
1662619.622975
1660645.412252
1664848.442357
1683271.276938
1677383.212144
1620922.521460
1604287.271655
1603600.381076
1570900.497500
1526731.619447
1557720.560866
1562645.411921
1586982.418793
1583838.611871
1543719.724154
1438705.700858
1442352.152557
1328136.951797
1353703.043147
1270129.857194
1287209.215887
1235285.268840
1242153.354890
1277900.236300
1226875.280728
1322024.588081
1362791.176029
1387557.068808
1350478.093516
1353799.110169
1393472.542090
1352061.365236
1345779.914967
1423912.379431
1411925.935402
1430508.521761
1432770.828577
1434856.152929
1466530.354207
1464465.202076
1419975.546478
1457441.087188
1476369.850415
1457123.175621
1479739.138410
1486143.577402
1514830.744163
1503824.389094
1464341.666044
1468914.349312
1490382.912906
1488501.232948
1480416.806256
1452152.031756
1460425.248748
1484277.368966
1475093.639181
1490765.049148
1483366.120327
1475305.192655
1471615.283654
1493797.756999
1497984.429447
1490573.276163
1521885.147709
1535672.906454
1553403.355252
1550847.085588
1570049.851887
1583808.052880
1568588.780233
1581714.933006
1532939.531047
1533244.755621
1524799.424423
1547987.065180
1549737.765808
1553640.353801
1564764.019233
1580986.641260
1550910.535655
1564237.312339
1560600.231574
1578425.331568
1606750.909046
1663164.442737
1659094.078874
1654838.941349
1647125.439188
1649360.749155
1657931.759633
1653412.661773
1664855.965500
1654552.453048
1657750.888348
1677109.088970
1681108.710446
1664656.154765
1654215.652079
1634967.494526
1641004.563738
1649872.071307
1648946.419942
1626551.399986
1613366.458291
1622797.905044
1642316.159178
