1000000.000000
999889.958633
996473.847517
991719.193345
983725.502395
977589.695160
978592.213250
978808.413544
987469.954680
994520.991734
994157.655033
993665.462572
994671.216873
998331.535808
998207.635258
1001414.687027
1002561.661457
1006714.704463
1009703.833809
1022594.606635
1027127.986337
1037297.625902
1041498.179974
1050349.909764
1039753.749786
1039126.278029
1043979.086446
1049464.576461
1051863.999256
1054118.332747
1072825.858197
1081942.596973
1087129.680960
1090663.430271
1090836.587596
1096612.185288
1099219.696102
1102173.401065
1111044.118232
1100094.528842
1097860.953084
1100641.825460
1098521.426068
1093405.813239
1097377.216982
1109334.779238
1108920.024408
1115381.853043
1115032.094525
1112480.147877
1096789.098646
1100383.043372
1085862.210013
1079426.534846
1073074.237470
1078169.742970
1074254.000519
1082048.217647
1095247.879130
1102609.723663
1117867.587289
1119989.327972
1128155.399243
1132861.197657
1136105.826208
1138527.232902
1146515.328261
1144083.721891
1146487.143800
1144757.726713
1149856.427712
1140821.948878
1135858.264624
1129694.771328
1138015.406790
1138953.511455
1140903.291545
1145114.089470
1153552.194730
1152701.469447
1151132.243420
1130301.144727
1116599.008568
1135777.163386
1138195.018042
1129083.574894
1126179.653284
1118445.264113
1131212.575796
1138406.043484
1136885.619181
1138706.630314
1142873.962742
1151910.004670
1151432.711133
1143855.683295
1142000.864621
1147388.271605
1138581.397179
1149250.954698
1149767.460101
1156149.714189
1149961.328931
1156294.107615
1165835.982280
1164550.243339
1161687.554790
1151019.418351
1143351.187819
1134992.869044
1136310.612472
1137403.164038
1138335.206899
1144876.057692
1168691.676514
1175344.034097
1180353.550224
1190122.937417
1194393.089539
1200478.818764
1201714.455344
1201881.184762
1189730.876061
1177253.859135
1183652.652418
1189563.537330
1199693.092548
1230799.575635
1231071.445897
1238054.087644
1241443.647735
1238162.012080
1247179.744620
1248096.374667
1249536.853565
1248880.837204
1246678.313283
1260070.185296
1261450.646099
1260126.567131
1249670.622316
1260649.937082
1260662.586572
1262029.802291
1274476.571411
1272615.110646
1280454.622868
1276227.484917
1279102.668617
1250907.335931
1246224.861607
1234526.452277
1224812.179675
1231096.794150
1235735.111117
1238575.544033
1247040.198112
1259802.923611
1258788.894148
1252750.375381
1249024.547661
1259666.523748
1269737.125456
1269526.559532
1267020.564855
1270547.065029
1266999.611659
1262802.913180
1264764.360292
1259887.102137
1265070.887753
1280688.070843
1285582.402711
1292117.931593
1304201.771005
1307349.970291
1307728.924452
1314325.878215
1320798.208592
1323166.893938
1332609.155284
1331455.656220
1343769.476201
1352100.457635
1368697.073483
1359319.806404
1356309.390355
1368004.588984
1360282.660970
1367258.784441
1354172.010082
1340671.119937
1306337.797936
1310544.096063
1278563.327690
1275773.350177
1285008.257707
1305666.997682
1316088.774551
1328344.260348
1339927.682332
1328624.693457
1316210.752535
1300607.246691
1307070.678515
1320700.646128
1329538.921555
1342200.166112
1328177.090430
1325113.305903
1320415.527734
1320480.910781
1304279.529016
1314437.579712
1312573.772865
1294634.706356
1270081.866464
1289626.242702
1269341.497321
1257621.340361
1259954.023614
1272542.703246
1276813.181474
1303001.273627
1299137.494721
1305452.135829
1301582.090718
1293462.257533
1305814.072775
1313743.463690
1311167.483329
1304855.503100
1300784.111896
1300239.343214
1291536.873543
1308398.467208
1324042.119202
1318085.363252
1316424.674264
1328687.058129
1355629.218289
1371756.479047
1377876.576623
1374939.879345
1376964.414091
1363942.590917
1361503.148358
1360965.003506
1359606.300173
1367579.690209
1363384.135272
1365211.437511
1363306.282309
1364875.225785
1362864.780300
1371303.667557
1374517.950745
1382961.411010
1397564.266773
1397493.508006
1400237.489529
1402547.473260
1400104.464940
1406793.438340
1414760.611031
1413922.105851
1419515.725803
1414801.564315
1405551.385026
1413075.778194
1402593.935605
1402896.876546
1374629.104675
1381262.057599
1371643.248549
1379193.454401
1383514.331598
1379080.697389
1374060.037527
1376322.786752
1385384.300967
1402541.110581
1408232.530796
1396050.184081
1412881.922832
1414931.944465
1403130.879383
1414377.526458
1411775.434344
1418702.492249
1428480.299375
1427102.194593
1430593.792637
1441336.904027
1439316.114267
1438212.633741
1433046.312366
1442388.197464
1438243.287542
1449041.822579
1455290.887559
1463206.652761
1482643.984461
1488423.008483
1490395.969733
1478167.161736
1475059.652590
1482968.367230
1468517.849355
1455481.253097
1463537.645013
1471348.492487
1490808.287752
1497786.107304
1509198.526338
1513732.651815
1511396.560370
1507522.924871
1503180.972952
1477390.616058
1462970.876895
1462350.313898
1465947.228396
1466401.019848
1471873.347213
1480696.344541
1465995.036264
1467906.575450
1467160.690066
1476020.976472
1485873.981322
1488117.259847
1495184.338779
1494905.201625
1432979.360968
1435598.529487
1404922.517918
1369298.701489
1397294.913260
1388634.754595
1415759.763391
1412966.108436
1397864.701691
1408032.426070
1392927.648723
1364861.415393
1397311.069687
1369796.742076
1353208.822591
1371698.401215
1400966.760139
1406519.126785
1407157.443335
1402621.338033
1401007.261366
1423522.043844
1404397.572870
1371979.379899
1381660.459913
1374485.153830
1395679.802835
1360842.542077
1328721.914203
1322313.480665
1319640.439499
1333069.419714
1337188.416675
1363087.785950
1360505.763607
1370883.936608
1398807.005604
1375315.420711
1354722.853120
1342715.388070
1344528.131265
1347232.464545
1356299.180230
1361687.206435
1344847.075390
1323357.394834
1322495.993598
1307023.623325
1286095.830120
1261677.424113
1244657.932889
1265140.741117
1283168.697553
1287552.490741
1267016.321988
1301594.804397
1316397.996666
1316811.308982
1326351.307691
1331717.897625
1334149.900536
1323593.271858
1344291.169511
1339041.477405
1342737.139143
1352447.646148
1329954.352912
1325244.066682
1338249.071195
1341885.557793
1303311.770174
1300192.198841
1327695.321674
1348289.891582
1347471.360283
1362624.264429
1374699.510124
1374613.378827
1374566.524345
1372070.734897
1377873.142236
1372938.359717
1381114.095185
1396028.007334
1382356.949275
1376899.843269
1377703.850020
1386161.890402
1391289.610147
1385450.128065
1377637.412406
1375527.833108
1398667.003545
1405317.103226
1422346.181469
1423400.413475
1432887.799799
1442036.423236
1453971.144822
1461199.366162
1453471.403130
1439149.466002
1451719.372576
1451720.787006
1461905.394184
1488959.879733
1493950.798143
1499290.935957
1494010.579468
1508546.364308
1504587.831703
1510189.010807
1504276.872707
1502161.206856
1494945.821728
1514225.792311
1518426.483246
1534119.949503
1528729.214791
1517423.860087
1510244.711495
1482987.515992
1477784.126965
1462666.934721
1467885.123381
1441303.261982
1452033.838486
1461540.892794
1476274.208100
1465079.207863
1462036.285173
1464325.987231
1460935.287581
1442406.809449
1448000.709340
1449666.824918
1438504.734450
1440594.745195
1424873.956529
1415652.325364
1434801.154041
1446976.790248
1480945.729833
1493735.571783
1480522.662945
1486040.337435
1480270.731377
1482418.061624
1503141.947320
1504185.478672
1518758.318780
1513537.919240
1516080.799138
1504985.352532
1515674.649272
1521076.558952
1522423.012886
1540233.820147
1542224.167270
1547820.469262
1541944.094335
1529179.667537
1530731.290690
1539697.169369
1546304.283856
1552558.716652
1558822.492422
1562475.039900
1560947.923600
1554166.238128
1548545.269833
1554228.380038
1563865.210367
1567351.474880
1546439.380164
1551496.330867
1561836.308545
1563070.080702
1543689.389747
1530228.258504
1510326.016760
1470642.797558
1472800.168915
1476525.584706
1500351.152183
1493312.480770
1502197.008079
1483907.020176
1501620.786744
1531818.681559
1521688.206207
1531227.469902
1520861.581497
1499276.652606
1504446.315993
1507188.600576
1519963.910876
1527163.293412
1524276.315052
1535165.568227
1551778.337679
1550892.792855
1548916.260320
1556195.242530
1563004.571653
1549742.209554
1551352.198926
1552731.673216
1546320.805257
1548568.747430
1556763.156128
1544915.689354
1552945.699304
1560872.341759
1553252.448271
1551166.548752
1547182.976012
1545606.290710
1550416.291205
1556337.543439
1569368.283934
1569067.254537
1580011.946285
1563683.622429
1566967.287869
1570410.502174
1594649.918720
1611893.688990
1607272.936054
1615697.419995
1608892.480151
1618714.204897
1637565.552159
1638764.678368
1645956.283589
1646337.726749
1643350.241281
1637224.329966
1636235.112525
1636766.696407
1631866.033542
1641234.370069
1639746.920051
1634743.451461
1631863.781160
1625661.658878
1646527.121696
1644466.429919
1650625.232419
1638359.820351
1626641.567137
1617566.511773
1622898.345903
1616113.227012
1630280.431391
1627986.127840
1630712.469145
1635240.636969
1646513.769535
1653763.171840
1668363.674945
1663172.871215
1664778.504306
1681140.205344
1687848.452068
1692153.970377
1689769.354873
1702121.465854
1686725.918066
1683959.150339
1704110.616655
1704827.620835
1704580.764352
1707310.536832
1706378.738697
1718429.474414
1721259.892071
1749090.004017
1741386.386001
1736041.994582
1742290.681314
1746657.471388
1745969.827689
1743206.639518
1742305.602414
1754295.936016
1797998.530742
1794302.518426
1807674.660959
1804631.774286
1821209.740870
1832551.213853
1844195.272157
1835319.793116
1848891.565597
1864963.632649
1896672.301101
1887348.767191
1795952.666762
1764258.851552
1767033.734278
1711973.250829
1689354.389724
1738593.048222
1730629.781126
1769400.121377
1751321.937418
1703944.777159
1583192.899377
1586851.688660
1457622.389947
1511631.244327
1389402.364088
1442097.038223
1386444.845108
1417918.083268
1422317.563384
1386825.993228
1502785.123528
1529996.426189
1566204.476851
1526009.094911
1550849.180991
1580772.730285
1527697.012328
1525372.108727
1613311.786711
1612584.588918
1623007.997275
1668654.690940
1689009.362392
1707728.287472
1711588.960256
1653401.759012
1704144.680087
1707662.904994
1697743.894630
1722657.078742
1714831.085883
1752855.497715
1745465.698980
1707740.805795
1720856.007066
1754571.854641
1740869.640961
1734131.553755
1719561.888527
1738612.759647
1764921.355765
1753983.777204
1777341.018807
1758543.558358
1754899.022205
1747736.267048
1766251.356114
1775445.713193
1788867.070809
1812875.717635
1827997.400743
1845527.162387
1837759.065056
1868183.396701
1880846.125279
1876846.344767
1903196.839635
1838186.292912
1840823.607590
1841516.901263
1866605.435531
1877621.195035
1885593.055987
1912554.923547
1927123.719131
1888394.075043
1889619.086658
1902423.377565
1928575.377137
1959280.530665
2019051.591830
2009821.714774
2022747.319424
2030152.202967
2033422.889482
2025812.253384
2031542.775421
2031298.707346
2022052.444815
2030480.719460
2077366.247629
2074844.593735
2063264.027058
2058740.220322
2043710.451176
2058416.337068
2046085.033544
2061515.237642
2042588.844194
2034185.621735
2058613.401620
2087604.773760
