1000000.000000
999889.958633
996473.847517
991719.193345
983725.502395
977589.695160
978592.213250
978808.413544
987469.954680
994520.991734
994157.655033
993665.462572
994671.216873
998331.535808
998207.635258
1001414.687027
1002561.661457
1006714.704463
1009703.833809
1022594.606635
1027127.986337
1037297.625902
1041498.179974
1050349.909764
1039753.749786
1039126.278029
1043979.086446
1049464.576461
1051863.999256
1054118.332747
1072825.858197
1077670.519326
1081996.503876
1089112.594012
1085161.502731
1083776.761918
1085874.834763
1088417.216158
1083296.436730
1085694.617900
1084510.682215
1083022.233503
1083906.313082
1078731.080332
1080666.743544
1085976.415946
1086679.822587
1089711.523456
1093554.000915
1091986.649782
1084172.541111
1077188.774136
1071497.444498
1067561.922494
1072034.016077
1075180.207996
1075089.668045
1074879.771611
1083974.401772
1086946.181634
1096284.295113
1099662.845850
1100398.414016
1109519.632481
1107835.276215
1111646.809491
1113958.797714
1114259.448084
1117049.165088
1119025.714469
1120847.408882
1118009.594342
1115929.854068
1123398.745053
1126746.528842
1125263.536279
1120559.168707
1126929.331263
1129595.806671
1126475.879494
1122035.910129
1110138.476628
1094011.186150
1096708.065169
1103608.332526
1104974.731983
1093130.081205
1083336.705830
1088841.042631
1095764.614256
1096887.001248
1097571.619671
1103245.411347
1106284.872153
1106755.030764
1100468.132529
1098199.970815
1099760.419397
1091475.261957
1093771.543436
1098386.672148
1102695.694807
1100825.984907
1095907.019183
1100278.575627
1099305.437919
1099500.790741
1098465.446693
1090613.673253
1093278.721687
1093235.806256
1085341.072483
1086474.744213
1086073.548521
1107797.300335
1109528.080386
1108652.855267
1113629.282985
1116075.882690
1123860.381532
1121714.605568
1121083.864615
1120238.072573
1116647.004660
1124653.064287
1160985.036471
1160949.130499
1170273.312993
1171304.746699
1167274.650421
1182164.884777
1181971.158842
1188757.336392
1194706.027187
1191597.947762
1189025.463733
1192052.574320
1201061.018067
1199746.048673
1197412.548697
1186998.208251
1198734.105487
1196979.279260
1194099.008825
1195589.426269
1199122.816532
1204042.403854
1202685.129526
1207218.138950
1197262.844806
1184009.611003
1173718.922428
1179520.715889
1182212.514384
1178259.964300
1181196.255368
1187842.556314
1197371.450343
1199611.174406
1196748.074245
1193774.343337
1194797.503813
1201776.651057
1204154.007832
1207136.431463
1210791.332505
1214571.385342
1211645.432041
1214006.586443
1216673.432948
1212394.435843
1220866.017010
1232187.707444
1236255.258365
1240481.058159
1243036.254805
1247439.797178
1253779.620049
1261036.378761
1261528.365746
1269776.630385
1264422.552540
1274783.689758
1279259.780322
1301086.726148
1303488.182510
1293295.821032
1298503.535847
1291483.612351
1284733.136203
1270400.106139
1267602.025498
1255479.540058
1225270.437578
1227248.775995
1205584.321698
1210359.625337
1210492.171606
1219659.622749
1222767.429172
1227685.899325
1221817.694049
1217556.453892
1211695.868762
1193411.812859
1209236.367583
1209151.675842
1216699.306079
1209463.298513
1209702.363408
1203849.434681
1202271.752996
1192791.031453
1199803.384420
1199582.508463
1187215.808870
1175990.590346
1184458.372226
1198706.303414
1187348.478933
1182766.744548
1184714.364144
1206748.597981
1221923.300239
1222636.721076
1224423.412427
1218834.080900
1209132.570492
1213904.193364
1221430.842927
1229158.967488
1229256.438340
1230752.204413
1235241.612397
1224960.322883
1229961.612644
1247642.690415
1244248.328713
1243102.940295
1246968.710386
1267284.438505
1275654.052283
1278002.098046
1283443.786711
1290344.116610
1287659.844960
1284121.940474
1286055.253637
1297814.665491
1303867.564016
1312344.296568
1303982.939108
1306262.321974
1303873.780817
1298866.034362
1302141.292828
1314940.569238
1311575.509267
1314505.046919
1313052.975322
1318006.750670
1325734.101484
1326858.478588
1328178.128384
1340629.143319
1341410.233272
1345254.306843
1339597.900050
1322572.385922
1326282.533677
1318585.924720
1329887.599866
1314821.979044
1317246.598854
1315485.699794
1316513.075560
1329953.240162
1322495.067552
1325437.113263
1319619.851294
1323373.822086
1341140.622273
1350562.394988
1342244.046935
1355035.085271
1355143.995882
1343791.200897
1341717.395599
1336922.223918
1338749.577272
1349069.509159
1360069.751090
1365458.199990
1368283.830361
1371524.186831
1376777.012494
1385277.368653
1396912.198012
1388013.222529
1379661.863166
1388583.484004
1398443.704174
1413337.784668
1424672.807201
1430725.919725
1414531.591610
1404957.851180
1411769.886243
1405238.861065
1416634.920620
1423280.593272
1424309.972789
1425607.195533
1426093.107987
1441543.020299
1442749.059016
1441568.705167
1432297.273881
1425598.282404
1408945.373740
1400334.868533
1401974.428382
1389203.665988
1388394.920394
1398192.573757
1407038.813647
1395469.686673
1396954.036573
1402757.937043
1407756.323329
1422653.424694
1421939.267651
1428156.012277
1428608.637070
1384029.695685
1387222.037585
1388824.487257
1345750.084553
1360241.577106
1362511.924665
1379465.738597
1379441.527601
1369453.188878
1373309.255121
1345604.787555
1337544.402915
1336430.548174
1317281.316922
1335658.334899
1337324.121658
1362806.182905
1358264.155699
1362831.806464
1369522.032028
1363909.492315
1375906.650541
1369391.894495
1360152.125884
1361934.302278
1354259.599315
1363761.881394
1363721.931648
1361592.375578
1349005.290398
1347202.060053
1347705.251980
1349858.065756
1365458.245792
1370378.550141
1375133.704660
1387435.568165
1383059.522360
1346419.373646
1354487.219345
1347677.508287
1357414.711783
1370414.980272
1380496.226957
1377391.443684
1367877.625162
1359407.842535
1361303.450598
1348456.998024
1331573.740950
1327462.422691
1329850.802442
1346124.814211
1349943.531787
1346017.793369
1361399.512372
1367155.597105
1374208.382190
1382369.855970
1384793.814542
1381451.367899
1372622.020589
1394912.243363
1391431.333733
1382750.969060
1393519.962631
1384708.654276
1373775.923170
1377181.005565
1371987.315326
1359104.883871
1362314.832033
1375659.693486
1400212.120079
1397681.347703
1411541.276953
1409234.043513
1404099.581272
1398913.855852
1394188.160572
1401533.977394
1396759.099179
1401397.675612
1415614.483114
1400903.541420
1396549.642048
1398689.506119
1411783.886958
1415506.220622
1415603.522494
1410406.412926
1397464.623542
1410673.060142
1415177.032077
1423930.169720
1424885.933747
1429900.284996
1442072.422323
1447290.856406
1453976.993854
1448902.676600
1434663.425787
1444214.647698
1447035.910931
1462643.760143
1485578.575238
1491423.520859
1483508.299665
1483929.125679
1493158.084712
1491722.208398
1492114.271249
1487803.345604
1487750.702010
1480860.087228
1492767.225790
1485219.702095
1498263.061399
1498013.525793
1486757.196966
1492418.170046
1454856.557393
1446795.449492
1441558.717003
1450159.755494
1446042.717813
1453601.423290
1461924.481915
1476715.638772
1478524.864979
1500150.458413
1494150.122466
1497412.255527
1485269.029380
1500045.316029
1507703.892276
1497104.472557
1504327.177911
1497123.350849
1505164.564002
1495208.618864
1490800.706013
1515317.093799
1524405.064459
1518653.045335
1519943.206488
1514907.249085
1510311.598963
1517062.720253
1519499.467448
1535881.162303
1530971.164258
1533380.274433
1533800.726860
1533747.882777
1534463.860087
1530644.707944
1542797.180031
1551052.413411
1547407.515356
1546707.709412
1526631.880024
1530263.424090
1527482.954614
1532714.690149
1532133.031570
1542404.046951
1551648.566958
1553229.092809
1535939.451596
1528810.436331
1523426.475626
1522710.316346
1521074.462953
1524763.022553
1526256.474808
1536248.278430
1527272.170598
1522276.789649
1498104.951025
1480704.805834
1458745.037550
1453640.924968
1451649.657859
1470635.082702
1470886.224405
1471318.904549
1472647.990873
1468671.087266
1476380.099572
1476273.996760
1479098.859144
1468299.970283
1469037.207618
1475519.382793
1477072.180235
1474755.222792
1483155.975856
1478203.800605
1487891.578663
1485683.358350
1487941.278321
1488336.943599
1484037.000997
1485100.780293
1491683.280881
1484958.202992
1490480.226535
1481825.438260
1521976.519974
1530908.234713
1529431.414410
1508868.952861
1512427.284571
1515022.695254
1510753.709128
1484473.057885
1479111.961053
1487814.789721
1485344.267126
1485315.089070
1479889.852077
1496112.995682
1492599.562128
1476718.942627
1488469.029876
1485031.144612
1500170.213090
1509638.767898
1523192.602993
1531092.935650
1536520.280126
1547175.591643
1547497.455854
1550123.733088
1548753.559993
1540753.063356
1531386.657059
1522639.432390
1518926.286508
1523834.270018
1527893.023284
1533181.000749
1527014.488688
1533123.066009
1525823.273122
1541212.921581
1539650.305798
1551317.413984
1533561.722420
1528429.206641
1518113.364083
1526752.897159
1522362.616090
1522351.335300
1518945.384715
1519391.574684
1519015.461655
1519782.483453
1529399.107848
1535839.733752
1548766.585667
1544340.671191
1551353.519956
1554205.305206
1551255.808378
1550473.349839
1562803.295057
1555451.633889
1548397.110567
1558651.087268
1560053.395434
1556510.995874
1548980.620922
1550118.716436
1560317.253614
1564248.763260
1578032.288400
1572376.596075
1569645.283558
1567897.803074
1570501.664286
1557467.209006
1553158.938515
1554659.401863
1504932.616797
1528897.823855
1530991.457802
1534080.502757
1534487.852076
1533929.858115
1542604.984050
1554157.728728
1551158.466706
1540126.142013
1541256.421544
1554206.838590
1553545.665579
1515389.792028
1503481.786540
1505412.582394
1487880.917797
1432629.244129
1450738.235869
1455114.101981
1468182.598048
1467793.302358
1425590.948918
1341362.883669
1337638.449578
1236412.991777
1266432.574114
1203731.228411
1214524.598649
1174219.256820
1167519.620000
1210218.609607
1146524.850491
1221220.033578
1262954.294003
1284352.009792
1257781.757465
1253082.402371
1293971.940542
1257404.464665
1247517.537415
1318947.206179
1307007.391834
1318872.350328
1312400.226476
1321047.385298
1341111.057513
1342166.015640
1312012.182672
1342011.694838
1358439.490602
1335141.882382
1346436.268022
1345197.077863
1361030.316673
1357041.737851
1307445.965415
1309058.867501
1315831.987540
1312222.089879
1320305.384450
1285604.075764
1289162.430899
1296415.640904
1287200.326814
1299228.086813
1288864.516849
1283429.486999
1280666.588962
1300768.595681
1306483.284824
1304481.019551
1331969.446500
1341832.595557
1357786.534598
1355182.533129
1378296.922268
1388557.339106
1378883.123813
1383289.472307
1344909.750905
1346426.794631
1332743.017581
1349525.955432
1352586.951223
1363538.258630
1380248.274137
1403106.498332
1375424.835709
1379727.690256
1371922.490776
1390850.199836
1405713.397642
1443147.907294
1444612.919475
1441672.858216
1448440.031610
1443286.694321
1456509.499969
1444099.022928
1454538.074470
1460124.882018
1469006.201009
1485124.784245
1494041.376499
1480176.273032
1478894.796455
1465711.432649
1463191.577903
1472429.488400
1467364.963365
1446770.913359
1449910.054352
1456971.814927
1470452.338705
