1000000.000000
999793.812267
996376.114989
991619.697074
983624.921602
977487.958394
978487.984271
978702.784160
987361.376870
994409.621775
994044.218203
993550.458997
994554.128163
998212.554410
998087.038795
1001291.136892
1002436.057415
1006586.723481
1009573.638131
1022460.750180
1026991.921682
1037158.514990
1041356.019929
1050204.116863
1039607.422082
1038978.345195
1043828.131395
1049311.309268
1051708.713349
1053960.711859
1072663.157686
1078534.001495
1082463.219725
1095392.705516
1093293.895868
1091487.532036
1102085.602625
1101964.443597
1105869.932489
1100577.546959
1104370.384588
1105129.792781
1103286.957747
1095041.614211
1090714.617149
1094853.028075
1100453.541587
1108356.466761
1108195.007780
1108311.859874
1099142.970462
1096019.283585
1095365.281253
1093707.264616
1094449.000398
1096045.254850
1091551.449817
1090927.743446
1103868.378717
1114554.023770
1121421.234176
1125786.840847
1130089.618741
1136233.865152
1137568.834917
1140352.614239
1141447.332152
1140368.273764
1148072.959508
1147548.089482
1145146.959210
1134992.100162
1137861.667526
1139697.219835
1148372.665096
1146549.295456
1143451.103980
1147728.720047
1145717.594994
1147136.205548
1143994.295398
1133764.189346
1124672.545915
1133334.577287
1140415.527052
1144980.934498
1124897.418279
1106928.255669
1118306.092098
1126671.523120
1129732.049759
1139362.460277
1144522.898012
1145630.805711
1146538.037684
1134618.730211
1128237.313283
1128472.720249
1120080.408294
1125167.678808
1132370.494094
1133933.571201
1131482.523974
1134712.045404
1142728.905578
1142733.807469
1137873.906820
1136087.837542
1128875.500688
1126564.116340
1127619.679522
1124832.042337
1124415.186388
1125321.693694
1150754.272985
1157487.821122
1159909.161689
1165273.913014
1169234.160382
1178562.594722
1177559.544369
1177955.934050
1178661.076251
1176325.374596
1176819.934531
1170848.850347
1178332.683774
1195186.204546
1190521.300747
1193211.324780
1195931.975433
1191859.939638
1199112.809661
1201853.384555
1210491.743033
1212436.223468
1215001.548799
1229679.409884
1228768.836419
1225417.396721
1219279.520247
1242751.539232
1239311.228157
1236112.373112
1244600.586030
1244799.673000
1251342.604419
1246822.336168
1245665.518637
1233601.012845
1224180.580455
1211797.037588
1220442.762599
1222949.133906
1222267.499496
1225000.069669
1238132.174148
1251750.221516
1249966.816298
1252221.402659
1247080.340962
1250998.755299
1255606.015841
1258999.124778
1265668.095703
1269730.288464
1269447.562950
1258882.265101
1266199.111914
1265604.656174
1269517.432380
1273479.388983
1276338.123192
1281491.917206
1294176.555529
1300946.637672
1308267.656541
1317992.345705
1326188.781828
1343604.911626
1352228.950401
1351082.037814
1353925.420029
1360505.702469
1376407.151996
1370081.069759
1360866.443228
1365761.844301
1356802.596857
1354110.638643
1349763.517649
1341591.497771
1324411.341743
1299723.211261
1293527.560069
1275934.263628
1282212.557237
1300187.841530
1326796.399535
1333272.458122
1334663.339811
1330804.803662
1325468.311287
1321085.493152
1310782.443689
1323775.369913
1330421.339624
1344018.729765
1328983.751771
1324644.318528
1328188.321841
1325638.170038
1317902.925921
1324403.893748
1322949.854978
1306119.518900
1293846.619504
1297438.553281
1295602.155820
1281449.848399
1281927.726490
1289419.408247
1294507.272867
1313887.768840
1315879.932419
1326518.099086
1324134.384827
1307006.399190
1308185.211665
1311589.277406
1317158.622602
1326043.212419
1327405.623385
1326096.875183
1317987.687395
1326691.288865
1328820.173046
1339339.915920
1332367.833761
1336575.033470
1355980.298645
1362473.150417
1366433.604956
1368844.391902
1375792.146226
1372520.192048
1375981.922668
1371237.126064
1378608.544486
1381055.094957
1381855.881951
1375188.681419
1380285.737884
1385332.207984
1383369.140175
1383366.516487
1397024.202920
1395360.394890
1410579.787981
1406833.491650
1414632.455611
1419445.289374
1417536.700521
1422563.925852
1434459.285432
1435013.953178
1448383.414279
1455286.587155
1427549.783660
1434453.549827
1425047.157828
1425948.896777
1415481.683781
1419047.804815
1404964.735850
1409422.510462
1426469.860066
1419466.604549
1421933.287688
1410429.765597
1420689.489147
1440609.118570
1440849.952155
1439560.620663
1450663.216414
1456560.571810
1455689.765394
1452249.299280
1445528.072388
1445923.858955
1462199.403688
1469708.704361
1475907.911307
1479865.303730
1473612.813519
1470701.003353
1466347.616866
1480215.595780
1472556.258399
1473318.331208
1477763.202862
1475937.669302
1497469.383275
1495687.492606
1504220.681519
1499022.887220
1496631.403506
1499062.417352
1492735.283555
1490469.352881
1485837.109365
1493082.840803
1505832.996226
1506044.572572
1522860.930470
1520658.402402
1519779.085781
1521039.132724
1523566.674859
1498786.737339
1486476.312077
1491357.081563
1486646.941855
1482764.727551
1489981.188212
1498315.769420
1485266.826513
1495006.204050
1502804.166556
1511135.036705
1524892.989344
1525934.970264
1532386.420603
1530971.418131
1479675.243028
1482475.860072
1459591.741726
1420725.766795
1442261.180571
1444175.789567
1460237.394770
1466763.866490
1460630.991641
1470776.814898
1443137.942298
1432531.115700
1447026.318442
1424720.647873
1422946.770832
1431072.567927
1460330.923948
1456068.326310
1462637.693132
1456610.744783
1454791.362577
1470714.116211
1460046.225921
1444536.939257
1456041.530890
1442039.661171
1454041.988796
1441267.754486
1435003.215294
1418450.169361
1407037.194301
1415141.909223
1420123.490385
1450228.659400
1446289.651589
1458647.110639
1475860.053823
1472103.269313
1440039.803836
1440942.366104
1435408.030693
1440570.944820
1451667.807879
1467751.165788
1459235.978681
1441684.813911
1429527.905306
1419749.773761
1406611.605087
1383535.842508
1371174.771418
1384914.913283
1399171.572733
1397754.325537
1382914.877453
1401405.957512
1410667.354500
1409914.071743
1423692.015565
1429337.298513
1431958.538267
1426157.716640
1458877.406951
1460868.647529
1457522.317841
1463834.590819
1458850.938915
1449475.597553
1455441.171852
1461190.853504
1447421.075543
1449766.149054
1461527.540565
1484567.942400
1491780.199632
1515149.948221
1511583.741769
1514200.105449
1510824.978251
1500872.994459
1508306.919214
1496848.507345
1507829.099166
1542571.138624
1524375.527996
1523137.720953
1521741.382484
1538272.887207
1531353.372035
1524523.681936
1509944.413277
1497711.141084
1512193.192611
1512851.660094
1523364.180824
1527749.959969
1531856.746365
1538543.252114
1542514.053622
1555783.953392
1553393.733440
1536314.234992
1536843.161738
1543911.599776
1554798.041665
1594100.220552
1599165.478515
1600322.842526
1595775.791674
1616474.395397
1613237.294917
1619253.088148
1605829.480062
1607089.358001
1597220.015228
1616209.039483
1609442.980251
1626528.291668
1625537.645944
1612103.380537
1611118.790047
1577970.483746
1568039.520054
1558539.971062
1566986.501690
1550321.336898
1550190.123905
1563231.721548
1577835.344827
1564603.699179
1558381.660604
1557041.416838
1551153.140167
1535772.973609
1543464.870414
1555166.558957
1556336.146583
1558669.619873
1550738.628581
1558969.940786
1558830.344709
1569565.501362
1601725.690069
1614920.694078
1607417.827973
1609932.384161
1603982.781306
1607475.922910
1622713.870833
1632358.072646
1650075.756226
1637734.926596
1639781.645291
1631822.006946
1630653.208061
1635567.867976
1636984.272195
1655214.211926
1663126.140637
1661009.041911
1653351.375661
1635481.503679
1631585.021458
1635423.944215
1639563.708695
1645426.936899
1675080.630789
1679774.658951
1684520.903803
1676974.233061
1674938.365742
1672055.285842
1681021.271458
1685041.846908
1685447.681286
1686203.412157
1695017.651021
1698647.341986
1689154.844288
1670813.611524
1660710.554472
1636060.053361
1635961.320154
1641578.738012
1666652.894514
1664557.895786
1663139.466891
1656589.880357
1665346.446202
1680662.790012
1687898.183842
1695599.982400
1698048.384144
1693881.023893
1681663.627076
1685503.590614
1698786.937931
1713589.673428
1712926.144936
1724285.267075
1736815.389679
1741391.981857
1735168.558067
1730367.281123
1736716.622242
1731123.477200
1731849.711379
1738225.908834
1733097.382784
1744209.397756
1731331.731485
1744563.114234
1746176.231836
1746313.807585
1742418.378051
1751736.765352
1737375.752466
1739505.024275
1767124.256084
1761677.634543
1762056.437742
1757072.417360
1766820.335170
1754570.901370
1703717.349527
1717129.088884
1727384.306584
1737338.897321
1747675.065253
1760185.519882
1774401.728210
1783370.959987
1800806.275620
1793242.950530
1802956.558834
1806728.408107
1793706.512344
1784309.127417
1782394.411794
1784111.353174
1782052.201254
1790443.558139
1793874.671558
1784987.903050
1784794.061549
1763093.855572
1781751.746797
1776206.588077
1787694.751137
1768940.573532
1759816.525080
1754774.599447
1764262.209089
1768354.188217
1780935.623120
1775285.298289
1779547.169402
1786108.550363
1778490.138290
1793879.554178
1802521.126718
1819293.320190
1820730.536594
1828272.902284
1829756.107830
1832559.456478
1832159.381982
1841320.782685
1835608.236393
1830857.777473
1839820.162124
1839729.787973
1832004.661162
1830788.777813
1830247.244990
1843823.703155
1853110.015289
1896295.637528
1895908.598774
1890949.144621
1892102.951616
1900914.378364
1891769.316555
1895665.896782
1894623.717661
1885189.431219
1928998.520249
1911986.209535
1911697.132794
1914908.754399
1920023.992578
1926496.445533
1946052.077305
1949792.467609
1947236.490472
1952868.627743
1976785.746357
1967681.977348
1916993.604363
1899933.521062
1901341.147321
1869950.564676
1816768.777602
1863563.978132
1856344.164930
1890955.406176
1889933.117824
1853282.748279
1768370.472315
1772737.301002
1661435.319055
1691380.138183
1584209.591851
1606223.570540
1546580.596417
1552964.018951
1604179.642353
1527257.200171
1641876.366032
1673920.173660
1724098.899442
1697508.188405
1698139.186655
1727998.012330
1662522.085827
1647246.623585
1752979.495212
1749038.512189
1757818.230914
1805711.537772
1811259.749937
1822580.273540
1831327.628825
1785201.308367
1820764.307047
1841257.839766
1824253.025806
1851213.836987
1840764.798417
1865476.144700
1882354.922992
1834898.993484
1833670.630314
1869991.483443
1866856.343500
1867469.613066
1831162.395850
1834563.591671
1857818.417215
1854089.405681
1867243.463670
1856651.092404
1857152.885315
1848038.599901
1868030.763283
1874883.232955
1876004.274546
1907024.781575
1917192.344214
1922933.848078
1921752.316821
1930428.244479
1950901.727996
1951708.532608
1965246.807641
1917799.114131
1909858.472200
1901844.496715
1925563.050977
1933309.352214
1939140.858986
1947268.369972
1974827.673074
1952512.863687
1975260.279861
1983477.778736
1995251.605345
2036067.106060
2109946.328989
2126402.076112
2123786.376705
2128704.791708
2129140.551232
2142684.655832
2129375.742542
2166287.857035
2187285.009773
2193508.809166
2239232.275518
2227131.047502
2203817.208768
2173754.295021
2154777.129152
2180010.443143
2192509.633277
2192019.001244
2180413.468282
2192847.751506
2207125.338999
2213496.880665
