1000000.000000
999793.812267
996376.114989
991619.697074
983624.921602
977487.958394
978487.984271
978702.784160
987361.376870
994409.621775
994044.218203
993550.458997
994554.128163
998212.554410
998087.038795
1001291.136892
1002436.057415
1006586.723481
1009573.638131
1022460.750180
1026991.921682
1037158.514990
1041356.019929
1050204.116863
1039607.422082
1038978.345195
1043828.131395
1049311.309268
1051708.713349
1053960.711859
1072663.157686
1074658.208479
1072654.954159
1077391.171875
1076535.595194
1078019.592712
1082890.050381
1089660.781370
1091608.326655
1083868.099415
1079933.533677
1081022.217189
1080450.530321
1071605.646254
1070972.221844
1082108.500505
1083122.170798
1088272.753674
1095373.633360
1093806.720610
1093311.837157
1091518.886099
1086823.728671
1083413.282697
1076813.930765
1084423.554723
1081681.430497
1081971.212097
1098321.556293
1109166.342154
1116177.918076
1123219.305105
1126933.186251
1129803.732636
1128739.786643
1138182.619063
1141936.439717
1144691.113955
1156927.521796
1158376.784590
1158931.592546
1151071.304761
1149791.396851
1148143.926894
1154609.380644
1157903.160240
1151418.414768
1152506.166776
1159835.767658
1157288.572498
1155446.345271
1142213.885943
1127984.496902
1143817.485811
1146704.059414
1140288.228394
1137971.370093
1132210.796908
1139616.446055
1147766.064139
1147000.991927
1150516.838769
1157338.869340
1160308.099493
1160217.869238
1155477.066702
1149968.780927
1147687.684522
1141019.045088
1147175.904392
1153031.688171
1157263.760671
1151694.089158
1155809.117024
1161881.007605
1162731.116856
1158721.802336
1155435.041801
1147804.917977
1144099.809672
1144023.420346
1143389.228908
1144127.243510
1146564.406486
1169913.980173
1176905.297649
1181381.781525
1187938.170296
1193768.379059
1204941.518109
1204532.555211
1205819.803655
1205737.553886
1198390.248690
1201472.130605
1210575.651170
1221492.775407
1262562.891835
1258356.732108
1255575.820408
1259660.253827
1261014.055171
1269765.315589
1275428.919779
1277111.665205
1279587.705903
1279578.849597
1291162.326318
1296174.646282
1293889.823527
1287844.945948
1304997.351289
1303480.442146
1306176.223400
1309916.765373
1312354.187672
1310875.032310
1306994.396981
1307759.199949
1292195.920582
1284811.020749
1273277.343750
1270634.953864
1277187.494322
1272664.056802
1271036.607091
1277163.098051
1294078.372397
1286031.143274
1289891.235036
1284410.221178
1282764.595557
1295376.079401
1300424.830172
1305924.817047
1306539.798869
1307035.305770
1299053.716000
1312552.179556
1310008.821870
1315294.016174
1329796.126159
1338370.414851
1347616.760949
1355851.356866
1365793.318312
1380144.867128
1382598.247279
1393497.339068
1396513.639763
1399544.470311
1402782.912006
1413199.455632
1434304.106946
1453934.347909
1450481.089346
1445289.917690
1447138.696810
1437911.703671
1449167.019520
1440806.954615
1429239.536493
1407108.399777
1378714.602171
1363034.445250
1353307.773242
1360709.871557
1384860.162848
1405079.908619
1416473.623410
1419786.231725
1410025.574322
1399154.173935
1393926.802548
1384722.537537
1396516.750845
1406393.903684
1413374.415807
1395854.953703
1396848.248250
1398333.790882
1390988.560793
1385300.672636
1394358.813244
1390545.354691
1373140.713445
1346441.311541
1358389.294788
1347956.468293
1330100.732375
1329465.994132
1337618.832860
1341623.557290
1366907.488881
1370193.858374
1378652.990074
1372213.279898
1361307.091624
1365858.134330
1368473.889088
1376572.554181
1376370.650493
1375803.350797
1379138.470382
1376265.828252
1386433.065393
1394482.650779
1399157.957443
1399714.968570
1401056.173889
1433343.694188
1441229.124491
1449122.386057
1451175.422543
1461285.687387
1454087.409186
1447638.700198
1442442.921836
1451278.522348
1455177.899373
1453064.554509
1448023.895156
1449419.126996
1451282.238035
1446602.461028
1442554.095989
1456420.693646
1459301.117934
1479952.328735
1480900.400553
1480262.082298
1482376.031983
1477448.619018
1478775.797437
1493644.155625
1494875.606889
1494399.968348
1497393.172583
1478037.944069
1488360.220514
1480432.590900
1480059.022020
1457361.509339
1456171.172039
1436952.079969
1436072.529385
1450006.913155
1439224.251832
1432869.530974
1436219.613819
1450708.988027
1471299.593990
1474231.849591
1473482.221279
1494289.586940
1499669.938923
1493019.286013
1494159.107552
1489652.206252
1491339.315925
1511220.376284
1516907.748409
1523405.443578
1530018.552664
1525510.121946
1525383.543862
1522110.365675
1529470.091539
1526181.416727
1517116.872324
1520325.644698
1525884.023932
1543470.540592
1547064.278439
1560460.816356
1551024.960427
1541926.762823
1549828.976185
1530791.157755
1524616.869588
1533431.704268
1544536.783382
1554772.856029
1558719.435624
1584439.630714
1592379.838337
1585771.619691
1580135.289883
1588766.486916
1562642.225202
1550171.324845
1556774.918318
1549015.981070
1545387.924153
1542917.785768
1558345.720654
1544248.034845
1555625.240008
1562781.665299
1583353.204057
1593112.898367
1604008.330564
1613480.327799
1620869.592379
1551546.945504
1556043.002726
1528521.116563
1483962.132250
1511439.452401
1503515.628168
1524744.499472
1521865.475162
1506068.767539
1522542.148170
1482143.943429
1460805.891698
1475140.699756
1446540.636313
1440658.769110
1430072.457539
1464099.450590
1474198.342963
1489490.920832
1474008.060265
1473643.052955
1489852.265991
1468331.610812
1444596.890096
1460120.424926
1440676.573706
1453612.952989
1437030.689785
1423292.649430
1408100.823299
1401863.443751
1410811.591674
1413495.790622
1445484.108823
1442163.020208
1454404.117998
1488767.677277
1472118.686033
1449918.409479
1435754.929919
1429765.130669
1434523.501520
1446027.639918
1452761.492687
1437294.337018
1425484.192242
1426150.961804
1403432.002224
1384725.630403
1354451.342259
1345228.676585
1360051.496552
1378446.353103
1384818.767348
1363885.944519
1392307.967420
1403648.360637
1405817.637527
1417313.557383
1420797.452015
1425269.757538
1413330.392276
1444939.278900
1447018.181068
1446984.881774
1468750.654525
1452068.877772
1448723.929505
1462514.881958
1473840.425826
1452434.912876
1450542.303492
1467307.245763
1491549.799149
1488361.731673
1506158.681900
1510514.076275
1518370.007387
1510645.925316
1503427.723355
1508199.183493
1503026.732325
1514705.301414
1544911.915932
1532083.376503
1536739.836276
1534624.599520
1560160.304459
1560545.906689
1555068.811494
1538210.663600
1527501.518178
1550715.039028
1554473.391696
1565674.685607
1571322.389660
1583874.092648
1602899.851083
1604374.684451
1609246.101446
1604948.599946
1583195.870558
1590112.698439
1596165.408714
1610058.405136
1654437.323925
1661881.798418
1665113.767676
1667463.920672
1690035.224851
1686743.115423
1694008.457227
1683554.735744
1680869.146636
1680909.451301
1708805.274514
1710202.247718
1725423.913314
1728909.170880
1716355.519933
1714100.264603
1669905.903493
1659318.757841
1640697.596799
1656720.898186
1627829.350026
1630661.513328
1651098.266956
1662341.991286
1647878.265527
1648586.916069
1652733.448803
1647418.626293
1627034.045556
1636759.449269
1647187.651152
1644388.784206
1649062.306274
1637190.400992
1636682.359971
1639852.843810
1639908.007701
1675867.972738
1696924.701545
1689827.752300
1692999.570471
1688941.297195
1688849.579985
1706114.359877
1714805.607804
1742846.211502
1731391.422172
1737175.224404
1721297.907727
1725494.784549
1737027.233111
1730900.964330
1757833.941334
1759338.607086
1750911.967319
1745388.334922
1726534.103322
1724734.942847
1727593.202319
1734580.766666
1741554.156641
1747537.244426
1746035.892925
1744531.004327
1731943.266961
1733202.096778
1741192.594517
1745703.264406
1744275.620863
1748257.306266
1748521.628621
1754088.767669
1753016.476032
1742038.720762
1726348.762110
1710648.417400
1677305.826708
1676855.623900
1676267.391467
1708540.176091
1698466.644894
1716341.240632
1710006.255576
1721188.187465
1740319.819690
1739899.493430
1745640.444407
1747059.657559
1744181.969685
1736779.456450
1733977.753772
1740686.509816
1753710.892580
1746013.573173
1758684.647398
1774859.425929
1777062.051984
1773714.760469
1763341.144393
1771653.207151
1764183.625907
1757761.955830
1771141.225305
1760626.616044
1771060.094971
1766400.538654
1772233.648856
1778384.748946
1782824.168172
1776127.395439
1777164.261305
1768272.415572
1768706.400804
1788483.448157
1796850.672243
1812491.627555
1804627.073333
1818376.390151
1805915.832312
1803072.634257
1805657.360947
1815022.460448
1831324.214548
1840064.624166
1845287.420918
1847203.099941
1855727.256261
1872346.739007
1874604.507246
1875658.849000
1878605.038917
1868765.257882
1856088.339691
1862190.244711
1863641.021134
1859680.641596
1869898.692744
1868909.294473
1862817.703861
1861270.241834
1849210.148380
1868031.814997
1863166.456190
1875306.774864
1851201.520131
1840548.599903
1834254.321277
1841278.960681
1844810.458564
1860692.101707
1851293.606059
1847816.073405
1855725.053376
1856028.804651
1879109.725176
1886695.898634
1902016.552144
1903565.003115
1914022.996367
1913891.515700
1912599.345841
1911954.660476
1925580.888591
1922053.671215
1916268.781108
1927194.198643
1917618.632028
1914483.369701
1917351.525062
1917111.031586
1932491.804909
1935338.011735
1951128.970782
1940021.513267
1935188.353246
1939734.440419
1942409.627285
1924298.148200
1925353.174102
1912336.358070
1861657.186709
1897214.073179
1907133.819932
1921394.847510
1921218.630987
1930575.657368
1947119.673189
1960158.525825
1954423.541991
1961719.650432
1963115.872376
1981409.674979
1978866.250998
1909510.743176
1888081.831681
1892846.317730
1861681.446576
1824999.181258
1862473.298755
1860196.522951
1893118.607643
1899963.460980
1864114.562597
1768529.167739
1786427.922829
1678347.444932
1728766.378932
1619993.198586
1647592.031534
1607438.187028
1599083.592282
1641590.906848
1581760.102486
1666184.642267
1697503.535089
1729759.882054
1710644.782042
1713708.089709
1738087.773445
1681031.655578
1674201.715887
1760965.746678
1755920.597687
1770611.865401
1801279.917402
1819126.759139
1848386.929705
1848341.747249
1797635.033758
1841313.254950
1861615.828889
1852216.777473
1876810.265979
1871422.244924
1904275.480706
1923403.201941
1888801.927775
1897223.775305
1927297.285245
1912541.482988
1916527.528828
1894617.420206
1901666.144924
1920366.437254
1919297.268300
1937504.153241
1930232.126451
1914403.714083
1905963.409839
1920811.786974
1929941.883349
1934645.308777
1974401.275878
1981492.838831
1990775.402348
1992270.228388
2010431.547795
2016623.236577
2021598.493163
2040753.654003
1984262.506943
1989838.684522
1977429.545604
2002251.428553
2009192.413843
2015902.352188
2041294.507819
2060321.998206
2043871.603722
2047417.331289
2055033.621228
2084754.341009
2121013.825273
2224460.380907
2239594.948545
2237878.005196
2249106.479253
2240486.733274
2244716.824192
2228213.478361
2224536.683364
2200762.058561
2211826.096395
2252343.436493
2255308.164029
2246836.172274
2224932.088609
2200301.936813
2211789.270777
2227063.067454
2235048.348665
2225925.145991
2242690.973182
2245799.771110
2274456.732216
