1000000.000000
999938.438925
996381.318074
991769.363361
983840.998852
977666.766908
978634.118832
978698.286293
987096.680333
994168.251667
993896.850120
993538.451858
994581.755938
998219.003968
998025.597009
1000983.186334
1002010.183285
1005924.640224
1008957.179259
1021892.076115
1026431.561331
1036465.487135
1040657.470849
1049437.784909
1039153.631382
1038281.597413
1043311.309634
1048850.387698
1051769.221705
1054040.919885
1072452.624040
1079299.505226
1085323.006464
1086893.387232
1087688.936108
1092360.095679
1096424.889998
1095841.967933
1106318.641100
1103487.577345
1095118.199770
1096549.971225
1094968.553713
1087460.224567
1089083.476150
1098435.555394
1098903.818825
1107866.319175
1115294.393964
1118569.647963
1102693.479866
1099038.971584
1091800.502020
1086768.489911
1077995.941314
1079441.305386
1076250.247500
1073681.255963
1082769.485247
1093375.367600
1105824.510885
1109623.966827
1112298.540344
1117043.481253
1121199.672176
1126324.789196
1128526.869733
1130823.133891
1142702.674092
1144885.530852
1148654.304953
1143268.592462
1144761.767878
1145412.207662
1154092.701450
1160372.488141
1159872.146837
1162660.738660
1166902.251901
1164903.834854
1160579.436180
1144582.722084
1134570.061247
1141740.198997
1146091.984296
1137801.091592
1135225.979577
1129062.115907
1135735.950500
1138952.763246
1138506.776579
1136777.387956
1142547.222594
1145561.161830
1144469.400003
1139809.231493
1136241.253101
1135757.330213
1131711.309612
1134447.163905
1136198.226070
1138783.140919
1130286.794114
1142063.696324
1148562.291169
1148604.014621
1145361.266549
1144774.844339
1140107.222698
1138628.641891
1144551.284001
1143208.800675
1143268.763132
1146246.122721
1167571.212762
1174753.305518
1177386.145930
1180340.526728
1183938.348758
1188717.689914
1188538.877202
1197526.598603
1190285.082941
1184201.342382
1186742.903372
1191574.900166
1196231.577078
1214660.669129
1211291.681703
1212200.672232
1225931.296623
1221800.008060
1231226.230090
1232150.076175
1231700.588210
1230129.233739
1231145.005196
1244581.684295
1250675.289447
1247286.101091
1237076.398769
1252581.101907
1264077.084854
1263957.219831
1271302.896821
1272373.855526
1266455.867528
1261714.726521
1263668.098747
1241362.900494
1230978.633773
1222345.545112
1223807.969940
1232530.314729
1233789.811576
1236602.142341
1243299.106388
1258211.497057
1257325.439348
1253384.827486
1247314.428220
1249805.446227
1256356.315645
1261041.295888
1266744.418727
1271121.060586
1269324.697711
1259854.407631
1259658.104114
1263895.176929
1261901.548436
1271950.542103
1276741.997938
1281333.377405
1285577.969436
1291776.039166
1303926.487865
1306894.050344
1310576.359852
1308261.110596
1314039.434650
1314503.818943
1326963.853064
1324668.177138
1342950.785413
1332962.705979
1322693.099106
1331309.213983
1318639.790282
1322951.332701
1318661.265900
1303782.371257
1293679.482363
1278546.460491
1258965.690907
1252206.304935
1252747.963384
1268166.395823
1275170.997410
1287869.585588
1292919.082576
1284439.944025
1280973.626364
1274437.745136
1270250.378952
1281093.685991
1284449.203674
1293635.178452
1279394.637519
1271143.285781
1266574.716228
1265298.725185
1246775.795914
1247646.548050
1245956.710293
1227773.511994
1208210.835652
1229958.583575
1226752.083594
1231488.368414
1232513.569133
1238677.832685
1249764.282036
1271392.318640
1269742.962311
1267065.603467
1263925.963469
1254495.675927
1261073.473187
1271919.122546
1271502.755469
1270310.766529
1271712.095537
1274009.546891
1263217.996177
1267676.993543
1280337.729541
1278767.811808
1275603.674540
1284368.211533
1309724.749633
1319060.189354
1321864.185058
1325287.614939
1326745.590622
1318925.552695
1312798.897713
1309397.007795
1307668.861685
1315660.666915
1313110.701817
1313770.724163
1316137.447093
1319624.436772
1315693.730704
1319814.267698
1332585.839388
1339419.250582
1357686.205506
1357740.699352
1361160.970076
1372376.291785
1370213.482728
1376820.148947
1379978.116897
1378971.440135
1381927.620060
1376143.497949
1356605.002972
1359498.513418
1352170.144861
1348067.065106
1318906.669404
1323606.583954
1317457.360522
1322445.586455
1328579.362745
1321351.151460
1325156.510249
1321747.505444
1334545.293095
1353606.327148
1356526.402134
1348927.143132
1365487.277101
1372012.161128
1355007.122373
1360545.141441
1358246.432819
1366168.327290
1375646.855468
1378808.496536
1388577.840837
1401560.435627
1410031.481265
1410451.565187
1406066.283287
1418104.262597
1411877.973785
1399995.057273
1408741.150235
1410649.280248
1425388.386499
1431484.824051
1434095.423235
1422344.574680
1415696.723892
1423994.683782
1412504.693464
1399310.918076
1405039.826533
1406025.040583
1415878.473684
1418386.715780
1426462.347348
1422818.107485
1416657.398201
1409347.359187
1411787.219015
1389975.027096
1383817.776334
1384660.384952
1398813.246173
1389857.474431
1393155.165292
1399463.707716
1390297.178912
1385580.014817
1389788.134378
1394401.630284
1407006.549484
1416340.220811
1425776.991482
1422995.543354
1373051.259579
1379396.645032
1353860.978407
1313729.580934
1340189.644017
1335276.537913
1352794.945919
1351842.465910
1329702.347383
1344823.321210
1323424.167917
1317248.953146
1327203.714243
1309910.334466
1307364.169692
1311455.610144
1333170.591026
1338644.193553
1337365.276987
1336233.025779
1327625.910467
1335620.304831
1312805.976085
1299445.783567
1307590.399810
1302199.245857
1313186.515585
1311753.968977
1304997.946433
1293584.522181
1289444.459539
1298667.131392
1299185.044475
1317986.525533
1319554.187254
1321438.536457
1347548.001238
1336692.865638
1313218.025934
1307135.979047
1297152.018400
1299539.510100
1307140.420817
1311526.845373
1299589.155249
1288219.640271
1278642.248928
1271764.110361
1250405.397894
1226291.528420
1218118.943046
1231492.334034
1245906.379479
1237424.429669
1217242.792365
1241690.541231
1244768.573312
1245753.053043
1250372.842277
1251142.455645
1251161.275632
1244205.045919
1268467.969836
1267359.840067
1267730.785142
1282696.203111
1263652.020701
1254879.694423
1268507.343189
1275862.245955
1260893.372884
1262703.309630
1285984.595354
1308417.613078
1305016.032605
1327998.101888
1329611.639231
1332457.179005
1322083.128253
1314192.273833
1318348.450466
1312691.546443
1324493.238317
1350754.245541
1340201.803943
1334754.437938
1332551.596729
1343786.302452
1343601.946865
1348557.599574
1336375.306645
1332474.440499
1342744.744823
1352680.078754
1363521.816142
1363966.948629
1369142.517993
1378877.362825
1384875.631285
1390896.159329
1373733.014280
1356435.371014
1359347.261097
1362035.190830
1367650.893010
1402430.157739
1409755.476754
1413188.216271
1412925.946758
1431276.884031
1431215.229705
1430314.297175
1423297.936510
1423858.901477
1425272.695387
1445023.089853
1438790.482955
1452275.327001
1447087.437260
1442130.081651
1420615.836171
1377418.840413
1365236.899598
1359711.640989
1367776.585614
1344024.623179
1346943.487629
1356898.565027
1365677.898203
1356474.117733
1377156.630003
1377399.748800
1361765.879528
1346055.195274
1356225.484976
1360612.534285
1356797.449668
1359839.911549
1345194.713840
1340856.325427
1342895.858966
1345756.627470
1368748.721450
1380859.043744
1374183.755253
1375513.985155
1371955.014566
1376626.469580
1395141.790866
1398044.390228
1428298.711915
1422955.513646
1421538.154406
1408789.792648
1404395.581214
1411747.056029
1408382.692772
1425844.450937
1427753.437405
1425364.576485
1417506.521690
1406150.311349
1407606.435342
1409504.836597
1408190.478877
1413088.528171
1421126.397982
1422048.158932
1419402.038901
1410185.146908
1404032.433756
1404702.368798
1407997.503328
1406911.930879
1393926.364190
1397821.376792
1402406.115099
1404807.385663
1397178.948976
1384959.986720
1365146.971615
1331212.240429
1327814.995674
1325181.445829
1343150.481315
1337512.237914
1338722.430627
1322289.582106
1325612.404921
1336100.530347
1331462.450752
1338434.132830
1331690.228429
1312145.522335
1306019.346877
1308467.304041
1320155.489252
1324000.510730
1319631.732024
1329993.997747
1332018.237632
1334548.249011
1334530.215667
1345339.034805
1347957.445312
1338685.796480
1334080.621781
1342403.063268
1340909.786817
1361027.611264
1366896.572826
1363455.862998
1379627.648805
1381687.096096
1375566.462703
1375568.520890
1365943.073952
1363771.954959
1373059.103117
1379408.478777
1381456.721176
1380087.511173
1390711.161567
1380893.699947
1388509.416381
1396670.814538
1412464.450537
1418537.406386
1417003.615800
1422266.941616
1434986.592302
1442166.022391
1449555.825910
1449839.474876
1455871.122979
1455676.917312
1449291.228884
1443187.932250
1443641.482327
1444351.806119
1449552.533444
1457714.356380
1459089.716268
1452470.725540
1454174.797989
1451861.463959
1468708.167628
1465612.237652
1473772.618398
1456007.031780
1452440.422181
1445029.680657
1447068.741914
1446438.318805
1454891.136166
1450425.302051
1452115.956544
1453432.802118
1460026.937416
1478980.613371
1488973.679912
1499581.180591
1507197.862236
1515666.137497
1518364.536614
1519594.850655
1519670.196879
1530635.239013
1524171.076020
1519540.745279
1538112.715102
1544236.627824
1540187.363803
1543556.279107
1542236.537630
1554801.895912
1556650.579718
1566419.361456
1563388.185334
1554897.913489
1560483.465227
1570247.495416
1571260.393013
1566346.273270
1566413.702881
1544643.824064
1575088.000320
1586646.909261
1599054.650536
1596385.421773
1601003.279976
1610349.080485
1612810.566870
1605596.940146
1606198.611165
1605203.012522
1618819.936023
1616987.630446
1563271.810766
1534964.778003
1542679.290189
1511640.130157
1464156.191657
1492154.695870
1486280.342335
1507967.145241
1507279.356337
1473021.648669
1364524.179766
1369284.756935
1269294.762724
1294619.133712
1208846.768111
1228016.353591
1197155.224931
1221227.529058
1226210.953218
1161427.113222
1244540.407999
1285345.211295
1302970.773026
1264186.419937
1263414.399365
1288711.122229
1247043.864611
1248106.913923
1311418.739105
1305776.133513
1319345.324497
1326482.144122
1335501.831927
1349512.223908
1350339.837224
1311885.872309
1347894.655980
1359560.178246
1357794.164371
1368464.295305
1367981.732353
1390098.797306
1381005.689921
1333061.149061
1339501.167561
1358571.086196
1349253.883128
1353020.753269
1338929.268735
1349297.658317
1357453.105236
1347213.485555
1359508.676241
1349695.642018
1342833.373836
1340587.720271
1362275.871982
1368973.378162
1357434.155505
1375702.446008
1380662.075300
1385236.859614
1377199.273150
1393476.227902
1398478.036492
1390199.641333
1415638.311944
1366329.357786
1370011.893233
1359927.185473
1380763.218475
1385796.129526
1394807.032890
1402376.365304
1409196.844455
1380547.839742
1388623.269420
1399756.659195
1425605.316078
1447753.524566
1488933.505945
1490395.517295
1488443.776577
1495710.064896
1487484.660359
1486166.768198
1484661.003334
1489954.407379
1492886.253849
1499320.908963
1516309.095307
1518214.973022
1515609.629136
1507189.005879
1487968.081376
1493521.806539
1501623.195668
1501223.353856
1481363.246408
1486827.996239
1486449.447846
1506375.303605
